[0,0,0,0,0,0,0,0,1048576,0,0,0,0,32768,0,0]-[33587200,4,8,2048,0]
[0,0,67108868,0,0,0,8192,0,0,0,0,0,0,0,0,0]-[6291456,64,0,4,0]
[0,0,0,0,0,256,0,0,0,0,0,0,262144,128,0,0]-[268435456,256,8388608,201588736,139264]
[0,0,0,0,0,0,65536,0,0,0,0,0,0,128,0,0]-[262144,67110912,1073741825,1610616832,131072]
[0,0,0,0,1024,0,0,0,0,0,0,33554432,0,0,0,0]-[0,131080,2112,0,0]
[262144,0,0,0,0,0,0,0,0,0,0,0,1048576,0,0,0]-[25166336,41947136,1048576,68174084,14848]
[0,0,0,0,512,0,0,0,0,0,0,0,0,16384,0,0]-[262656,0,2048,4,0]
[0,0,0,0,0,0,2048,0,1048576,0,0,0,1048576,0,0,0]-[0,16,0,1074266113,0]
[0,0,0,131072,0,0,0,0,0,16777216,0,0,0,0,0,0]-[8,2048,32,131072,0]
[0,32,67108864,0,0,0,0,0,0,0,0,0,0,0,0,0]-[42473473,100814900,3225453056,153915410,1051844]
[16,0,67108864,0,0,0,0,0,0,0,0,32,0,0,0,0]-[8,2147484160,33554464,8192,0]
[0,0,67108864,0,0,0,0,0,1048576,0,0,0,269484032,0,0,0]-[18874368,512,8192,0,0]
[0,0,0,0,0,0,0,0,1048576,0,4096,0,0,0,0,4096]-[16384,4194304,8388608,0,128]
[0,0,67108864,0,0,0,8192,16,0,0,16777216,0,0,0,0,0]-[0,67108864,0,33558560,0]
[0,0,0,0,67108864,256,0,0,134217728,0,0,0,0,0,0,0]-[1048576,8192,0,4,4096]
[0,0,0,0,0,2147483648,0,0,0,0,0,0,0,128,0,0]-[268435652,2214726016,541196802,805310482,295208]
[0,0,67108864,0,0,256,0,0,134217728,0,0,0,0,0,33554432,0]-[0,67108864,0,16777216,526336]
[0,0,0,0,0,0,128,16,0,0,0,0,262144,0,0,0]-[524288,0,16809984,256,0]
[0,0,0,0,0,0,0,0,1048576,0,0,2048,1048576,0,0,0]-[65536,16,8388608,32,0]
[1048704,0,0,0,0,0,8192,0,1048576,0,0,0,0,262144,0,0]-[131072,0,0,301989952,0]
[0,0,1073741824,0,0,0,0,16,0,0,0,0,0,128,0,0]-[49152,2048,0,268435456,0]
[0,64,0,0,0,0,0,0,0,0,4096,0,0,0,0,0]-[1073741888,2164654352,33620160,67487236,69664]
[0,0,0,0,67108864,0,0,1073741824,0,0,0,0,0,0,0,0]-[262144,16777216,16777216,128,0]
[0,0,0,0,32,0,0,16777232,0,0,0,0,0,128,0,0]-[16,2048,0,134217856,0]
[0,0,67108864,0,0,0,0,0,0,0,0,0,0,0,0,1024]-[67110956,2415960601,304122896,2298488592,557184]
[0,0,0,512,1,0,0,0,0,0,512,0,0,0,0,0]-[4112,0,4096,1024,0]
[0,0,67108864,0,0,0,0,0,0,0,8192,0,1048576,0,0,0]-[4097,268435456,0,0,1048576]
[0,0,0,16,0,256,0,16,0,64,0,0,0,0,0,0]-[524288,0,0,16448,16384]
[0,16777216,0,0,0,0,0,0,0,1,0,0,0,0,0,0]-[0,4194306,512,131072,0]
[0,0,67108864,0,0,0,0,0,16777216,0,0,0,4096,0,0,0]-[2,0,1280,0,128]
[0,0,0,0,0,256,0,0,0,0,4096,0,2147483648,0,0,0]-[256,8448,134217728,0,0]
[0,0,0,0,0,0,8192,0,0,0,0,0,0,0,128,0]-[0,2147483648,0,2097152,2359296]
[0,0,0,0,0,0,0,24,0,0,64,0,0,0,0,0]-[0,0,258,2304,0]
[0,0,0,0,0,0,0,0,1048576,0,512,1073741824,0,0,0,0]-[2181054464,0,64,0,0]
[0,0,0,0,0,0,0,16,1048576,0,0,0,0,0,0,2048]-[2147516416,1048576,0,2048,0]
[1048704,0,0,0,0,0,0,16,0,0,0,0,0,0,0,0]-[262144,0,8192,139264,0]
[0,0,67108864,0,0,0,0,134217728,1048576,0,0,0,1048576,0,0,0]-[32768,0,33554432,512,64]
[0,0,0,0,0,0,0,0,0,0,67108864,0,0,128,0,0]-[269893636,8390721,1084670083,772092040,2135206]
[0,0,67108864,0,0,0,0,0,0,0,0,0,1048576,0,4,0]-[58720258,50389080,337643524,137364049,2098178]
[0,0,0,0,0,0,0,0,1310720,0,0,0,0,128,0,0]-[132,536870912,8421408,67108864,663556]
[0,0,0,0,0,0,0,0,0,0,0,0,1073741824,536870912,0,0]-[536870912,0,32768,266240,0]
[0,0,0,0,0,0,0,16,2097152,0,0,0,0,0,0,0]-[2147484160,8389632,134348800,24576,262152]
[0,0,0,0,0,0,8192,0,0,0,0,0,1048576,536870912,0,0]-[32768,33290,33554432,131072,0]
[0,0,0,0,0,256,0,0,1048576,0,0,0,0,0,0,524288]-[0,8388864,8388672,0,0]
[0,0,0,0,0,0,0,0,1048576,2097152,131072,0,8,128,0,0]-[16384,0,0,2097152,1048580]
[0,0,134217728,0,0,0,0,16,1048576,0,0,0,0,0,0,0]-[0,66048,8390656,0,0]
[0,0,67108864,1,0,0,0,0,0,0,0,0,8,0,0,0]-[4194304,512,1073742848,0,0]
[256,0,67108864,0,0,0,0,0,1048576,0,0,0,0,0,0,0]-[2097152,528,0,0,4]
[0,0,0,0,0,0,0,0,0,0,64,0,8,0,0,0]-[0,32768,8194,262144,0]
[0,0,67108864,0,134217728,0,0,0,0,0,4096,0,0,0,0,0]-[2623489,0,0,0,0]
[0,0,0,0,0,0,0,0,16777216,0,0,0,0,0,4,0]-[2,0,64,4096,524288]
[2,0,67108864,0,0,0,0,16,0,0,4096,0,1024,0,0,0]-[8388608,4194369,0,0,0]
[0,0,0,0,0,0,0,0,0,0,0,0,2048,128,0,0]-[268566544,536874017,786434,268698256,262144]
[0,128,0,0,0,256,0,0,1048576,0,4096,0,0,0,0,0]-[65536,0,1073741904,0,0]
[0,0,0,0,0,0,8192,2,0,0,0,0,1048576,0,0,0]-[0,1048584,0,512,2]
[0,0,67108864,0,0,0,0,0,0,0,0,128,1048576,0,0,0]-[4096,268435460,1107362304,16777312,66560]
[0,0,67108864,0,0,0,0,0,0,0,256,0,0,0,0,0]-[69206056,83894789,17428,2149056512,4]
[0,0,0,0,0,0,8208,0,0,0,0,0,0,0,0,0]-[524288,1073741888,0,2147483648,4160]
[0,0,0,0,0,0,0,0,0,4608,0,0,0,0,0,0]-[128,134217728,4194304,16384,1088]
[0,0,67108864,0,0,0,131072,0,0,0,0,0,0,128,0,0]-[2,603979776,0,0,131072]
[0,8388608,0,0,0,0,0,0,134217728,0,0,0,0,0,0,0]-[65536,2,0,16777216,1024]
[2048,0,67108864,0,0,0,0,0,0,0,0,0,1048576,0,0,0]-[2097152,335595520,0,16843008,128]
[0,0,0,0,0,0,0,0,0,0,8,0,0,0,4,0]-[0,32768,67108868,0,512]
[0,0,67108864,0,0,0,0,0,0,0,4096,0,262152,0,0,0]-[524288,8192,0,33619968,0]
[0,0,0,8388608,0,0,0,0,0,0,0,0,0,0,33554432,0]-[142606340,4718852,2148532224,67633152,2048]
[0,0,0,0,0,0,0,64,134217728,0,0,0,0,128,0,0]-[268435456,256,2097152,16,0]
[0,0,0,0,0,0,8192,0,1048576,0,0,0,0,0,33554432,0]-[0,384,16777216,64,0]
[0,0,67108864,0,0,0,64,0,0,0,0,2048,0,0,0,0]-[0,0,32,1048580,2]
[2097152,0,0,0,0,0,0,0,1048576,0,0,0,0,128,0,0]-[49157,0,1073741856,268435520,0]
[1048576,0,65536,0,0,0,0,0,0,0,0,0,0,0,0,0]-[67108864,524288,262144,4194304,0]
[0,0,0,0,0,0,0,0,1048576,0,8,536870912,0,0,0,0]-[16777216,1073741824,0,2214592512,0]
[0,0,67108864,0,0,0,0,0,0,0,2048,0,1048576,0,0,0]-[0,2147491840,1048576,33,1]
[128,0,67108864,0,0,0,64,0,0,0,0,0,0,0,0,0]-[71303232,872809536,67674112,2164260864,524546]
[0,0,67108864,0,32768,0,0,8,0,0,0,0,0,0,0,0]-[0,0,1051648,16,20]
[0,0,0,0,0,8192,0,0,0,0,0,0,17825792,0,0,0]-[536870912,4,4096,0,4096]
[0,0,67108864,0,0,0,0,0,0,0,0,0,0,0,131072,0]-[151060517,17043785,1081674272,16814752,2050]
[128,0,0,0,32768,0,0,0,0,0,0,0,0,0,0,0]-[128,67113024,0,0,0]
[0,0,0,0,0,0,8200,0,0,0,0,0,0,0,0,0]-[1048576,0,0,268435456,1049088]
[0,1,0,0,0,0,0,0,0,0,0,32,0,0,0,0]-[2097152,0,0,128,12288]
[128,0,67108864,65536,0,0,0,0,1048576,0,0,0,0,0,0,0]-[16777220,0,0,768,0]
[0,32,0,0,0,0,0,0,1048576,0,0,0,8,128,0,0]-[2049,8388608,0,0,128]
[0,0,0,0,0,0,0,0,0,0,0,0,8,0,0,64]-[603979776,4,2,536870912,0]
[0,0,0,0,0,0,0,0,0,0,0,0,8,536870912,0,0]-[604241942,25165824,2166489600,1610907905,8]
[131072,0,67108864,0,0,0,0,0,0,0,0,0,0,0,33554432,0]-[0,2048,268959744,150995008,0]
[0,0,67633152,0,0,0,0,0,0,0,0,0,1048576,128,0,0]-[32768,0,2097152,134217732,128]
[0,0,0,0,33570816,0,0,16,0,0,0,0,0,0,0,0]-[0,0,4352,4096,8192]
[0,0,0,0,0,0,8192,0,0,0,64,0,1048576,0,0,0]-[1048576,0,0,33558544,0]
[0,0,0,0,0,0,0,16384,150994944,0,0,0,0,0,0,0]-[65552,2048,1073741824,0,0]
[0,0,67108864,0,0,0,64,0,2048,0,0,0,0,4,0,0]-[0,64,65536,524292,0]
[0,0,0,0,0,0,0,0,0,0,4100,0,0,0,0,0]-[1082146817,71443456,1073741952,18432,69632]
[0,0,0,131072,0,16384,0,0,0,0,0,0,1048576,0,0,0]-[0,512,33554432,0,1056]
[0,128,0,0,0,0,0,0,0,0,0,0,1048576,0,0,0]-[968038274,2247252719,1587882327,1396333314,2449860]
[0,0,67108864,0,0,0,0,32768,0,0,0,0,262144,0,0,0]-[524288,16384,1048576,35717120,2]
[0,0,0,0,0,0,0,2,8192,0,0,0,0,536870912,0,0]-[1207959584,2,0,0,0]
[0,0,0,0,0,0,0,65536,1048576,0,0,0,4194304,0,512,0]-[0,2,4,65536,65536]
[0,0,0,0,0,0,0,16,0,0,4096,8388608,0,0,0,0]-[65536,8192,1073741824,131072,0]
[0,0,0,0,0,256,0,0,0,0,4096,8192,1048576,0,0,256]-[0,1024,1082130496,0,0]
[1048576,0,67108864,0,0,0,8192,0,0,0,0,0,0,0,0,0]-[67174400,0,4,65536,0]
[1073741952,0,0,0,0,536870912,0,0,0,0,0,0,0,0,0,0]-[134217728,0,8,3221225472,0]
[128,0,0,0,0,16777216,0,0,0,0,0,0,0,0,0,0]-[67108864,0,16384,16384,4128]
[0,0,0,0,0,0,0,16,0,16777216,0,0,0,128,0,0]-[262144,0,1073741828,2,0]
[0,0,67108864,0,0,0,0,0,0,0,2097152,0,0,128,0,0]-[0,16777280,1048576,0,4]
[0,0,67108864,0,0,0,8192,0,0,0,0,0,0,0,1,0]-[2048,2147483648,2097152,1024,0]
[16777216,0,0,0,0,0,0,16,0,0,0,0,0,0,0,0]-[2147573776,134217792,524290,2147500048,16432]
[0,0,0,0,65536,0,0,0,1048576,0,0,0,0,0,32768,0]-[256,0,1073741824,512,1024]
[0,0,0,0,0,0,0,8,0,0,4096,0,0,536870912,0,0]-[262144,16777216,512,0,128]
[0,0,67108864,16,16384,0,0,0,0,0,0,0,0,0,268435456,0]-[0,64,0,4195328,1024]
[0,0,0,0,0,0,0,0,0,0,0,0,1048608,0,0,0]-[536870915,16388,262144,4194304,8192]
[0,0,0,0,0,0,0,16,0,0,0,0,0,0,4096,0]-[524304,0,8390656,134234496,18464]
[0,536870912,0,0,0,0,0,0,0,0,0,0,1048576,0,0,0]-[8654848,1048576,8192,67108864,8194]
[0,2048,0,0,0,0,0,16,0,0,0,0,0,16,0,0]-[0,16,2147483648,4096,8192]
[0,0,0,0,0,256,131072,0,0,0,0,0,0,0,0,0]-[256,12288,32,0,0]
[0,0,0,0,0,256,0,0,4,0,0,0,0,0,0,0]-[1024,256,131072,0,1]
[0,0,0,0,0,0,0,0,0,0,0,0,262144,2147483648,0,0]-[0,134217792,0,2,32768]
[0,0,0,0,67108864,0,0,0,0,0,0,0,0,128,0,65536]-[0,0,8388640,128,2097152]
[0,0,67108864,0,0,0,0,0,0,0,0,4,0,0,0,0]-[185139201,285213441,2215182380,271872,2176]
[128,0,0,0,0,0,0,0,1048576,0,0,0,0,1073741824,0,0]-[131072,268435456,0,33554464,0]
[0,0,67108864,0,0,4096,0,0,0,0,0,0,0,0,32768,0]-[8388608,0,1114112,262144,0]
[0,128,0,0,0,0,0,0,0,0,5120,0,0,0,0,0]-[16384,256,0,4,2]
[2097152,0,67108864,0,0,0,0,0,0,0,4096,0,0,0,0,0]-[0,32,512,640,82050]
[2048,0,0,0,0,0,0,0,0,0,8,0,0,0,0,0]-[0,49152,4194304,0,512]
[0,0,16777216,0,0,0,64,0,0,0,1073741824,0,0,0,0,0]-[65536,0,268436482,0,0]
[128,0,67108864,0,32768,0,1048576,0,0,0,0,0,0,0,0,0]-[0,36928,0,262144,0]
[0,0,0,0,0,16384,0,0,1048576,0,0,0,262144,0,0,0]-[2097168,0,33554432,1312,8192]
[0,0,67108864,33554432,0,0,0,0,2,0,0,0,1048576,0,0,0]-[2101249,0,0,0,64]
[0,0,0,0,0,0,0,0,0,0,0,256,0,0,33554432,0]-[131104,0,0,17055744,2048]
[0,0,0,0,32,0,0,0,0,0,8,0,0,0,0,0]-[16777248,128,0,8192,0]
[1073741824,0,67108864,0,0,0,0,0,0,0,0,0,0,128,0,0]-[72,352584992,1076887556,327732,3211460]
[8,0,0,0,0,0,8192,0,0,0,0,0,0,0,0,0]-[131073,128,67108864,0,0]
[0,0,0,0,0,0,131072,16,1048576,0,0,0,1048576,128,0,0]-[0,8388608,0,136314880,128]
[0,0,0,0,0,0,2097152,0,0,0,1073741824,0,0,0,0,0]-[0,512,0,139265,0]
[0,0,67108864,0,0,0,0,0,0,0,0,0,262148,0,0,0]-[0,8192,34603008,32,0]
[0,0,0,0,0,0,0,0,0,4194304,0,0,1,128,0,0]-[0,1073741824,524288,67108864,262144]
[262144,0,0,0,0,0,0,0,0,0,0,0,0,0,67108864,0]-[0,0,0,2148007936,2560]
[0,0,0,0,2,0,0,0,0,512,0,0,0,0,0,0]-[0,2348810240,0,0,1024]
[0,0,67108864,0,0,0,0,0,134217728,0,0,0,262144,0,0,0]-[65536,537020680,1075871748,0,133504]
[0,4096,0,0,0,0,0,0,0,0,0,0,0,0,4194304,0]-[2621440,0,131073,0,0]
[0,16777216,0,0,0,0,0,16,0,0,0,0,0,0,0,0]-[16384,1048592,145227808,822083585,278656]
[2048,0,0,0,0,0,0,0,16777216,0,0,0,0,0,0,0]-[33554432,268435456,4325376,0,0]
[0,0,0,0,33554432,0,0,0,0,0,0,0,0,536871040,0,0]-[16384,16777216,131200,0,0]
[0,0,0,0,0,256,0,0,0,0,268435456,0,0,0,0,0]-[67371088,0,270536800,0,8256]
[0,0,0,0,0,0,2,0,0,0,0,0,0,536870912,0,0]-[2147483648,2097152,16777216,16384,0]
[0,0,0,0,0,0,0,16,0,0,0,0,65536,128,0,0]-[278528,0,2130052,66,0]
[0,0,0,0,0,0,0,0,134217728,0,0,0,0,128,16,0]-[0,68157440,4,0,64]
[0,0,67108864,262144,0,0,0,0,17825792,0,0,0,0,0,0,0]-[0,512,0,1,524352]
[1073741824,0,2,0,0,8192,0,0,0,0,0,0,0,0,0,0]-[536870920,0,0,128,2]
[4096,8388608,0,0,0,64,0,0,0,0,0,0,0,0,0,0]-[536870928,524304,0,0,0]
[0,0,67371008,0,67108864,0,0,0,0,0,0,0,0,0,0,0]-[0,512,33570816,16777216,0]
[0,0,67108864,0,0,0,0,0,1048576,0,4096,0,16777216,0,0,0]-[524352,1024,4096,0,0]
[0,32,0,0,0,8192,0,1048576,0,0,0,0,0,0,16,0]-[128,64,2056,0,0]
[0,0,0,0,0,256,0,0,0,0,0,0,0,4194304,0,0]-[67108864,0,68,0,256]
[0,0,67108864,0,0,0,0,0,4,0,0,0,0,128,0,0]-[12,2048,2097152,138425344,2]
[0,0,67108864,0,32,0,0,0,0,0,0,16777216,0,0,0,0]-[0,16384,0,33816576,65536]
[0,0,67108864,0,0,256,0,0,0,0,0,0,0,0,1024,0]-[0,131144,0,0,16]
[0,0,0,0,0,0,0,0,0,0,0,0,0,640,0,0]-[262144,268697856,0,8389220,794688]
[0,0,0,0,0,0,0,8,0,0,0,268435456,0,0,0,0]-[512,0,20480,2097152,0]
[0,0,64,0,0,0,0,0,0,0,0,65536,0,0,0,0]-[524288,0,32,4,4096]
[0,0,0,0,0,0,0,0,1048576,0,8,0,0,128,0,0]-[0,1310752,0,1610612736,68]
[128,0,67108866,0,0,0,0,0,0,0,0,0,8,0,0,0]-[8454144,64,0,0,1048576]
[0,0,524288,0,0,0,0,0,0,16384,0,0,0,0,0,0]-[2048,16,131072,262144,0]
[0,0,67108864,2,0,0,0,0,0,0,0,0,0,128,0,0]-[2,603979776,0,32,0]
[0,0,4096,0,0,256,0,0,16777216,0,0,0,0,0,0,0]-[16384,0,0,16777218,128]
[0,0,67108864,0,0,0,0,0,262144,0,0,32,1048576,0,0,0]-[32768,16384,0,0,2097280]
[0,128,67108864,0,0,0,0,0,0,0,0,65536,262144,0,0,0]-[8388608,0,1342177280,2,0]
[0,0,0,0,0,0,0,0,16777216,0,0,128,0,0,0,0]-[8193,32,0,0,524288]
[0,0,0,0,134217728,0,0,0,1048576,0,0,0,0,128,0,0]-[2115585,1074003968,32,1342177792,132]
[128,0,16,0,0,0,0,0,0,0,0,0,0,0,0,0]-[0,2147483648,2048,0,1048584]
[128,16777216,0,0,0,64,0,0,16777216,0,0,0,0,0,0,0]-[16384,0,1024,2147483649,0]
[0,65536,67108864,0,0,0,0,0,0,0,0,0,0,0,0,0]-[142671872,2561,51200,2148007969,1088]
[128,0,0,0,0,0,0,0,0,0,0,32,1048584,0,0,0]-[536870913,0,0,0,2097154]
[0,0,0,536870912,0,0,0,0,0,0,4096,0,1048576,128,0,0]-[1,1,0,512,65568]
[0,128,67108864,65536,0,0,0,0,0,0,0,0,0,0,0,0]-[0,100663296,4,4096,0]
[0,0,67108864,0,67108864,0,0,0,134217728,0,0,0,0,128,0,0]-[2048,268566849,1075847168,2097680,524288]
[0,536870912,0,0,0,0,0,0,0,0,0,16777216,0,0,0,0]-[65536,0,32,128,8]
[0,0,0,0,0,0,0,0,1048576,2147483648,0,0,0,0,0,0]-[65536,0,524289,1073741824,1216]
[0,0,0,0,0,0,0,0,1048576,0,4096,0,2359296,0,0,0]-[256,536870912,1,256,0]
[0,0,0,0,0,0,0,16,17825792,0,0,0,0,128,0,0]-[16384,269549600,536870912,402655264,8320]
[0,0,0,0,0,8224,536870912,16,134217728,0,0,0,0,128,0,0]-[0,9437184,2,268435456,0]
[0,0,67108864,32768,0,131328,0,0,0,0,0,0,0,0,0,0]-[67108864,0,0,134217728,1025]
[0,0,0,0,0,0,0,0,0,0,0,0,0,0,34078720,0]-[0,268439552,262656,0,0]
[0,8388608,0,0,0,0,0,0,0,0,0,32,0,0,0,0]-[671088640,512,0,1024,0]
[0,0,67108864,268435456,0,0,0,0,0,0,0,0,0,0,0,0]-[4198412,270856,102250512,2202009600,655364]
[0,0,0,0,67108864,8192,0,0,1048576,0,0,0,0,0,0,0]-[0,1073741828,16777216,128,0]
[0,0,0,0,0,0,0,8,0,4096,0,0,0,128,536870912,0]-[128,0,2147483650,4096,0]
[0,0,67108864,0,0,0,0,524288,134217728,0,0,0,0,0,0,0]-[4194304,532,0,0,0]
[0,0,67108864,0,0,0,0,0,0,0,0,0,0,136,65536,0]-[16777248,0,2048,32768,0]
[0,4096,0,0,0,0,0,0,0,0,0,0,0,32768,0,0]-[1048576,134225920,0,0,2097152]
[0,0,0,0,0,0,0,0,1048576,0,0,0,0,0,4194304,0]-[2129920,0,8388744,1073774592,64]
[0,0,0,0,0,0,0,16,134217728,4,0,0,0,0,0,0]-[16,201326592,0,0,16384]
[0,0,0,0,0,0,0,268435456,0,0,0,0,0,0,0,16]-[8388608,1024,2147483648,268435456,0]
[128,0,67108864,0,0,0,0,0,0,0,536870912,2,0,128,0,0]-[0,3072,8192,0,4]
[0,0,67108864,0,0,0,0,0,0,0,0,0,0,0,32768,0]-[612388964,291073,2450726930,21242880,1704963]
[0,0,524288,0,0,2,0,0,1048576,0,0,0,0,0,0,0]-[0,4210704,0,0,8192]
[0,0,67109888,0,0,0,0,0,1050624,0,0,0,0,0,0,0]-[0,0,0,9216,1048640]
[0,0,83886080,0,65536,0,0,0,0,0,0,0,0,0,0,0]-[0,67108864,0,16777217,2097152]
[0,0,67108864,0,0,0,0,16,0,512,0,0,0,0,0,0]-[0,512,1048576,16,1]
[0,0,67108864,0,0,0,0,0,0,0,0,131072,0,128,0,0]-[0,67108865,0,80,32772]
[0,0,0,0,0,0,512,0,0,0,0,0,269484032,0,0,0]-[0,10,1,0,1048576]
[0,0,0,0,0,256,0,0,0,0,0,0,0,32,0,0]-[2215641344,301991424,402849857,2097156,4096]
[0,0,0,0,0,0,8192,0,134217728,0,0,0,0,0,0,32]-[8388608,8388608,1073741824,0,16384]
[0,0,0,0,8,0,0,0,0,0,0,0,0,128,2048,0]-[1048576,0,2156003328,0,0]
[0,0,0,0,0,0,0,0,0,0,4096,0,0,128,8192,0]-[16384,536870944,0,65536,128]
[0,0,0,0,0,0,512,8,0,0,0,0,1048576,0,0,0]-[131072,2,1,0,32]
[0,0,67108864,0,0,0,0,2048,0,0,0,0,0,0,0,0]-[212369472,385052,276354608,20971684,1641540]
[0,128,67108864,0,0,8192,0,0,0,0,67108864,0,0,0,0,0]-[4,0,2097152,262144,16384]
[0,0,524288,0,0,0,8192,0,0,0,0,0,0,0,0,0]-[0,536871040,266240,0,0]
[0,0,0,256,0,0,0,0,1048576,0,4096,0,1048576,0,0,0]-[276824064,0,0,65536,2101248]
[0,268435456,0,0,0,0,0,0,1048576,0,0,0,0,536870912,0,0]-[2147483648,8388608,16777224,1,0]
[0,0,67108864,0,0,0,0,0,0,0,4096,262144,0,0,0,0]-[134217732,2701131776,0,524308,0]
[0,0,0,0,0,8192,0,0,2,0,4096,0,0,0,0,0]-[0,2147483652,134217728,128,0]
[0,0,0,0,0,256,0,0,0,0,4096,0,1048576,536870912,0,0]-[0,9216,268435456,2048,0]
[0,0,0,0,262144,0,0,0,1073741824,0,0,0,0,0,0,0]-[0,0,67117186,0,0]
[0,0,0,0,0,0,64,8388624,0,0,0,0,0,0,0,0]-[0,2048,2147483648,100663296,0]
[0,0,16777216,65536,0,0,0,0,0,0,0,65536,0,0,0,0]-[0,2,32768,4194304,2048]
[0,0,67108864,0,294912,4096,0,0,0,0,0,0,0,0,0,0]-[0,73744,0,1,0]
[0,0,0,0,0,33554432,0,0,1048576,0,0,0,262144,0,0,0]-[16400,0,0,1024,532480]
[262144,8388608,67108864,0,0,0,0,0,0,0,0,0,0,536870912,0,0]-[0,6144,0,256,4]
[0,0,0,0,0,320,0,16,0,0,0,0,0,0,0,0]-[2147483728,1053184,8392704,2147483648,0]
[0,0,0,0,0,0,0,8,0,0,4,0,0,0,0,0]-[1140850688,142606336,536874048,2283798528,256]
[0,0,0,0,67108864,4,0,0,0,0,0,0,0,0,0,0]-[262144,8388624,4096,4194320,524296]
[0,0,0,0,0,8192,0,0,0,256,0,0,0,0,512,0]-[0,33,0,0,1536]
[0,0,67108864,0,0,0,0,0,0,0,0,0,0,130,0,0]-[0,16779265,524288,0,0]
[262144,0,0,0,0,0,64,16,0,0,0,0,1048576,0,0,0]-[32768,4,4096,0,4096]
[0,0,67108864,0,0,0,2147483648,0,0,0,0,0,0,0,0,0]-[201850880,811599364,32768,17048080,100482]
[0,33554432,0,0,262144,0,0,0,134217728,0,0,0,0,0,0,0]-[536870912,262144,4,0,524288]
[0,0,0,0,0,0,0,0,1048576,0,0,0,1310728,0,0,0]-[0,4,33554433,0,1024]
[0,0,0,0,0,0,0,0,1048576,0,131072,0,32,0,0,0]-[128,20,0,512,0]
[0,128,67108864,0,0,0,0,0,0,0,0,0,256,0,0,0]-[4,512,2106368,795136,147456]
[0,0,67108864,0,0,0,0,0,1048576,0,0,0,0,0,2147483648,0]-[65540,81920,1074266112,1049632,131088]
[0,0,0,0,0,64,0,0,0,268435456,0,0,1048576,128,0,0]-[1024,0,1073741824,1073741952,0]
[0,0,67108864,0,0,0,0,16,0,0,0,150994944,0,128,0,0]-[32768,0,2097152,2097184,0]
[0,0,83886080,0,0,0,64,1,134217728,0,0,0,0,0,0,0]-[0,36864,1024,1024,0]
[0,0,0,0,0,0,0,0,134217728,0,0,0,64,128,0,0]-[512,0,1075838976,32,0]
[0,0,0,0,0,0,64,512,0,0,0,0,0,0,0,0]-[1073741952,0,2048,0,512]
[1073741824,0,0,0,0,256,0,0,0,0,0,0,0,0,0,0]-[327744,8392704,2228288,262148,12288]
[0,0,0,32768,0,0,0,0,1048576,0,0,0,0,0,0,0]-[147456,33571072,32768,268435584,0]
[0,0,0,0,0,64,0,0,0,0,0,0,0,0,0,4096]-[2147491906,272,8388608,0,2]
[0,0,0,0,0,0,64,2147483648,0,0,0,0,0,0,0,0]-[2048,0,0,2097216,4096]
[0,0,0,0,0,64,0,0,1048576,0,0,536870914,0,0,0,0]-[0,128,2056,0,64]
[0,0,67108864,0,0,0,0,16,1048576,0,0,0,1024,0,0,0]-[0,4,0,64,1048704]
[0,32768,67108864,0,0,0,0,0,0,0,4097,0,0,0,0,0]-[0,131104,33554432,0,16384]
[0,0,0,32,0,0,0,0,4,0,0,0,0,0,0,0]-[1048576,0,8388608,512,2048]
[0,0,0,0,0,0,0,0,0,33554432,0,0,0,1024,0,0]-[262144,524288,65536,0,524288]
[0,4194304,67108864,0,0,0,0,16,134217728,0,0,0,0,0,0,0]-[0,0,2097152,288,128]
[0,0,0,0,0,0,0,0,536870912,0,0,0,0,2176,0,0]-[0,131072,8388608,2097160,0]
[0,128,128,0,0,0,0,0,0,0,0,0,0,0,0,0]-[1048576,2,0,1048578,0]
[0,0,67108864,0,0,0,0,0,0,0,268435456,0,0,128,0,0]-[64,536870912,32,16,0]
[0,4096,0,0,0,0,0,0,0,2147483648,0,0,0,0,0,0]-[0,134217728,4,65792,0]
[0,0,0,0,0,0,0,524288,0,32768,0,0,1310720,0,0,0]-[0,0,1350565888,536870912,0]
[128,0,0,0,268435456,0,0,0,0,0,0,0,0,0,0,0]-[1073741824,268435456,0,81920,0]
[128,0,67108864,0,0,0,0,0,0,0,0,0,0,0,16384,0]-[67108864,0,0,4194304,524292]
[0,0,0,0,0,0,0,0,134217728,0,4096,0,8,0,0,0]-[8470528,0,0,16384,0]
[0,0,0,0,0,0,0,512,0,0,262144,0,0,8,0,0]-[8192,16384,0,64,4096]
[0,0,128,0,0,0,0,0,0,0,0,0,0,0,33554432,0]-[134217728,0,2147483648,16793600,0]
[0,0,67108864,0,0,0,0,536870912,0,0,0,0,1048576,0,0,0]-[16781312,65536,0,2097152,0]
[0,0,32768,0,0,0,0,0,1048576,0,0,0,2097152,0,0,0]-[16,0,1,1,4]
[0,0,67108864,0,0,0,0,32,0,0,4096,0,0,0,0,0]-[524288,256,0,4198400,0]
[0,0,0,0,0,0,0,0,0,0,0,536870912,0,128,0,0]-[1540,8650848,0,536871456,160]
[128,0,0,0,0,0,0,0,1048576,0,0,0,1048576,0,0,0]-[33966273,369184802,578822152,3612467443,4067668]
[0,0,0,0,0,1073742080,0,0,0,1,0,0,0,0,0,0]-[16,0,8392704,0,256]
[268435456,0,0,0,0,256,0,0,0,0,4096,0,0,0,0,0]-[262144,0,0,262404,0]
[0,0,67108864,0,16,0,0,0,1048576,0,0,0,0,0,0,0]-[0,260,0,1572864,0]
[0,0,0,0,0,0,0,0,0,0,0,0,0,0,0,4098]-[2,4194304,8388608,262144,0]
[0,0,67108864,0,0,0,0,0,1048576,0,4096,0,0,128,33554432,0]-[2048,536870944,1073741824,0,0]
[0,0,67108864,0,0,64,0,16,0,0,0,0,0,536870912,0,0]-[0,4,1049088,16,0]
[0,0,0,0,0,0,128,0,0,0,0,0,0,536870912,0,0]-[0,32770,32,8390656,0]
[0,0,8,0,0,0,0,0,0,4194304,0,0,0,0,0,0]-[67108896,0,134217728,2097152,0]
[1073741824,0,0,0,0,0,0,0,0,0,0,2048,0,0,0,0]-[1073741824,285212672,2048,0,0]
[0,0,67633152,0,0,0,0,0,1048576,1,0,0,0,0,0,0]-[0,16384,8,33587200,0]
[0,0,67108864,0,67108992,0,0,0,134217728,0,0,0,1048576,0,0,0]-[0,53248,0,1048576,0]
[64,0,0,0,0,0,0,0,0,0,0,2097152,0,0,0,0]-[2048,0,0,2048,66048]
[0,0,67108864,0,0,8192,0,0,0,0,0,0,0,0,524288,0]-[134283266,2147483648,4100,128,0]
[0,32,0,0,0,0,0,16,1048576,0,0,0,1048576,0,0,0]-[16384,4,0,201326592,0]
[0,0,0,0,0,0,0,0,1048576,0,16384,0,1048576,0,0,0]-[256,4194304,8388608,536903712,0]
[0,0,0,0,67108864,0,32,0,0,0,0,0,0,0,0,0]-[134217728,4,65537,0,0]
[0,0,67108866,256,0,0,0,0,0,0,0,0,0,0,0,0]-[65544,16384,65536,0,0]
[0,0,0,0,67108864,0,0,8192,0,0,0,0,0,0,0,0]-[67109024,67108928,2099200,536871424,0]
[0,0,67108864,0,0,0,0,8,0,0,0,0,262144,128,0,0]-[34822,262144,1073741824,134479876,128]
[0,0,0,0,536870912,0,0,16,1048576,0,0,0,0,0,0,0]-[2147483648,1048576,32768,0,8192]
[0,0,67108864,262144,0,0,64,0,0,0,0,0,0,128,0,0]-[2,0,8192,512,4]
[0,0,0,0,0,0,0,33554432,0,0,0,0,1048584,0,0,0]-[0,0,0,83886336,16384]
[0,524288,0,0,0,0,0,16,0,0,0,0,0,128,0,0]-[0,0,2097152,64,2097184]
[0,0,0,0,0,256,0,16,0,0,8388608,0,0,128,0,0]-[0,67108864,0,64,262272]
[0,0,0,0,0,0,0,32,1048576,0,0,0,0,128,0,0]-[264196,268435456,8388736,4226,1049728]
[0,0,1032,0,0,0,0,0,0,0,0,0,0,128,1048576,0]-[0,65536,0,1140850688,262144]
[0,0,67108864,0,0,0,0,256,0,0,0,0,0,128,0,0]-[1,1056,32772,69792,98308]
[0,512,0,0,0,0,64,8,1048576,0,0,0,0,0,0,0]-[262144,0,1073741824,524288,128]
[0,16384,67108864,0,0,0,0,0,0,0,0,0,0,536870912,0,0]-[0,16777216,1024,256,64]
[0,0,0,0,0,0,0,8,0,0,67108864,0,0,0,0,0]-[0,0,0,8320,2101248]
[0,0,0,0,0,256,0,256,0,0,0,0,0,0,0,0]-[68157440,1024,8388612,2348810240,0]
[0,0,0,0,0,0,0,16,0,0,0,0,0,128,0,32]-[32768,0,2,16,8192]
[0,0,0,8388608,0,0,0,0,0,0,0,0,0,0,0,1]-[131584,8,64,0,0]
[4096,0,67108864,0,0,0,0,0,134217728,0,0,0,0,0,0,0]-[0,256,16,0,19456]
[0,0,0,0,0,256,0,2048,0,2097152,0,0,0,0,0,0]-[64,8192,262144,4,0]
[0,0,67108864,0,0,0,0,0,1048576,0,0,0,8192,0,0,0]-[2147483648,4194308,524288,2130080,656384]
[0,0,67108864,0,0,256,8192,0,0,0,4096,0,0,0,0,0]-[65536,8448,4096,4352,0]
[0,0,0,8192,0,0,0,0,0,0,0,2048,0,0,0,512]-[2097152,32,512,0,8192]
[536870912,16777216,67108864,0,0,8192,64,0,0,0,0,0,0,0,0,0]-[0,12288,1024,65536,0]
[0,0,67108864,0,67108864,64,0,0,0,0,0,0,0,32,0,0]-[0,2147483664,10240,0,0]
[0,0,67108864,65536,0,0,0,0,134217728,0,0,0,0,0,0,32768]-[4,147456,0,512,0]
[0,0,0,0,0,0,0,0,1572864,0,0,0,0,0,0,0]-[131344,1644429856,16777408,1213206080,4]
[0,1073741824,0,0,0,0,4096,0,0,0,0,0,0,0,0,0]-[0,2,16777280,0,32768]
[0,0,0,4,0,0,0,0,0,0,4096,0,1048576,0,0,0]-[0,32768,0,4198400,8]
[0,0,67108864,0,0,0,0,16,1,0,0,0,1048576,0,0,0]-[4194304,8256,32,0,0]
[0,0,0,0,0,0,0,0,0,0,1024,0,1310720,128,0,0]-[268435456,0,0,69206016,1048576]
[0,0,0,0,67108864,0,0,0,0,0,0,0,0,0,0,16]-[67108864,0,4097,0,2097152]
[0,0,69206016,0,0,0,0,0,0,0,0,0,0,0,0,0]-[18874368,553652304,1073741824,33825312,2098432]
[0,0,0,33554432,0,0,0,0,0,0,0,2,0,128,0,0]-[132096,0,524288,67108864,0]
[128,0,33554432,0,0,0,0,0,0,0,4096,0,0,0,0,0]-[0,0,8388608,4210688,4096]
[0,128,0,0,0,0,0,0,0,0,0,0,0,0,0,524288]-[0,0,272,2050,0]
[0,0,0,0,2,134217728,0,0,0,0,0,0,0,0,0,0]-[4096,2,32768,131072,0]
[0,0,0,0,0,0,0,0,0,0,0,16,0,0,16384,0]-[1073741824,0,8196,0,2]
[0,0,0,0,0,0,0,0,0,0,16384,0,0,0,0,4]-[0,262144,0,134381568,0]
[0,0,0,4096,0,0,0,0,0,0,0,0,262144,0,0,0]-[0,0,2147483656,16779264,0]
[0,0,0,0,0,256,0,131072,1048576,0,0,0,0,0,0,0]-[272,65792,16777216,0,0]
[0,0,67108864,0,0,0,0,0,0,0,0,0,256,0,33554432,0]-[0,272637952,525312,50331752,0]
[131072,0,0,0,0,0,0,0,0,1024,0,0,0,0,0,0]-[8,0,12583040,0,0]
[0,0,0,0,0,0,0,0,135266304,0,67108864,0,0,0,0,0]-[0,8388608,1082130440,0,0]
[0,0,0,0,0,8192,0,0,4096,0,0,0,0,128,0,0]-[33554432,0,8650752,262144,0]
[0,0,67108864,0,0,0,0,0,0,0,4096,0,0,262144,0,0]-[0,536870944,0,4194308,0]
[0,0,0,0,0,0,0,0,2048,0,0,0,0,2147483648,0,0]-[131072,64,0,4,16384]
[128,0,0,0,0,0,0,0,1048576,0,0,16777216,0,0,0,0]-[262144,0,536870912,1048576,256]
[0,0,0,16777216,0,0,0,0,0,0,512,0,0,0,0,0]-[1073741824,0,524288,262144,1024]
[0,0,0,0,16777216,0,0,0,0,0,0,0,0,128,0,0]-[269647880,1074004032,2147483776,1342181394,393216]
[0,0,0,0,0,2147483648,0,0,16777216,0,0,0,0,128,0,0]-[0,2147483648,512,0,264]
[128,0,67108864,0,0,64,0,0,0,0,8192,0,0,0,0,0]-[33,64,0,0,1048576]
[0,0,0,0,0,0,0,16,0,0,4096,0,1048576,128,0,0]-[16448,276826112,4096,236998672,2363424]
[0,0,67108992,0,0,1,0,0,2048,0,0,0,0,0,0,0]-[67633152,0,0,32,16]
[0,0,0,0,0,0,0,0,0,0,0,0,1048584,0,0,64]-[268435456,4,0,16,2097152]
[0,0,0,0,0,0,0,0,524288,0,8,0,1048576,0,0,0]-[536870912,2048,2097152,131072,0]
[0,16384,67108864,0,0,0,0,2,0,0,0,0,0,0,0,0]-[16777280,0,268435456,0,524288]
[0,0,67108864,8388608,0,0,1073741824,0,0,0,0,0,0,0,0,0]-[134217732,0,0,1,2097152]
[0,0,67108864,0,0,4194304,0,0,0,0,0,0,1048576,0,0,0]-[32768,2056,65536,134217728,0]
[0,0,0,0,0,0,0,0,0,0,0,0,1048576,0,33554432,0]-[949357478,382245551,4289277990,534139762,813786]
[0,0,0,0,0,0,0,0,0,536870912,0,0,0,128,0,0]-[134217728,2,256,2147483648,0]
[0,0,0,0,0,0,0,0,0,0,262144,0,262144,0,0,0]-[134348818,4,32768,65572,8194]
[0,0,0,0,0,0,32,1073741824,1048576,0,0,0,8,0,0,0]-[262400,1048576,2048,0,0]
[0,0,0,0,0,33554688,0,0,0,0,0,8388608,0,0,0,1]-[131840,0,64,0,0]
[16777216,0,0,0,0,0,0,1048576,1048576,0,0,0,0,0,0,0]-[128,0,34816,0,192]
[0,0,0,0,0,0,0,0,1048576,0,528384,0,0,0,0,0]-[65792,536870912,0,33554432,0]
[0,0,0,0,0,0,0,4096,0,0,4096,0,0,0,32,0]-[0,16777280,0,131328,0]
[0,0,0,16,0,131072,0,0,0,0,0,0,0,128,0,0]-[16384,0,4,268435456,65536]
[0,0,67108864,8388608,0,2,0,0,0,0,0,0,0,0,0,0]-[68,8192,2147483648,1048576,2049]
[0,0,0,0,0,8192,0,0,0,0,0,0,0,0,0,4096]-[0,553648128,0,0,262145]
[128,0,0,0,0,0,0,0,0,32,4096,0,0,0,0,0]-[262144,262144,16384,0,4096]
[0,0,67108864,0,0,0,0,2097152,0,0,0,0,1048576,0,0,0]-[0,0,2592,0,1]
[0,0,0,65536,67108864,0,0,0,0,0,0,0,0,0,0,0]-[1073741952,0,35651584,0,0]
[0,0,0,0,0,0,8192,0,0,0,0,0,0,8388608,0,0]-[65536,67108864,536870912,64,0]
[0,0,0,0,0,0,0,0,0,0,4096,0,512,0,0,0]-[142870528,1207959553,16777216,2176,2]
[0,0,0,0,0,0,0,0,0,0,0,0,0,536871424,0,0]-[16384,16,1024,0,524288]
[0,0,262144,0,0,0,0,0,0,0,0,0,0,128,0,0]-[0,262144,537919520,0,0]
[0,0,0,0,33554432,0,0,0,0,0,0,0,1048576,128,0,0]-[0,16777216,2097152,4,32864]
[0,0,67108864,16777232,0,0,0,0,1048576,0,0,0,0,0,0,0]-[0,16384,4718592,0,1024]
[128,0,0,0,0,0,32768,0,0,0,0,0,131072,0,0,0]-[0,2048,16384,16777216,4096]
[0,0,67108864,0,67108864,0,0,0,0,512,4096,0,1048576,0,0,0]-[0,32772,0,4352,2097152]
[0,0,0,0,8388608,256,0,0,0,0,0,0,0,0,0,0]-[0,128,16777280,0,4096]
[0,0,67108864,0,0,0,0,0,0,0,0,8388608,0,128,0,0]-[1,84148224,1077420036,65664,3211268]
[2,0,67108864,0,0,256,0,0,0,0,0,0,1024,0,0,0]-[0,0,1024,64,1048704]
[131072,0,67108864,0,0,0,0,0,0,0,0,0,0,2147483648,0,0]-[0,1024,33280,2097152,0]
[2147483648,128,67108864,0,0,0,0,0,0,0,0,0,0,0,0,0]-[0,8,8196,0,16]
[0,0,0,256,131072,0,0,0,0,0,0,0,0,0,0,0]-[0,8388608,0,538968064,4096]
[0,0,0,0,0,256,0,0,0,0,0,8388608,0,0,0,0]-[394000,9984,16846916,4,131073]
[0,0,67108864,0,0,0,0,24,0,0,0,0,1048576,536870912,0,0]-[0,6144,0,2147483664,2097152]
[0,0,0,0,0,0,0,0,0,0,0,0,0,0,393216,0]-[2097154,0,131072,8192,0]
[0,0,0,0,0,256,8192,0,1048576,0,0,0,0,128,0,0]-[0,0,262176,335544320,0]
[0,0,0,0,0,256,0,0,0,0,67108864,0,1048576,0,0,0]-[268435456,0,16,134221824,0]
[0,0,0,0,0,0,0,0,0,0,0,0,0,536870912,512,0]-[0,0,67239936,0,2097216]
[0,0,0,0,0,0,0,0,1114112,0,0,0,0,0,0,0]-[0,268435492,262145,2105344,655376]
[0,0,0,0,0,128,0,16,0,0,0,0,0,0,0,0]-[0,68157952,538968064,67108992,16]
[0,0,67108864,0,0,0,0,2,524288,0,0,0,0,0,0,0]-[100663296,8,0,8,0]
[0,4,67108864,0,0,0,0,0,1048576,0,0,0,0,0,0,0]-[16777216,65540,0,33554432,1049601]
[0,0,67108864,0,0,0,0,0,0,262144,0,0,0,128,0,0]-[35651586,66657,532484,240,65536]
[0,0,0,0,0,262144,0,0,0,0,0,0,4194304,0,0,0]-[16777216,524288,2147483648,2,0]
[0,0,0,1048576,0,0,0,4096,0,2097152,0,0,0,0,0,0]-[0,16777216,1024,8192,8192]
[0,0,0,0,0,0,0,0,256,0,0,0,0,0,134217728,0]-[0,0,655360,2147483656,0]
[8,0,0,0,0,256,0,0,0,0,4096,0,0,0,0,0]-[0,1024,80,262144,0]
[536870912,0,0,0,0,0,0,0,0,0,0,0,0,0,0,8]-[0,256,131072,786432,0]
[0,0,2,0,67108864,8192,0,0,0,0,0,32,0,0,0,0]-[2684354568,0,64,0,0]
[0,0,0,0,0,0,0,0,5242880,0,0,0,1048576,0,0,0]-[0,0,16777216,805306400,0]
[0,0,67108864,0,0,0,64,0,128,0,0,0,0,0,0,0]-[32802,80,33554432,525312,0]
[0,0,0,0,0,8192,0,2048,134217728,0,0,0,0,0,0,0]-[8388608,8388864,0,32,0]
[0,0,0,0,67108864,0,0,0,1048576,0,4096,0,0,128,0,0]-[278528,1342177280,8388609,536870912,4]
[0,524288,67117056,0,0,0,0,0,0,0,4096,0,0,0,0,0]-[1,16,65536,0,65536]
[128,0,0,0,0,0,0,0,0,0,0,0,262144,128,0,0]-[1048576,131072,2,67108864,0]
[0,0,67108864,0,0,256,0,262144,0,0,0,0,0,0,0,0]-[8,0,4203528,128,0]
[0,0,0,0,0,0,0,0,0,0,4096,0,1048576,134217856,0,0]-[0,0,38,0,131072]
[0,0,0,0,0,256,0,0,16777216,0,0,536870912,262144,0,0,0]-[0,1056768,0,2097408,0]
[0,128,67108872,0,0,0,0,0,0,0,0,0,0,0,0,0]-[0,2164260868,32768,0,0]
[0,33554432,0,0,0,0,0,1073741840,0,0,0,0,0,0,0,0]-[0,201326592,0,0,144]
[0,0,83886080,0,0,0,0,16,0,0,0,0,1048576,0,0,0]-[0,268441600,0,0,1048576]
[0,0,67108864,0,0,0,0,0,0,0,0,32,262144,0,0,0]-[0,16384,33587456,2097152,1048578]
[0,0,0,0,0,256,0,0,0,0,4096,32,65536,0,0,0]-[0,1024,65536,264192,0]
[0,131072,0,0,0,0,0,16,0,0,0,0,0,0,0,0]-[0,134217736,2097154,134217824,1052800]
[0,0,0,0,0,536870912,0,8192,0,0,4096,0,1048576,0,0,0]-[0,0,0,4194304,2097162]
[0,0,536870912,536870912,0,0,0,0,0,0,4096,0,0,0,0,0]-[0,2147483648,65536,2048,16384]
[0,0,67108864,0,0,256,16384,0,135266304,0,0,0,0,0,0,0]-[0,0,16,2097408,256]
[0,0,67108864,0,0,0,0,2214592528,0,0,0,0,0,0,0,0]-[0,0,2097664,2147483648,2048]
[0,32768,67108864,0,0,0,0,32,0,0,0,0,0,0,0,0]-[0,0,33554432,262208,1048576]
[0,0,67174400,0,0,256,0,0,0,0,0,0,0,0,16,0]-[0,0,0,16777360,1048576]
[0,128,67108864,0,0,8192,0,0,0,0,0,0,0,128,0,0]-[33554446,0,2097156,262144,0]
[0,0,67108864,0,67108864,0,0,0,0,0,65536,0,0,0,0,0]-[67108864,32768,0,384,0]
[0,0,64,0,0,0,8192,0,0,0,0,0,0,128,0,0]-[34603008,0,4,268435456,0]
[0,0,0,0,0,0,0,8,16777216,0,4096,0,0,536870912,0,0]-[16384,256,512,0,128]
[0,0,67108864,0,0,0,0,0,0,0,0,0,0,128,0,256]-[12582912,4194304,33554432,0,0]
[0,0,0,0,0,256,0,0,0,0,0,0,0,0,0,256]-[524288,65536,131097,24576,0]
[262144,0,0,0,0,0,0,0,16777216,0,0,0,1048576,0,0,0]-[8388608,4096,0,256,8192]
[128,0,0,0,0,0,0,0,4,0,0,0,0,0,0,0]-[138674176,0,131072,20979712,0]
[0,0,67108864,0,0,0,0,16,0,524288,0,0,0,128,0,0]-[4194304,16384,0,17301504,0]
[0,0,67108864,0,0,0,64,0,8388608,0,0,0,0,0,0,0]-[32768,536870912,4096,1048576,0]
[0,0,67108864,0,0,0,0,0,1048576,0,0,0,8,0,33554432,0]-[2048,4,524288,0,524288]
[0,0,0,0,0,0,0,0,0,0,16384,0,262144,128,0,0]-[0,67110912,129,0,0]
[0,0,0,16777216,0,0,0,0,0,0,0,0,0,536870912,0,0]-[0,2097152,16777216,266240,0]
[128,0,0,0,0,1048576,0,0,0,0,0,0,0,0,0,0]-[0,131090,0,0,262144]
[0,128,67108864,0,0,0,0,0,0,1048576,0,0,0,0,0,0]-[0,268443648,2147483680,0,0]
[0,0,0,0,0,0,0,0,1048576,0,4096,0,262144,0,0,0]-[2113792,536870916,33554561,104858880,0]
[0,0,0,0,0,1280,0,0,0,0,4096,0,0,0,0,0]-[1073741824,67108896,0,131072,0]
[0,16384,0,0,0,0,0,16,0,0,0,0,0,0,0,0]-[2147483648,0,134217728,67108864,16384]
[0,0,0,0,0,0,0,0,0,16,0,0,0,128,0,0]-[2147492865,704647168,536870913,604045440,2097152]
[0,0,0,16777216,0,0,0,0,0,0,0,0,0,0,0,64]-[335544320,1048576,0,128,0]
[0,0,0,0,0,256,0,0,0,0,0,0,0,16,0,0]-[256,256,65536,0,131072]
[128,0,67108864,0,0,0,0,134217728,0,0,0,0,0,0,2048,0]-[67108864,0,0,33587200,524288]
[0,0,0,0,0,0,0,0,1048576,0,4096,0,0,0,134217728,256]-[262144,4194304,1082130432,0,0]
[0,0,0,0,0,0,8192,268435456,1048576,0,0,0,1048576,0,0,0]-[33554432,128,536870912,268437536,16]
[0,0,67108864,0,0,16448,0,0,0,0,0,0,0,0,0,0]-[64,2147483648,1024,1,1152]
[0,0,256,0,0,0,0,0,1048576,0,0,0,0,128,0,0]-[5,1073741824,0,536875136,524288]
[0,0,0,0,0,0,0,0,134219776,0,0,0,0,0,0,0]-[80,0,12,0,0]
[0,0,67108864,0,0,8256,0,0,0,0,0,0,2147483648,0,0,0]-[65538,2048,0,0,2]
[128,0,0,0,0,0,0,0,0,0,0,0,0,32,0,0]-[1141245952,264192,180224,16916576,0]
[0,0,0,0,0,0,0,0,1048576,0,0,0,65664,0,0,0]-[0,0,64,1048578,64]
[0,0,0,0,0,0,0,0,0,256,0,0,0,128,0,0]-[0,16777216,401408,1275068416,4]
[8,0,69206016,0,0,0,0,0,1048576,0,0,0,0,0,0,0]-[65536,268435456,1073741832,0,0]
[0,0,67108864,0,0,0,0,0,0,0,570425344,0,0,0,0,0]-[0,65536,0,2147484672,1026]
[0,0,67108864,0,0,256,0,0,1048576,0,0,0,0,536870912,0,0]-[0,32,8,32769,0]
[0,0,0,0,0,0,0,0,67108864,0,0,32,0,0,0,0]-[0,33554432,0,1065984,0]
[0,0,0,0,0,0,0,0,0,0,0,0,0,0,33554432,524288]-[36,0,536870912,16384,0]
[0,0,0,0,0,0,0,0,0,0,335544320,0,0,0,0,0]-[262144,8192,16384,0,4]
[0,0,67108864,0,0,0,0,0,1048576,0,0,64,0,0,0,0]-[524320,20972044,33554432,36864,1048768]
[128,0,0,0,0,0,0,0,0,0,0,131072,0,0,0,0]-[67109376,2048,0,33554440,4100]
[536870912,0,0,0,0,0,1048576,0,0,0,4096,0,0,0,0,0]-[1,1024,65664,0,0]
[0,0,0,0,0,0,9216,0,0,0,0,0,1048576,0,0,0]-[16384,32,0,0,262146]
[0,0,0,0,0,0,0,0,0,0,1024,0,1048576,0,0,0]-[8536064,1048608,0,20,16384]
[0,0,0,0,0,0,0,0,1048576,0,0,0,0,0,0,8]-[33702144,8388624,16777216,271090688,16]
[0,0,0,0,0,0,0,256,0,0,0,2048,0,0,0,0]-[0,4096,0,537004032,0]
[0,0,0,0,0,0,8192,0,0,0,0,16384,0,83886208,16777216,0]-[16386,0,8388608,0,2097152]
[0,0,0,0,0,0,32768,0,0,0,0,0,0,131072,0,0]-[8192,16384,131072,0,2097152]
[0,0,0,0,67108864,0,0,0,0,0,0,0,256,0,0,0]-[201326848,8421376,65568,1048576,0]
[2048,0,0,0,0,0,0,0,0,0,0,0,0,262144,0,0]-[16,0,4325376,0,128]
[0,0,0,0,0,0,0,0,0,262144,0,1073741824,1048576,0,0,0]-[33554432,64,64,32,0]
[0,0,0,0,0,0,0,64,0,0,16777216,0,0,0,0,0]-[1073741828,268435456,8,0,0]
[0,0,0,0,2147483648,0,0,0,0,0,0,0,1048580,0,0,0]-[16384,4096,65536,0,8]
[0,0,0,0,67108864,64,0,0,0,0,0,0,0,128,0,0]-[512,0,128,536870912,4]
[0,0,67108864,0,0,0,0,0,0,0,0,0,0,16777344,0,0]-[2,64,0,262144,1048576]
[0,0,0,0,0,0,0,16,0,0,4096,0,0,128,0,524288]-[268435456,536872000,0,0,0]
[0,0,0,0,0,0,0,0,1048576,8192,0,0,0,0,8192,0]-[2097152,536870912,16779264,0,0]
[0,0,0,0,0,0,0,0,0,0,0,1,0,134217728,0,0]-[8388608,67108864,1,0,131072]
[0,0,0,0,131072,0,0,0,0,0,0,2097152,0,0,0,0]-[524288,0,0,1073741828,1048576]
[0,0,0,0,0,0,0,0,2048,0,0,0,0,0,64,0]-[8196,0,512,0,8]
[0,0,0,0,0,256,0,0,0,0,0,0,0,536871040,0,0]-[1310800,256,0,0,64]
[0,0,0,0,0,0,64,0,1048576,0,4,0,0,0,0,0]-[2147483648,128,0,4227072,0]
[0,0,0,0,0,8192,1,0,0,0,0,0,0,0,0,0]-[20971520,2048,142606336,0,8]
[256,0,0,0,0,0,0,0,0,0,0,0,0,131072,0,0]-[0,1050624,65536,268435456,128]
[0,0,0,0,0,0,0,16,524288,0,0,0,0,0,0,0]-[0,134220288,320,134217728,0]
[0,0,0,0,0,0,0,0,0,0,0,0,0,2147483648,67108864,0]-[67633152,0,2147483648,536870912,0]
[0,0,0,0,0,0,32768,16,0,0,4096,0,0,0,0,0]-[0,4,64,256,4096]
[0,0,0,0,0,0,0,16,0,0,4096,16,0,524288,0,0]-[16384,0,512,33558528,0]
[0,0,0,0,0,0,0,32,0,0,0,0,262144,0,33554432,0]-[1048576,67108868,16777216,0,0]
[0,268435456,0,0,0,0,0,0,0,0,0,2147483648,0,0,0,0]-[536870920,0,33554944,0,0]
[128,0,0,0,67108864,0,0,0,134217728,0,0,0,0,0,0,0]-[65536,3,2,0,0]
[8388608,0,67108864,0,0,0,0,0,0,0,0,0,0,536870912,0,0]-[0,2304,67108864,16,0]
[0,0,0,98304,0,0,0,0,0,0,0,0,0,128,0,0]-[8,0,1048576,67108928,0]
[512,0,0,0,0,0,8192,0,0,0,0,0,16777216,0,0,0]-[1179648,128,0,0,512]
[0,0,0,0,0,64,0,0,0,0,0,0,262144,0,0,0]-[2697461840,2820319363,16809995,671088673,729570]
[0,0,0,256,1048576,0,0,0,0,0,0,0,0,0,67108864,0]-[536870912,2,540672,0,32768]
[0,0,0,0,0,0,262144,0,0,0,0,0,0,128,0,0]-[130,64,0,0,524288]
[0,0,0,0,0,0,0,0,0,0,0,0,4194432,0,0,0]-[524288,0,64,1048578,0]
[0,0,0,0,0,0,0,0,0,524288,0,2,0,0,0,0]-[8,128,67108864,0,64]
[0,0,0,0,0,0,0,8,0,0,0,0,0,128,0,0]-[285528735,18255200,3357327522,941889758,3998404]
[0,0,0,0,524288,0,0,67108864,0,0,0,0,1048576,0,0,0]-[0,2,4097,0,16384]
[0,0,0,0,0,0,0,0,0,0,0,0,1048576,0,0,1]-[0,8336,285212674,8194,0]
[0,0,0,1,0,0,0,0,8388608,0,4096,0,0,0,0,0]-[0,163840,0,268436480,0]
[128,0,67108864,0,0,2048,0,0,0,0,33554432,0,1048576,0,0,0]-[0,49152,16,0,32768]
[0,0,65536,0,0,0,0,0,1048576,0,16,0,0,0,0,0]-[1,1073741824,1,1024,0]
[128,0,75497472,0,0,0,0,0,0,0,4160,0,0,0,0,0]-[8388608,100663312,0,0,0]
[0,0,67108864,0,0,2097152,0,0,0,0,0,0,0,536871040,0,0]-[0,285343744,0,64,0]
[0,0,67108864,0,0,288,0,0,1048576,0,0,0,0,0,0,0]-[2097152,0,524296,1,0]
[0,0,0,0,0,2147483648,0,0,0,2147483648,0,0,0,0,0,0]-[0,1073743872,133120,0,0]
[0,0,0,0,0,2097152,0,8,0,0,0,0,0,0,0,0]-[48,16916480,1073741824,1048576,512]
[0,0,0,0,0,0,0,8388608,0,0,0,0,0,33554432,0,0]-[67108864,1073758208,0,524288,0]
[0,0,0,0,0,256,0,0,1048576,0,0,0,0,0,65536,0]-[256,0,16,402657536,0]
[0,1073741824,0,0,0,0,0,0,134217728,0,0,0,0,0,0,0]-[2048,8388610,0,1073741824,0]
[0,262144,0,0,0,0,0,0,0,0,0,0,8,128,0,0]-[32770,0,131072,128,0]
[0,0,0,0,0,0,0,0,0,0,0,0,268697600,0,0,0]-[0,16777218,129,0,0]
[0,0,67108864,0,0,256,0,0,0,0,4096,0,0,256,0,0]-[64,0,1073745920,256,0]
[0,0,0,0,0,8192,0,16,0,0,4096,0,0,2147483648,0,0]-[512,1088,0,131072,0]
[0,0,0,0,0,0,0,512,2147483648,0,0,0,1048576,0,0,0]-[8388608,0,1,2147483648,4096]
[0,0,0,0,4194304,0,0,0,0,0,0,0,0,16384,0,0]-[16777216,536870912,2048,8388608,0]
[0,0,67108864,0,0,8192,0,0,0,0,0,0,0,0,2048,0]-[2147483648,36864,4096,0,0]
[2048,0,524288,0,0,256,0,0,0,0,0,4096,0,0,0,0]-[1048576,0,4096,262144,8192]
[0,16384,67108864,0,0,536870912,0,0,0,0,0,32,0,0,0,0]-[9,0,0,524288,2097152]
[128,0,0,2,0,0,0,0,0,0,0,0,0,0,0,0]-[67109376,0,0,16777216,16]
[0,1024,67108864,0,0,0,0,0,0,0,0,0,64,0,0,0]-[8392704,0,2097152,0,131072]
[0,0,0,0,0,0,0,0,0,0,4096,134217728,262144,0,0,0]-[256,4,0,256,65536]
[0,0,512,0,0,0,0,0,1048584,0,0,0,0,128,0,0]-[16384,0,0,2050,8192]
[0,0,0,0,0,0,0,134217728,0,0,0,0,0,128,0,0]-[529,278003777,2359456,328272,335936]
[128,0,0,0,0,0,0,0,0,0,0,0,0,4194304,0,0]-[0,0,1024,1073758218,4100]
[0,0,0,0,67108864,0,0,0,0,131072,0,0,0,0,0,0]-[0,131076,8388640,0,0]
[0,0,67108864,0,0,0,0,0,67108864,0,0,0,1024,0,1073741824,0]-[0,16384,2147483660,0,0]
[0,0,16777216,0,0,8192,0,0,0,0,0,0,1048576,128,0,0]-[0,268435456,262144,65536,32]
[0,0,0,0,0,0,16777216,0,0,64,4096,0,1048576,0,0,0]-[0,8,167772160,256,0]
[0,0,0,0,0,0,0,0,135266304,0,0,536870912,0,0,0,0]-[0,128,34816,64,0]
[0,0,16777216,1,0,0,0,0,0,0,0,0,0,0,0,0]-[0,33554434,269484032,1073741824,10242]
[0,0,8192,0,0,0,0,0,0,512,0,0,0,0,0,0]-[0,0,128,2147483712,2048]
[0,0,67108864,0,2,0,0,0,0,0,4096,0,0,0,0,0]-[0,257,4112,0,0]
[0,128,0,0,0,0,0,0,16777216,0,0,0,1048576,0,0,0]-[0,0,1,35782656,0]
[16777216,0,0,0,0,0,0,16,16777216,0,0,0,0,0,0,0]-[0,512,536871168,128,0]
[0,0,67108864,0,0,0,0,0,1048576,0,0,4194304,0,0,0,0]-[16777216,805306628,0,524288,1572864]
[0,1024,67108864,1048576,0,0,0,0,0,0,0,0,0,0,0,0]-[8388608,4096,512,0,2097152]
[8192,0,0,0,0,0,0,0,0,0,0,0,0,536870912,0,0]-[0,0,270532608,131072,8192]
[0,0,0,0,0,0,0,0,128,0,0,0,0,0,0,4]-[0,0,33554432,9437185,0]
[0,0,0,0,0,64,0,0,0,1024,0,0,0,128,0,0]-[0,0,0,6146,32768]
[0,256,0,0,0,0,0,0,134217728,0,0,0,0,0,0,0]-[537002048,0,536870912,2,6656]
[0,0,67108864,0,0,0,0,0,0,0,0,1073741824,0,0,0,0]-[2195740707,2420780636,3273183780,2721429052,2818374]
[0,0,0,0,0,0,0,0,8192,0,0,131072,0,0,64,0]-[67109376,0,264192,0,0]
[2147483648,0,0,0,0,0,0,0,16384,0,0,0,0,0,0,0]-[16777216,16,0,33554432,262144]
[0,0,0,0,0,0,64,0,0,0,4096,0,1048576,32,0,0]-[0,8,65536,256,4096]
[0,0,67108864,0,0,0,0,2048,16777216,0,0,0,0,0,0,0]-[134217728,0,544,16777216,0]
[0,0,67108864,8388608,0,0,0,0,134217728,0,0,0,0,0,0,0]-[64,65800,0,0,2112]
[0,0,67108864,0,0,0,1073741824,0,0,0,0,0,1048576,0,0,0]-[2097152,33556512,8192,2097408,2]
[0,0,512,0,0,0,0,16,0,0,0,0,262144,0,0,0]-[16384,4096,536870912,0,8192]
[0,0,67108864,0,0,64,0,0,0,128,0,0,0,0,0,0]-[2048,0,1024,8192,128]
[0,0,67108864,0,0,0,0,0,0,0,0,0,1048576,640,0,0]-[16777216,512,0,4194304,2]
[0,0,67108864,0,0,536879104,0,0,0,0,0,0,0,0,0,0]-[4194306,0,0,16,2]
[0,0,1024,0,0,0,0,0,0,33554432,0,0,0,0,0,0]-[0,8192,1,4096,524288]
[0,0,67108864,512,1,0,0,0,0,8192,4096,0,0,0,0,0]-[4096,2147483648,4096,1024,0]
[0,0,0,0,0,0,0,0,135266304,0,0,0,0,128,0,0]-[268617820,1955922177,1619566598,1545607408,656580]
[0,0,0,0,0,0,0,0,0,0,0,0,1048576,2147483648,0,0]-[269615232,0,270336,2232324,16384]
[0,0,0,0,0,0,0,16777216,2148532224,0,0,0,0,128,0,0]-[32768,0,8320,2097152,0]
[0,33554432,67108864,0,0,2,0,0,0,0,0,0,0,0,0,0]-[100,0,0,0,1]
[0,16,0,0,0,0,0,0,0,0,0,0,0,128,0,0]-[2049,131072,524290,201392128,0]
[0,8388608,0,0,16,256,0,0,0,0,0,0,0,0,0,0]-[256,0,134217728,2048,1024]
[0,0,524288,0,0,0,0,0,0,0,0,0,0,32,33554432,0]-[0,536870912,0,25427968,0]
[0,0,0,0,67108864,0,0,0,0,0,0,4096,1048576,0,0,0]-[134217728,0,276824096,0,0]
[0,0,0,0,0,0,0,0,0,0,0,0,1048576,0,8388608,0]-[128,18874368,2,269488128,131072]
[0,0,0,0,0,0,64,0,0,0,0,0,0,0,536870912,0]-[0,0,262146,4096,16384]
[0,0,67108864,0,0,0,0,0,0,1048576,0,0,0,0,33554432,0]-[134217728,0,2147483648,0,2050]
[0,0,2,0,0,0,0,16,0,128,0,0,0,0,0,0]-[65536,24576,262144,0,0]
[0,0,0,0,0,16,0,0,0,0,0,0,8,0,0,0]-[262144,1048584,512,0,0]
[0,0,0,0,0,0,0,0,0,132,0,0,1048576,0,0,0]-[512,0,520,268435456,0]
[0,0,0,0,0,256,0,16,1048576,0,0,0,0,0,0,0]-[2147811344,277938688,1098907712,2619349248,8257]
[0,1048576,67108864,0,0,0,33554432,0,0,0,134217728,0,0,0,0,0]-[2147483648,512,0,512,2097152]
[0,0,67108864,0,0,0,0,16,1048576,0,0,0,0,128,0,0]-[16893969,562364513,565284,203469026,1179840]
[0,0,0,0,0,0,0,2147483664,0,0,0,0,0,0,0,0]-[0,0,2228224,134217760,18432]
[0,262144,0,0,0,0,0,0,16777216,0,0,0,0,536870912,0,0]-[16,4196352,0,1073741824,0]
[0,0,0,0,0,0,0,0,0,0,0,0,262144,0,8,0]-[256,1073154,1,256,256]
[0,0,0,16384,0,0,0,0,0,0,0,32,0,0,0,0]-[8,33554432,131072,0,2]
[0,0,0,0,0,272,0,0,0,0,4096,0,0,0,0,0]-[0,0,512,196736,0]
[0,0,67108864,0,0,0,0,0,0,8192,0,0,0,0,0,0]-[243273828,2684836892,1342749956,2148574901,3768448]
[0,0,0,1024,0,4,0,0,16777216,0,4096,0,0,0,0,0]-[0,16777216,192,0,128]
[0,0,0,2147483648,0,0,0,0,0,0,4096,0,0,0,0,0]-[16384,1032,0,0,2]
[0,0,0,0,0,8192,0,0,1,0,4096,0,0,0,0,0]-[16777216,0,64,98304,0]
[0,0,67108864,0,0,0,0,32768,0,0,0,0,0,0,67108864,0]-[0,8192,0,4194368,128]
[0,0,536870912,0,536870912,0,0,0,0,0,0,0,0,0,0,0]-[0,268435840,0,0,32768]
[0,268435456,67108864,0,0,0,0,0,0,0,0,0,0,0,0,0]-[2798129212,541317212,3612949256,2601301715,2673731]
[0,0,67108864,131072,0,0,0,0,1048576,0,0,0,0,0,0,0]-[2147483652,16896,0,162,132096]
[0,0,67108864,0,0,0,0,0,0,2147483648,0,131072,0,0,0,0]-[67108864,0,2048,64,32768]
[0,0,67108864,0,0,0,0,0,0,0,4096,0,0,2048,0,0]-[65536,8192,0,33555456,0]
[0,0,1024,0,0,0,0,0,0,512,0,0,0,0,0,0]-[67125248,0,1024,0,1048576]
[0,0,67108864,0,33554432,0,0,0,33554432,0,0,0,0,131072,0,0]-[67108864,2147549184,0,0,131072]
[1048576,0,0,0,0,0,0,0,0,0,0,0,16777216,0,0,0]-[67109376,0,0,4194304,2]
[0,0,67108864,0,0,0,268435520,0,0,0,0,0,0,0,0,0]-[0,8192,9216,0,65536]
[0,0,0,0,524288,0,0,0,134217728,0,0,0,0,128,0,0]-[268435456,327680,1073741824,0,0]
[32,0,0,0,0,0,0,0,0,0,0,0,0,128,0,0]-[263184,67108928,537395202,134217728,1310884]
[0,0,0,0,0,256,0,0,0,0,0,0,1048576,128,0,0]-[271990849,361958496,1612980225,740366548,926912]
[0,0,512,0,0,0,0,0,0,0,0,0,0,536870912,0,0]-[262144,4096,0,80,0]
[0,0,0,0,64,0,0,0,1048576,0,0,0,1048576,0,0,0]-[0,128,0,536871041,0]
[256,0,0,0,0,0,64,0,0,0,4096,0,262144,0,0,0]-[2097152,67108864,128,0,2]
[0,0,67108864,0,67108864,0,0,0,1048576,0,0,0,0,0,268435456,0]-[0,262144,1073774592,4194304,0]
[131072,0,0,0,0,8192,64,0,0,0,0,0,0,0,0,0]-[0,0,537133056,16842752,0]
[0,0,67108864,0,0,0,0,0,0,0,0,524288,2147483648,64,0,0]-[0,0,33628160,32,0]
[0,0,0,0,8192,0,0,0,0,0,0,0,0,536870912,0,0]-[0,2,2048,8519680,0]
[0,0,0,0,0,0,0,0,135266304,0,4,0,0,0,0,0]-[0,8650752,536870912,0,256]
[0,0,0,0,16777216,0,0,0,0,0,67108864,0,0,0,0,0]-[0,8396800,67108864,1024,0]
[128,0,0,0,0,256,0,0,0,0,0,0,16384,0,0,0]-[0,0,0,139280,524288]
[0,0,0,0,0,0,0,1073741824,1048576,512,0,0,0,0,0,0]-[0,256,176,0,0]
[0,0,16384,0,0,256,0,0,0,0,0,0,1048576,128,0,0]-[0,0,262144,4,8256]
[0,0,0,0,0,0,8192,0,0,0,0,0,16777216,0,0,0]-[2148671488,67108992,536870912,69632,8]
[0,0,67108864,0,2147483648,0,0,0,0,0,0,0,1048576,128,0,0]-[0,32,2097152,4,32768]
[0,0,67108864,0,0,0,8388608,0,0,0,4096,0,0,0,0,0]-[0,0,0,263180,0]
[8388608,0,0,0,0,0,0,16,0,0,0,0,0,0,0,0]-[1073741824,8192,524288,2621440,1050656]
[0,0,0,0,0,0,0,16,0,4096,0,0,0,0,0,0]-[0,134234145,68,671088640,0]
[0,128,4,0,0,0,0,0,0,0,0,0,0,0,0,0]-[32,138428480,8388864,0,2097152]
[0,0,0,512,1,0,0,16,0,0,0,0,1048576,0,0,0]-[536875008,16386,0,0,0]
[0,0,0,0,0,320,0,0,0,0,0,0,131072,0,0,0]-[16,128,4096,2147483648,0]
[0,262144,67108864,0,0,0,0,0,0,0,64,0,1048576,0,0,0]-[8388608,33554432,0,33554432,64]
[0,0,67108864,0,0,512,0,0,0,0,0,0,0,0,0,0]-[126453760,5480,1073779256,2298478624,17409]
[0,0,0,0,0,64,0,0,0,32768,0,0,0,0,0,0]-[512,640,0,0,2]
[0,0,0,0,0,536870912,0,0,0,0,0,0,134217728,0,0,0]-[8,0,0,536870928,4096]
[0,0,0,512,1,0,0,0,0,0,134217728,0,0,0,0,0]-[0,2148040704,512,0,0]
[256,0,0,0,0,0,0,134217728,0,0,0,0,0,128,0,16]-[268435456,2048,2147483648,268435456,0]
[0,0,0,0,0,0,0,0,1048832,0,4096,0,0,0,0,0]-[65536,67110152,128,268435456,4096]
[0,0,0,0,0,0,0,0,4096,0,0,0,0,536870912,0,0]-[33558528,0,8388632,0,0]
[128,0,0,0,0,0,0,256,0,0,0,0,0,0,0,0]-[0,0,8388608,2147696673,4096]
[0,0,0,0,0,0,0,0,128,0,0,0,262144,128,0,0]-[0,1073741824,0,69271552,0]
[128,0,67108864,0,0,0,8192,0,0,0,4096,0,0,0,0,0]-[65537,604119041,0,0,0]
[0,0,0,0,0,8192,0,0,0,0,4096,0,0,0,4096,0]-[65792,0,64,0,32]
[0,0,67108864,0,0,0,0,0,1073741824,0,0,0,0,0,0,0]-[10485953,543437585,2148537861,19224007,1606356]
[0,0,67108864,0,0,0,0,0,16777216,0,0,0,256,0,33554432,0]-[0,268443648,4194304,33554432,0]
[0,0,67108864,4096,0,0,32,0,0,0,0,0,0,0,0,0]-[134217728,268435456,65536,0,1048576]
[0,0,0,0,0,0,0,0,134217728,33554432,0,0,0,0,33554432,0]-[2048,0,4,0,524296]
[0,0,67108864,0,0,0,0,0,1048576,1,0,0,0,128,0,0]-[32769,536870912,0,0,524288]
[0,0,67108864,0,0,0,33554432,16,0,0,0,0,0,0,0,0]-[0,0,1085440,4096,0]
[0,2097152,0,0,0,0,0,0,0,0,0,0,0,0,33554432,0]-[0,4718600,268435456,0,0]
[0,0,0,0,0,64,0,0,1048576,0,0,8192,0,0,0,0]-[81920,0,524288,1,0]
[0,0,67108864,0,0,64,0,0,3145728,0,0,0,0,0,0,0]-[0,256,532488,0,0]
[0,0,0,0,16384,0,0,0,0,0,0,0,0,128,0,0]-[33554432,0,0,67108880,2097152]
[0,0,64,0,0,0,0,16,0,0,0,0,0,0,0,0]-[524288,8388608,17961024,268435456,6144]
[0,0,67108864,512,1,0,0,0,0,1073741824,0,0,0,0,0,0]-[0,32768,4096,2097152,524288]
[0,0,0,32,0,0,0,16,1048576,0,0,0,0,0,0,0]-[0,512,16812032,268435456,8336]
[0,0,67108864,0,0,2097152,8192,0,1048576,0,0,0,0,128,0,0]-[0,262144,0,134217728,524352]
[0,0,0,0,0,4096,0,0,0,0,0,32,0,0,0,0]-[0,1065472,196608,34081808,1048578]
[0,0,0,0,0,8192,0,0,0,0,4096,0,0,33554432,0,0]-[2097152,8192,134217728,0,8]
[0,0,67108864,0,0,0,0,32768,0,0,0,0,1048576,0,0,0]-[1024,0,66,268435456,0]
[0,0,0,0,0,0,2048,16,1048576,0,0,0,0,0,0,0]-[262144,16384,0,4227072,0]
[0,0,0,0,0,0,0,0,0,65536,4096,0,0,0,0,0]-[524352,536870944,268435520,384,69664]
[0,0,0,0,0,0,0,0,0,0,0,0,1048648,0,0,0]-[128,0,2105344,0,2]
[0,0,67108864,0,0,64,0,1073741824,0,0,0,0,0,0,0,0]-[32768,16,0,0,6]
[0,0,67108864,0,1048576,0,0,0,0,0,0,0,0,128,33554432,0]-[0,536870912,2148007936,0,524288]
[0,0,0,0,0,0,0,0,134217728,8,4096,0,0,0,0,0]-[2048,0,1082130432,16384,0]
[128,0,0,0,4194304,256,0,0,0,0,0,0,0,0,0,0]-[131584,0,131072,0,4096]
[0,0,0,0,0,67109120,0,0,0,0,0,0,0,0,0,0]-[1,2097152,1024,0,262144]
[0,0,67108864,0,0,0,0,0,134217728,0,0,0,0,0,67108864,0]-[4,0,67584,1048576,0]
[0,0,0,0,0,1048576,0,0,128,0,0,0,0,0,0,0]-[0,0,67108944,0,2048]
[0,0,0,0,0,0,0,0,1048576,0,0,2,0,0,0,0]-[0,8389248,8390664,4723840,0]
[0,0,16384,0,0,64,0,0,0,0,0,0,1048576,0,0,0]-[0,32,0,1049088,262144]
[0,0,0,0,0,256,0,0,0,0,0,0,0,0,1048576,0]-[1073741824,32768,524288,128,0]
[0,0,0,0,0,0,0,0,0,0,0,0,0,128,32,8192]-[0,131072,1,2097168,0]
[0,0,67108864,0,0,0,0,0,0,0,134221824,0,0,0,0,0]-[16842752,67108896,69632,263176,128]
[0,16777216,67108864,0,0,64,0,0,17825792,0,0,0,0,0,0,0]-[0,256,0,2147483649,128]
[0,0,67108864,0,0,16384,64,0,0,0,0,0,0,0,0,0]-[0,512,1024,16777216,65536]
[128,0,0,0,0,0,8192,0,1048576,0,0,0,0,128,0,0]-[537133056,8192,67141632,0,524360]
[0,0,8388608,0,0,0,64,0,0,0,0,0,0,0,0,0]-[0,65536,128,1179648,0]
[0,0,0,0,0,0,8192,67108864,0,0,0,0,0,0,0,0]-[65600,537395200,16781348,436207620,0]
[0,0,0,0,524288,0,0,0,0,0,1024,0,1048576,128,0,0]-[268435456,67108864,0,2097152,2097152]
[0,0,67108864,0,0,0,0,2,0,0,0,0,536870912,0,0,0]-[32769,67108864,0,8192,0]
[0,128,0,0,0,0,4194304,0,0,33554432,0,0,0,0,0,0]-[512,0,33554432,64,16384]
[32768,0,0,0,0,0,0,0,0,512,16384,0,0,0,0,0]-[128,134283264,0,0,64]
[0,0,0,0,0,0,8192,16,0,0,0,0,0,536870912,0,0]-[65536,8192,32,0,8]
[0,0,0,0,67108872,0,0,0,0,0,0,0,0,0,0,0]-[32,0,0,10485760,512]
[0,0,67108864,8,0,0,0,0,0,0,0,0,0,0,0,0]-[12582977,268468289,268445728,2168492113,133136]
[128,0,0,0,8388608,0,0,0,0,0,0,0,0,0,0,0]-[512,0,33570816,0,64]
[0,0,0,0,0,8192,0,524288,0,0,0,0,0,0,0,0]-[258,3758098690,541065220,0,258]
[0,0,0,32,0,0,0,0,0,0,0,0,1048576,128,0,0]-[262145,0,262144,0,2097152]
[0,0,0,0,0,0,0,0,0,0,0,0,1048576,0,0,65536]-[262144,2048,266240,1064964,1024]
[0,0,67108864,0,0,0,0,0,2,0,0,0,262144,0,0,0]-[0,8192,0,256,131074]
[8388608,0,67108864,0,0,0,0,0,134217728,0,0,0,0,536870912,268435456,0]-[0,2304,0,16,16384]
[0,33554432,67108864,0,0,0,0,0,0,0,0,0,1048576,0,33554432,0]-[134217732,0,0,64,524288]
[0,4,0,0,0,0,0,16,1048576,0,0,0,0,32,0,0]-[0,16,553648128,134217728,0]
[0,0,0,1024,0,0,0,0,0,524288,0,0,0,0,0,0]-[0,133120,16777216,64,0]
[0,0,0,0,0,0,0,64,0,0,0,0,0,128,268435456,0]-[0,262144,0,67108864,33792]
[0,0,0,0,0,0,2,16,0,0,0,0,1048576,0,0,0]-[0,36,0,0,1048608]
[0,0,67108864,0,0,256,0,0,0,0,0,2147483648,0,0,0,0]-[0,512,268435460,4,0]
[0,0,0,0,0,0,0,0,0,0,0,0,1048576,0,64,0]-[269615104,68173832,16,69632,0]
[2048,0,67108864,0,0,0,0,16,0,0,0,0,0,0,0,0]-[0,268437504,0,256,16]
[0,0,0,0,67108864,8192,0,0,0,0,0,0,0,128,0,0]-[16384,2048,3145728,8654864,132]
[0,0,0,0,0,0,128,0,134479872,0,0,0,0,0,0,0]-[0,1048576,2,0,524289]
[0,128,67108864,0,0,0,0,0,0,0,0,0,0,536870912,0,0]-[4,0,1024,64,16384]
[0,0,0,0,0,0,1048576,0,0,0,128,0,1048576,0,0,0]-[1048576,4096,16,16,0]
[0,0,67108864,0,0,0,0,0,0,0,4096,0,1049600,0,0,0]-[16777216,0,0,4096,81920]
[0,0,0,16,0,0,0,16,0,0,0,0,1048576,0,0,0]-[0,0,0,2149597184,16384]
[0,0,0,0,0,0,0,0,0,0,4096,0,0,0,0,2]-[0,4194312,8388753,100663296,2097152]
[0,0,67108864,0,0,0,0,16,0,0,0,0,0,0,4,0]-[0,0,520,134222352,6]
[2,0,0,0,67108864,0,0,0,0,0,0,0,0,0,0,0]-[201392640,65536,66176,537133568,8]
[0,4,67108864,0,2147483648,0,0,0,0,0,0,0,0,0,0,0]-[64,1032,0,8192,0]
[0,0,0,0,0,256,0,0,0,0,0,0,0,128,0,524288]-[131584,0,0,2048,131072]
[0,0,0,0,32,0,0,32,0,0,0,0,0,0,0,0]-[0,0,72,512,512]
[128,128,0,4194304,0,0,0,0,0,0,0,0,0,0,0,0]-[131072,0,1024,64,131072]
[0,0,67108864,0,0,0,0,16,0,0,8192,0,0,0,0,0]-[0,0,0,273,2048]
[0,0,0,0,67108864,0,0,0,0,1048576,0,0,0,0,0,0]-[16640,8404992,513,0,0]
[0,0,0,0,0,0,0,4,0,0,0,0,262144,0,0,0]-[0,4096,2097154,0,524288]
[0,0,0,0,0,256,32768,0,0,0,0,0,0,0,0,0]-[24,128,64,16908290,4096]
[0,0,67109888,0,0,0,0,0,1048576,0,0,0,0,0,0,0]-[2149615616,66308,1078495240,5280273,1572933]
[128,0,0,0,0,0,0,0,0,0,0,8388608,0,0,0,0]-[16896,256,0,131216,131072]
[0,0,0,0,0,0,0,0,0,0,0,0,262144,1,0,0]-[2097168,0,16777216,0,2]
[0,0,0,0,0,0,262144,8,0,0,0,0,0,0,0,0]-[0,1056,0,1064960,0]
[0,0,67108864,0,0,0,0,0,134217728,0,0,0,1048576,0,0,0]-[2206302275,2485254781,271654940,20255544,576709]
[0,0,0,0,0,0,0,1024,1048576,0,0,0,0,0,0,0]-[256,512,536903680,2152202816,64]
[0,0,0,0,0,0,8192,0,0,0,0,0,0,0,2048,0]-[0,1048576,33554432,163840,0]
[0,0,8388608,0,0,0,0,0,1048576,0,0,0,256,0,0,0]-[0,512,262160,64,0]
[0,0,67108864,0,0,0,0,33554432,0,0,0,0,128,0,0,0]-[4194304,0,32,2097280,0]
[0,0,83886080,0,0,0,0,0,262144,0,0,0,262144,0,0,0]-[0,2048,0,1280,1024]
[0,536870912,0,0,0,0,0,16,0,0,0,0,0,0,0,0]-[64,1048576,0,67108865,0]
[0,0,67108864,0,0,1073741824,0,0,0,0,4096,0,0,0,0,0]-[0,2717950980,512,299008,32898]
[0,0,0,0,0,0,0,67108872,1048576,0,0,0,1048576,0,0,0]-[0,0,2112,536879104,1]
[8388608,0,0,0,0,0,0,0,0,1,0,0,0,0,0,0]-[0,0,2,0,1050688]
[0,0,0,0,0,8192,0,0,0,0,0,0,262144,0,0,0]-[153616646,1074051140,560254992,159481857,267042]
[0,0,0,0,0,0,0,0,1048576,0,0,0,65536,0,0,0]-[96,134218400,25198720,1811996770,655424]
[256,0,0,0,0,256,0,0,0,0,0,0,0,0,0,0]-[2415919104,528,65729,268435460,69700]
[256,0,67108864,0,0,0,0,0,0,0,0,0,0,128,0,0]-[2,67108928,3145728,327696,98308]
[128,16777216,0,0,0,256,0,0,0,0,0,0,0,0,0,32]-[0,0,8192,163904,0]
[0,0,0,0,0,0,0,0,1048576,0,0,0,0,1048576,0,0]-[0,128,0,34603009,0]
[0,0,0,0,0,262144,8192,0,0,0,0,0,0,0,0,0]-[1073741832,512,2099200,128,0]
[128,0,0,0,0,0,0,0,0,0,0,0,0,0,0,256]-[1074020352,3072,8388608,1073152,0]
[0,33554432,67108864,0,0,0,0,0,134217728,0,0,0,0,0,0,0]-[72,67108864,12,0,128]
[0,0,0,0,0,0,0,0,1048576,0,0,0,0,0,16777216,0]-[272629760,0,6,16777216,0]
[0,0,0,0,0,0,0,0,8388608,0,4128,0,0,0,0,0]-[0,0,8388672,4194304,2]
[1048576,0,67108864,0,0,0,0,8,0,0,0,0,262144,0,33554432,0]-[2,33816576,4096,0,0]
[0,0,0,0,0,64,1024,0,0,0,0,0,0,0,0,0]-[0,1050624,524296,0,0]
[0,0,0,0,0,0,8192,0,0,0,0,0,16384,0,0,0]-[8192,16777216,0,268437552,529]
[0,0,67108864,0,0,8448,0,0,0,0,0,0,1048576,0,2147483648,0]-[0,512,0,260,64]
[8388736,0,0,0,0,0,0,0,0,0,0,0,0,0,0,0]-[8448,0,33559040,2147483648,528384]
[0,256,0,0,0,0,0,0,0,0,0,32,0,0,0,0]-[72,2147483664,67239936,1074290688,0]
[0,0,0,0,0,1073741824,0,0,1048576,0,0,0,0,128,0,0]-[16,1610612736,0,4096,0]
[128,0,0,0,0,0,0,0,1048640,0,0,0,0,0,0,0]-[0,0,536870912,1048577,256]
[0,0,67108864,8388608,0,0,0,0,0,0,0,32,0,0,0,0]-[32770,16,0,2097152,0]
[0,0,0,1,0,0,0,0,134217728,0,0,0,0,128,0,0]-[2048,67108864,0,268435472,0]
[0,0,0,0,0,0,0,8,135266304,0,0,0,0,0,0,0]-[1,128,2048,0,16]
[0,0,0,0,0,0,0,0,0,0,4096,0,0,0,32,0]-[0,536879104,0,0,69632]
[0,0,67108864,0,0,0,0,0,512,0,0,0,0,0,33554432,0]-[0,4194304,1028,64,0]
[0,0,0,131072,0,0,0,0,0,0,4096,0,1048576,0,0,0]-[0,0,16384,268730368,0]
[0,0,0,0,0,0,0,16,0,0,0,0,536870912,0,0,0]-[536904705,71319618,18874496,67250241,131128]
[0,0,67108864,0,0,256,0,0,0,0,2147487744,0,0,128,0,0]-[1,64,16384,0,32768]
[0,8192,0,0,0,4096,0,0,0,0,0,0,0,0,0,0]-[256,4608,8192,0,0]
[0,0,0,0,0,0,8192,0,0,0,0,0,0,128,33554432,0]-[1179648,603980032,536870916,96,0]
[0,0,67108864,0,0,0,0,0,1048592,0,4096,0,1048576,0,0,0]-[8388608,67108864,65536,65536,0]
[262144,0,0,0,0,0,0,16,0,0,0,0,0,0,0,0]-[0,20,1048576,2214592528,16416]
[0,0,0,16,0,0,0,0,1048576,0,128,0,0,0,0,0]-[16777600,0,0,0,1048576]
[0,0,0,0,0,64,8192,0,1048576,0,0,0,0,0,0,0]-[16,0,8,8192,128]
[0,0,0,0,0,0,0,0,0,0,0,0,266240,0,0,0]-[268435456,2048,256,2097152,0]
[0,0,0,0,0,8256,0,0,0,1,0,0,1048576,0,0,0]-[512,16,0,8256,0]
[128,0,67108864,0,0,0,0,0,1048576,0,0,0,0,536870912,0,0]-[2048,268501248,0,2185232464,655428]
[0,0,0,0,256,0,0,0,1048576,0,0,0,0,0,0,0]-[163840,536870912,17,2064,524288]
[0,0,0,0,0,0,0,0,0,2147483648,0,0,0,128,0,0]-[1048768,536938496,131203,1073811520,165056]
[0,0,0,0,0,0,4,0,0,0,0,0,8,0,0,8]-[264,16,0,0,16]
[0,0,0,0,0,0,0,0,1048576,32768,0,0,134217728,128,0,0]-[0,0,1073741824,2097152,1056768]
[0,0,0,0,8,0,0,0,1048576,0,0,0,0,536870912,0,0]-[262144,4194304,0,1073741824,64]
[0,0,67112960,0,0,8192,0,16,0,0,0,0,0,0,0,0]-[0,4096,2134016,0,0]
[0,0,0,0,0,2147483648,0,0,134217728,0,0,0,1048576,536870912,0,0]-[536870912,8388608,16,4096,0]
[0,0,0,0,0,0,268435456,0,1048576,0,0,0,0,0,0,0]-[294928,1078264336,1086324736,1107342464,4]
[0,0,0,0,0,0,0,0,134217728,0,0,0,1048616,0,0,0]-[536870912,0,0,0,1160]
[0,0,0,0,0,0,0,0,0,0,0,0,0,128,4194304,0]-[2228224,0,401408,1074003972,262208]
[0,1024,0,0,0,0,0,0,0,1048576,0,0,0,0,0,0]-[1074266112,0,131072,536870912,0]
[128,0,67108864,0,0,0,0,0,0,0,0,0,0,128,0,16]-[33554432,265216,0,0,0]
[0,0,0,0,0,0,0,0,1048576,0,0,0,1048608,0,2048,0]-[0,1064964,262144,0,0]
[0,0,0,0,0,0,0,0,1207959552,0,0,0,0,0,0,0]-[276824064,537919488,0,0,524288]
[0,0,0,65536,0,0,0,0,0,0,0,0,1310720,0,0,0]-[268435456,1048580,0,67108864,0]
[0,0,1073741824,1024,0,0,0,0,0,0,0,0,1048576,0,0,0]-[134217984,0,0,536870914,0]
[0,0,67108864,32768,0,0,2097152,0,0,0,4096,0,0,0,0,0]-[0,2147483648,1073741824,327680,0]
[0,0,0,0,0,0,0,0,0,64,0,0,1048576,0,0,0]-[276824578,9380,1212153856,2181218689,16584]
[0,0,0,8388608,0,0,0,0,1048576,0,4096,0,0,0,0,0]-[2097153,33554436,64,33556480,0]
[0,0,67108864,0,0,0,0,0,1048576,0,0,0,134217728,0,1024,0]-[2147483648,0,8192,16,1048576]
[0,0,16,0,0,8192,0,0,8192,0,0,0,0,0,0,0]-[32800,2,0,0,1]
[0,0,0,0,0,33554432,0,0,1048576,0,0,0,1048576,0,0,0]-[131072,16384,0,4096,1048576]
[0,0,0,0,0,0,64,4,1048576,8,0,0,0,0,0,0]-[0,4096,2,16842752,0]
[0,0,69632,0,0,0,0,0,1048576,0,0,0,0,0,0,0]-[0,536871040,33554432,0,1048576]
[0,0,0,0,0,64,0,0,0,0,0,4096,0,0,0,0]-[2147483648,4096,0,536870976,0]
[0,0,67108864,0,0,0,0,0,134217728,0,0,16777216,0,0,0,0]-[2048,536870912,2097152,16777504,0]
[0,0,0,0,0,0,0,0,1048576,67108864,0,0,0,0,0,0]-[33832960,16400,16,1140853504,256]
[0,0,0,0,0,0,0,0,0,0,128,0,256,0,0,0]-[536875008,0,9568768,2097280,0]
[0,0,1073741824,0,0,0,0,0,1048576,0,0,0,0,0,0,0]-[50642949,1311264,562300928,1377348864,140565]
[0,0,0,0,0,0,0,0,1048576,16777216,0,0,0,0,0,0]-[52887824,1115750400,545792152,671621120,196]
[128,0,0,0,0,0,0,0,0,0,0,0,0,536871040,0,0]-[264256,268503296,131072,1073741888,655428]
[0,0,0,0,0,64,0,0,2048,0,0,0,0,0,0,0]-[289407056,4198400,0,2048,2]
[0,0,0,0,0,0,2048,128,1048576,0,0,0,0,0,0,0]-[131072,32,32,1024,0]
[0,0,0,0,0,64,0,0,0,0,0,0,0,0,0,131072]-[2684354560,65,8192,131104,32]
[0,0,16384,0,131072,0,0,0,0,0,0,0,0,0,0,0]-[0,0,2147484800,0,8192]
[0,0,0,0,0,0,0,0,0,0,4096,0,134217728,0,0,0]-[2097152,2168455232,0,279936,4128]
[0,0,0,32,0,16,0,0,0,0,4096,0,1048576,0,0,0]-[262144,16777224,0,512,0]
[0,0,67108864,0,0,0,0,0,0,0,0,0,0,0,262144,0]-[2369851435,608182376,308348180,2188419298,2852113]
[0,0,0,0,0,0,0,0,0,0,0,0,0,262272,0,8192]-[64,67108864,0,536870912,64]
[0,0,0,0,2097152,0,0,0,0,0,0,0,1048576,0,0,0]-[536870912,32,268439552,403865600,2228360]
[0,0,0,0,0,0,0,1048576,33554432,0,0,0,0,0,0,0]-[1073741832,0,2097152,4,0]
[0,128,0,0,0,0,8192,8,0,0,0,0,0,0,0,0]-[8388896,0,256,0,0]
[0,0,0,0,0,0,0,0,1048576,0,0,8,0,0,0,0]-[131345,16512,151396352,167804928,5122]
[0,0,67108864,0,0,0,0,8,0,0,0,0,1048576,128,0,0]-[32770,16777216,0,136314884,65728]
[0,0,0,0,0,0,0,0,32768,0,0,0,0,65664,0,0]-[2097168,67108896,0,0,0]
[128,0,0,0,0,32,0,0,0,0,0,0,0,8,0,0]-[134217728,2048,16384,131072,0]
[0,0,0,0,0,256,0,0,1048576,0,0,0,0,64,0,0]-[256,384,0,0,1024]
[0,0,0,32768,0,0,0,0,0,0,0,0,0,128,0,0]-[3407872,17825792,4,270532736,131072]
[0,0,67108864,0,0,64,32,0,0,0,0,0,0,0,0,0]-[2147483648,0,1056,524288,0]
[0,0,0,0,0,16777216,0,0,0,0,4096,0,0,0,0,0]-[268959744,67108865,1073741952,0,4130]
[0,0,0,0,0,256,0,0,17825792,0,0,0,0,0,0,4096]-[0,768,64,0,64]
[0,0,4096,0,0,0,0,0,0,0,4096,0,0,0,0,0]-[0,67108864,16384,32768,8]
[0,0,0,0,0,0,0,16,0,0,0,0,1048576,0,512,0]-[0,2560,0,33554432,4096]
[0,0,67108864,0,0,256,0,33554432,0,0,67108864,0,0,0,0,0]-[0,2112,8,0,32768]
[0,0,0,0,0,256,0,0,32768,0,0,0,0,0,0,0]-[576,0,17039360,0,1]
[0,0,0,0,524288,0,0,0,0,0,0,32,0,128,0,0]-[33554432,0,2,134219776,0]
[0,0,0,0,0,0,0,0,16777216,128,0,16,0,128,0,0]-[68,0,9437184,0,0]
[0,0,16,0,0,0,0,0,0,0,4096,0,0,0,0,0]-[1342177280,100,0,4243456,0]
[0,0,0,0,0,1073741824,0,0,0,0,8192,0,0,0,0,0]-[524288,0,0,536871936,1024]
[4096,0,0,0,0,8192,0,0,0,0,0,0,0,0,0,0]-[4194560,0,0,65552,0]
[0,0,67108864,0,0,0,0,0,32768,0,0,0,0,128,0,0]-[0,268435713,32768,0,0]
[0,0,0,33554432,0,0,0,8,0,0,4096,0,1048576,0,0,0]-[262144,32768,0,33554432,8]
[0,0,67108864,0,0,0,0,0,0,0,0,2,134217728,0,0,0]-[0,4096,524288,1024,1048576]
[0,16777216,0,0,0,0,64,0,0,0,0,0,1048576,0,0,0]-[536870912,268435456,2097152,0,262144]
[0,0,0,0,0,0,0,16,0,8192,0,0,262144,128,0,0]-[16400,0,2129920,0,0]
[0,128,0,0,0,0,0,16,0,0,0,0,0,0,0,0]-[328303106,137117812,55945478,3810845696,2107520]
[0,0,0,1024,0,0,0,0,1048576,0,0,0,0,0,0,0]-[33554448,16656,549464064,605552657,524288]
[0,0,0,0,0,0,8196,0,0,0,0,0,0,0,0,0]-[0,67117184,0,33554432,0]
[0,0,0,0,0,2147483648,0,0,0,0,4096,0,262144,0,0,0]-[0,2147483904,0,0,32776]
[0,0,8192,0,0,0,0,0,1048576,0,0,0,0,128,0,0]-[32896,1342439424,128,2097154,0]
[0,0,0,0,0,0,0,0,0,256,0,0,1048832,0,0,0]-[1024,2147483648,1073741824,2048,0]
[8388608,0,8,0,0,0,0,0,0,0,0,2147483648,0,0,0,0]-[4096,0,33792,1073741824,0]
[1024,0,0,0,0,0,0,0,16777216,0,0,0,0,0,0,0]-[134742016,0,0,134217728,4096]
[0,0,0,0,32768,0,0,0,0,0,4096,0,0,0,0,0]-[1074594304,2772697456,4289,335872644,4098]
[524288,0,0,0,0,0,0,0,1073741824,0,0,0,0,0,0,0]-[537395200,0,1,0,512]
[0,0,4096,0,0,0,0,256,1048576,0,0,0,0,0,0,0]-[256,536871040,0,0,1048576]
[0,0,0,0,0,0,64,0,0,0,0,1,0,0,0,0]-[32,134217728,0,16777728,0]
[0,128,67108864,0,0,0,0,0,0,0,0,16777248,1048576,0,0,0]-[32768,16384,0,2097152,32768]
[0,2048,67108864,0,0,0,64,0,0,0,0,0,0,0,0,0]-[0,8,0,6815744,0]
[0,0,0,4096,0,0,0,0,0,0,0,0,1048576,0,0,0]-[16642,0,6176,544,4624]
[0,0,67108864,0,0,0,0,0,0,0,0,0,0,536870912,33554432,0]-[2052,4196612,1024,4194304,0]
[0,0,67108864,0,0,0,0,0,0,0,4096,0,32768,0,0,0]-[67108864,33032,3221225472,2147483664,0]
[0,0,0,8388608,0,64,0,0,0,0,0,0,0,0,0,0]-[80,256,0,1,0]
[0,0,83886080,0,0,0,0,0,0,0,0,0,4194304,0,262144,0]-[2147483680,0,16,0,32768]
[0,0,0,0,0,32,0,0,0,8388608,0,0,0,0,0,0]-[131072,524288,33570816,0,0]
[0,0,0,134217728,0,0,0,0,0,0,0,0,1310720,128,0,0]-[2113536,2048,2097152,0,0]
[0,0,67108864,67108864,0,0,0,0,0,0,0,0,0,0,0,0]-[2244055111,33969765,6816528,624,573574]
[0,0,67108864,0,0,64,0,0,1048576,4194304,0,0,0,0,0,0]-[0,512,526336,524288,0]
[0,1048576,0,0,0,0,64,0,0,0,4096,0,0,0,0,0]-[2359296,0,1073745920,0,0]
[0,0,0,0,0,0,65536,0,1048576,0,0,0,16384,128,0,0]-[262160,545259520,0,0,0]
[0,0,0,0,0,0,64,0,0,0,524288,0,0,0,0,0]-[0,4,32,0,6144]
[0,0,67108864,0,0,0,0,8,0,0,0,0,0,0,1048576,0]-[20971520,256,0,32768,0]
[0,0,0,0,0,0,0,0,0,0,0,0,0,8519680,0,0]-[0,512,136839168,0,0]
[8388608,0,0,0,0,0,0,0,0,0,128,0,0,1048576,0,0]-[2097152,0,276824064,0,2048]
[1024,0,67108864,0,0,0,0,0,0,0,0,0,1048576,0,0,0]-[16777216,0,16,134283264,0]
[0,0,0,0,0,0,0,0,0,0,262144,0,1048576,0,0,0]-[295043074,2155905036,167778304,562282516,10766]
[0,0,0,0,67108864,0,0,0,0,0,0,0,1048592,0,0,0]-[0,8392704,0,1052672,0]
[0,0,0,0,0,8388608,0,0,0,0,0,0,1048576,0,0,0]-[52445698,9460224,536942592,117576192,2101312]
[0,0,0,0,67108864,0,0,268435460,0,0,4096,0,0,0,0,0]-[256,32768,0,128,2097152]
[0,0,0,0,67108864,0,0,0,1048576,0,0,0,1048584,0,0,0]-[0,0,64,1073741824,17]
[0,0,0,0,0,0,0,0,0,0,131072,0,0,536870912,0,0]-[0,0,131072,1073741824,2113536]
[32,0,0,0,0,0,0,0,135266304,0,0,0,0,0,0,0]-[0,1073758208,64,1048576,0]
[0,0,67108864,0,0,0,0,0,0,0,0,0,0,536870944,0,0]-[0,4,67108864,0,524352]
[0,0,0,0,0,0,0,0,0,0,0,0,1056768,0,0,0]-[192,276824064,4210688,4210816,537098]
[0,524288,0,0,0,0,0,0,1048576,0,0,0,0,0,0,0]-[16908432,268435712,8256,6291712,8192]
[0,0,0,0,0,0,0,0,134217728,0,0,262144,0,0,0,0]-[8209,268435457,0,268451840,16]
[0,0,0,0,0,0,0,0,1048576,0,0,0,8,16384,0,0]-[131072,537919488,2048,1080033280,4]
[0,134217728,67108864,0,0,0,0,0,0,0,0,0,8,0,2,0]-[67108864,0,8192,32768,1024]
[0,0,0,0,0,0,0,512,0,0,0,1,8,0,0,0]-[0,0,1,536872960,2]
[0,0,0,0,0,0,0,0,16384,0,0,0,0,536870912,0,0]-[2,0,131072,64,16384]
[0,0,0,0,134217728,0,0,0,134217728,0,0,0,0,0,0,0]-[268500992,0,536870912,16777216,0]
[0,0,0,0,0,0,0,0,262144,0,4096,0,1048576,128,0,0]-[278529,0,0,0,65536]
[0,285212672,67108864,0,0,0,0,0,0,0,0,0,0,0,0,0]-[4194304,4176,0,0,0]
[0,0,0,0,67108864,0,0,0,0,0,0,16777216,1048576,0,0,0]-[4194304,131072,8388608,128,0]
[0,0,0,0,0,0,4096,0,16777216,0,0,0,16,0,0,0]-[0,0,0,133120,48]
[0,0,32,0,0,0,0,0,1048576,0,0,0,1048576,0,0,0]-[0,0,0,1610620992,0]
[0,0,131072,0,0,0,0,0,1048576,0,0,0,0,128,0,0]-[262272,32,557056,536871424,0]
[0,0,67633152,0,0,0,8192,134217728,0,0,0,0,0,128,0,0]-[1,131072,32,16,0]
[0,0,0,0,0,8192,0,0,1048576,0,0,8192,0,0,0,0]-[256,0,32768,128,256]
[0,0,536870912,0,0,256,0,0,0,0,0,0,0,0,0,0]-[0,8192,81920,151128064,128]
[0,0,0,0,0,0,4194304,0,16777216,0,0,0,0,0,0,0]-[2147483648,1048576,67108864,0,4]
[0,8,0,0,0,0,0,0,0,0,0,0,0,0,0,1024]-[67110920,0,0,0,8192]
[67108992,0,0,0,0,0,0,0,4194304,0,0,0,1048576,0,0,0]-[0,0,0,67108864,2359298]
[0,33554432,67108864,0,0,0,0,0,135266304,0,0,0,0,128,0,0]-[32772,0,524288,64,0]
[0,0,67108864,0,0,0,64,0,0,0,4096,0,0,0,0,0]-[2164737,604414301,1375801872,4298500,2211970]
[0,0,0,0,0,0,0,0,1048576,0,0,0,32768,128,0,0]-[0,268435456,8320,0,1048576]
[0,0,0,0,0,10240,0,0,0,0,0,0,1048576,0,0,0]-[0,2048,134217728,65536,8]
[0,0,67108864,0,0,8192,0,1073741824,0,0,0,0,0,0,0,0]-[0,2147487760,16384,1048593,4]
[0,0,67108864,0,0,0,0,0,134217728,0,0,256,0,0,0,0]-[0,0,65536,1056832,0]
[0,0,0,0,0,0,0,8,0,0,0,0,1048832,0,0,0]-[0,514,0,66048,0]
[0,0,0,0,0,256,0,0,0,0,0,0,0,0,2147483648,0]-[524288,67108864,0,536887296,0]
[0,0,67108864,0,0,0,0,0,0,0,0,0,0,128,2147483648,0]-[0,256,36,0,4]
[0,0,0,0,0,0,0,0,1048576,0,0,0,0,0,0,32]-[262288,2684879360,25174080,37781568,69633]
[128,0,0,0,0,0,0,16,1048576,0,0,0,0,0,0,0]-[16384,65568,545294336,2516582577,1048592]
[0,0,67108864,65536,0,64,0,0,0,0,0,0,0,0,0,0]-[8388608,8192,0,0,131328]
[0,0,1024,0,0,0,0,0,0,0,524288,0,0,0,0,0]-[16384,8388608,0,128,2]
[0,0,67108864,0,0,272,0,0,0,0,4096,0,1048576,0,0,0]-[0,16810024,0,0,0]
[0,0,0,0,0,67108864,0,0,0,1048576,0,0,0,0,0,0]-[134217728,0,1074003968,0,4096]
[0,256,67109888,0,0,0,64,16,1048576,0,0,0,0,0,0,0]-[0,0,2048,33554449,0]
[0,0,67109888,0,0,0,0,0,0,0,1,0,0,0,0,0]-[0,0,2048,1,16388]
[0,0,0,0,0,0,0,0,0,16777216,0,134217728,0,0,0,0]-[0,32,0,33685504,131072]
[0,0,0,0,0,0,0,0,1048576,0,4096,0,0,0,67108864,0]-[0,0,4718592,1073741824,131072]
[0,0,0,0,0,0,0,0,16777216,0,0,32,0,0,0,0]-[2692744355,2148009984,67305570,2585790596,12528]
[0,0,67141632,0,0,0,0,0,1048576,0,0,0,1048576,536870912,0,0]-[2147483648,0,8,0,257]
[0,0,0,0,67108864,0,0,33554432,0,0,0,0,0,0,0,0]-[1073741824,0,1073774592,0,128]
[0,0,0,0,8388608,0,0,0,8388608,0,0,0,0,0,0,0]-[8224,0,0,268435456,8]
[0,0,0,0,0,0,0,16,1048576,0,16384,0,0,0,0,0]-[16,16,0,2048,16]
[0,0,0,0,0,0,64,0,1048576,0,0,0,0,128,0,0]-[35965077,1880424704,1611440288,2082476608,9348]
[0,0,67108864,0,0,0,0,0,537919488,0,0,0,0,0,0,0]-[2147483648,16388,32800,4722816,16]
[0,0,67108864,0,0,0,0,0,0,0,0,0,67108864,0,0,0]-[69696,356657200,3221239856,2150893441,541698]
[0,0,0,0,0,256,0,8,0,0,0,0,0,0,0,128]-[0,256,134221824,2097152,0]
[0,0,67108864,0,0,0,0,0,4,0,4096,0,262144,0,0,0]-[0,67108864,0,4195328,2]
[0,0,0,0,1048576,0,1048576,0,0,0,0,0,0,0,0,0]-[0,128,65664,0,32]
[0,0,67108864,0,0,0,0,0,0,0,0,32,1048576,0,0,0]-[2158067779,2197832192,33622284,2322866385,3178690]
[0,0,0,0,0,33554432,0,0,0,0,0,0,262144,128,0,0]-[2097152,0,32770,0,8192]
[0,0,67108864,128,0,0,0,0,1048576,0,0,32,0,0,0,0]-[0,0,32800,1048576,128]
[0,0,0,0,0,0,64,16,1048576,0,4096,0,0,0,67108864,0]-[264192,0,144,0,0]
[16,0,0,0,0,0,0,0,0,0,0,0,8,0,0,0]-[33554689,1048576,2147487424,536870912,2]
[0,0,0,0,0,0,0,16,0,0,0,4,1048576,128,0,0]-[1536,64,4,0,0]
[0,0,67108864,0,16,0,0,0,0,0,0,0,0,128,0,0]-[2112,262144,2149605376,4096,4]
[0,0,0,0,16,256,0,0,0,0,0,0,0,0,0,0]-[512,0,1342177280,0,64]
[0,0,0,0,0,0,0,0,1049600,1073741824,0,0,0,0,0,0]-[2147483648,1073741824,32896,0,0]
[128,0,0,0,0,0,0,0,0,0,0,0,1048576,128,0,0]-[35015233,268504096,545284096,1342243066,688228]
[0,0,67141632,0,0,0,0,0,0,0,0,0,0,0,0,0]-[2151712800,84297780,1177555000,36177538,2230597]
[0,0,128,0,0,64,0,0,0,0,0,0,0,0,0,0]-[268435472,16,4096,0,0]
[128,0,0,0,0,0,0,0,0,0,0,67108864,0,0,0,0]-[2176,8192,655360,8192,32772]
[0,0,67108864,0,0,0,0,0,0,0,0,0,0,128,0,512]-[35651585,536936480,2147483652,134218240,131072]
[0,131072,16777216,0,0,0,0,0,0,0,0,0,0,128,0,0]-[1049088,0,2097152,0,128]
[0,0,0,0,0,0,0,16,0,0,0,0,128,0,0,0]-[67141632,270344,537133056,2,16384]
[0,0,0,0,0,0,134217728,0,0,0,0,524288,0,0,0,0]-[0,73728,8388608,65536,0]
[128,256,0,0,0,0,0,0,0,0,0,0,0,536871040,0,0]-[2112,0,131072,16,0]
[0,0,0,0,0,0,0,0,0,0,16384,0,1048576,128,0,0]-[268435457,0,262144,0,8192]
[0,0,0,0,0,0,0,0,134217728,0,4096,0,0,512,0,0]-[0,20,0,131072,65536]
[0,0,0,0,0,0,0,0,0,0,2147483648,0,1048576,0,0,0]-[2097152,2,1,212992,4160]
[0,0,67108864,0,0,0,0,0,0,2147483648,0,0,0,536871040,0,0]-[2,2048,1048576,0,192]
[0,0,67108864,0,4,0,0,0,0,0,0,0,262144,0,0,0]-[134250496,57856,16,65536,0]
[0,0,0,0,268435456,0,0,0,0,0,4096,0,0,0,0,0]-[134217728,0,786432,0,1024]
[0,0,0,0,0,256,0,0,0,0,0,0,0,0,0,512]-[0,1536,2097152,268697600,0]
[0,0,67108864,0,0,0,0,0,0,0,0,0,16777728,0,0,0]-[65536,262144,0,0,32769]
[0,0,0,0,0,8388864,0,0,1048576,2097152,0,0,0,128,0,0]-[0,1048576,8388609,4096,0]
[0,0,0,0,0,0,0,0,1048576,1073741824,32,0,0,0,0,0]-[0,536870912,16785408,32,0]
[0,0,67108864,0,512,0,0,0,0,0,4096,0,0,128,0,0]-[1,0,1073741824,512,32768]
[0,0,134217728,0,0,0,0,4096,1048576,0,0,0,0,0,0,0]-[256,512,0,0,1048704]
[0,0,0,1,0,0,0,0,0,0,0,32,0,128,0,0]-[131072,16777216,0,1073741824,128]
[0,0,0,128,0,0,0,16,0,0,0,0,0,536870912,0,0]-[0,69636,131072,256,0]
[0,0,0,0,0,0,0,0,1048576,0,4096,0,1048576,0,0,0]-[295979329,121634877,1249972305,373511040,2183298]
[0,0,0,0,0,0,0,0,0,0,262144,0,0,0,0,128]-[8388624,2097152,0,8404992,2048]
[0,0,67108864,0,0,64,0,0,1048576,0,4096,0,0,128,0,0]-[0,0,524320,0,1028]
[0,0,67108864,0,0,0,0,0,0,0,134217728,0,0,0,33554432,0]-[4,67110912,2147483648,0,2]
[0,0,0,0,0,0,0,0,0,0,0,1024,0,128,0,2048]-[0,1048640,0,134219776,0]
[0,0,0,0,0,8192,1024,0,0,0,0,0,0,0,0,0]-[67133440,536870944,0,536871936,262144]
[128,0,0,32,0,0,0,0,1048576,0,0,0,8388608,0,0,0]-[33816576,0,8388608,33554432,0]
[0,0,67108864,0,0,4096,0,0,0,0,0,32,1048576,0,0,0]-[8388608,0,65536,4194320,0]
[0,0,0,0,0,0,0,8,0,2147483648,0,0,0,0,0,0]-[2,138412032,0,0,192]
[0,0,0,0,0,64,0,0,0,0,0,0,0,0,67108864,0]-[16914,528512,0,8192,130]
[0,0,67108864,0,67108864,0,0,0,1048576,0,0,0,0,268435456,33554432,0]-[0,33817088,0,16,0]
[0,0,0,0,0,0,8192,0,0,8388608,0,0,0,0,0,0]-[67239936,67108864,0,33554432,0]
[0,0,1,0,0,0,0,0,16384,0,65536,0,0,128,0,0]-[64,0,0,536872960,524288]
[0,0,67108864,0,0,16777216,0,0,17825792,0,0,0,0,0,0,0]-[0,0,526336,0,132096]
[0,0,16777216,0,0,0,0,0,0,1073741824,0,0,0,0,0,0]-[0,33816576,2,2147483648,0]
[0,0,0,0,0,0,8192,0,0,128,0,0,0,0,0,0]-[2147483648,1091059712,536870912,536870912,1048576]
[0,0,1024,0,0,0,0,0,1048576,0,0,0,0,128,0,0]-[182400,294715456,1619705888,335544978,9284]
[0,0,0,0,16384,256,0,0,0,0,0,0,1048576,0,0,0]-[268435456,0,4096,4,8192]
[0,0,67108864,0,0,0,0,0,1048576,0,0,2,1048576,0,0,0]-[16777216,512,0,4198400,1048640]
[0,0,67108864,0,4194304,8192,0,0,0,0,0,0,0,0,0,0]-[524296,0,32768,65536,0]
[0,0,0,0,0,0,0,0,2147483648,0,4096,0,0,0,0,0]-[8395008,2147483648,1208025089,339869696,2097152]
[0,0,0,0,0,0,0,16,0,0,0,0,0,0,33554432,0]-[555224593,617163310,3910667778,207671666,2361544]
[0,0,0,0,0,0,0,0,0,0,0,272,0,0,33554432,0]-[131104,0,524288,262144,0]
[0,0,0,0,0,0,0,0,1048576,0,0,0,0,128,16384,0]-[128,1048576,0,16,532484]
[0,0,0,134217728,0,0,0,0,0,0,0,0,1048576,0,0,0]-[4194305,0,268437505,68288512,2359808]
[0,0,0,0,67108864,0,0,0,0,0,0,0,0,536870912,0,0]-[1074085920,1342575126,2184266368,8388608,524]
[0,0,0,0,0,256,0,16777216,0,0,0,0,16384,0,0,0]-[67108864,0,1,402653184,0]
[0,0,0,0,0,256,0,0,0,0,0,0,8192,0,0,0]-[16,4096,2097152,4,0]
[0,0,8192,0,0,0,0,0,0,32,0,8192,0,0,0,0]-[0,67108864,10,0,8192]
[0,0,0,0,0,0,0,0,33816576,0,0,0,0,0,0,0]-[16777216,4194312,0,0,262144]
[4,536870912,0,0,0,0,0,0,0,0,0,0,1048576,128,0,0]-[64,0,8193,67108864,0]
[0,0,67108864,0,67108864,0,0,0,8192,0,0,0,0,0,0,0]-[0,67108864,4128,1048576,4]
[0,0,67108864,0,0,0,0,0,0,0,536870912,0,262144,0,0,0]-[524320,2147504136,256,8192,0]
[0,0,0,0,0,64,0,0,0,0,0,0,0,1073741824,0,0]-[16448,524288,8,0,0]
[0,0,134217728,0,0,0,0,0,0,0,0,0,1048576,0,0,8]-[1073741824,0,553648128,32,0]
[0,0,0,0,0,0,0,0,134217728,0,0,32,268435456,0,0,0]-[66048,0,2,16,0]
[0,0,67108864,0,0,8192,0,8,0,0,0,0,1048576,512,0,0]-[0,64,1050624,8192,0]
[0,0,4194304,0,0,0,0,0,0,0,0,0,262144,0,0,0]-[0,4096,128,2097152,1024]
[0,0,0,33554432,0,0,536870912,0,0,0,0,0,8,128,0,0]-[128,8388608,2,262160,0]
[268435456,0,67108864,0,0,0,0,0,0,1073741824,0,0,0,536870912,0,0]-[0,0,1024,2147483920,0]
[0,0,67108864,0,0,0,0,0,0,0,36864,0,0,0,0,0]-[0,0,1107296256,33619968,0]
[128,0,0,0,0,0,0,0,0,0,0,0,0,0,1048576,0]-[0,0,8389632,1056776,131072]
[0,0,67125248,0,0,1048576,0,0,1048576,0,0,0,0,0,0,0]-[0,0,1073743872,2,128]
[0,0,67108864,0,0,0,0,0,1048576,0,2101248,0,0,0,0,0]-[0,4194304,0,33920,0]
[0,0,67108864,0,0,0,0,0,0,0,0,67108864,0,128,0,0]-[0,553648128,0,128,131072]
[0,0,0,0,1073741824,16777216,0,0,0,0,0,0,0,0,0,0]-[336101376,0,0,0,0]
[0,0,0,0,0,0,0,0,0,4194304,0,0,262144,0,0,0]-[1048592,8196,536870912,35652608,65536]
[0,0,0,0,67108864,0,0,0,0,0,0,0,0,0,0,64]-[67108864,6,1074790400,536879232,3145728]
[0,0,0,0,0,0,0,0,2097152,0,0,0,0,268435456,0,0]-[65536,0,32784,0,4096]
[0,0,67108864,0,0,64,0,0,0,0,0,0,256,0,0,0]-[16777216,8192,4227072,0,0]
[0,0,67108864,0,0,0,8192,16,0,0,0,0,1048576,536870912,0,0]-[32768,520,2097152,0,0]
[0,0,0,0,0,256,0,131072,0,0,0,0,0,128,0,0]-[268828672,0,8388608,0,0]
[0,0,0,0,0,0,0,0,0,0,4096,0,0,0,0,4]-[528384,16777216,134217729,132224,128]
[0,0,0,0,0,0,0,0,0,0,0,0,1049600,8,0,0]-[0,33554432,0,67125264,0]
[2147483648,0,67108864,0,0,0,0,0,0,0,0,524288,1048576,0,0,0]-[0,67108864,33562624,65536,0]
[0,0,0,0,16,0,2048,0,0,0,0,0,0,0,0,0]-[0,4,0,524289,4096]
[0,0,0,0,1073741824,2147483648,0,0,0,0,0,0,262144,0,0,0]-[0,384,0,0,32776]
[0,0,0,0,0,0,64,0,0,0,8192,0,0,0,0,0]-[0,134479872,262144,0,32768]
[0,0,0,0,33554432,0,0,16,0,0,0,0,0,128,0,0]-[0,0,0,67108896,262176]
[0,0,67108864,0,0,0,0,0,1048576,524288,0,0,0,0,0,0]-[1,536870912,37748736,2182615616,260]
[128,0,67108864,0,65536,0,0,0,1048576,0,0,0,0,0,0,0]-[0,0,0,34603024,131072]
[0,0,0,0,0,0,0,0,22020096,0,0,0,0,128,0,0]-[0,256,536870912,134217856,0]
[0,0,0,0,0,0,8192,0,2048,0,0,0,262144,0,0,0]-[1048576,16785408,536870912,0,0]
[0,0,0,0,0,1,0,0,1024,0,4096,0,1048576,0,0,0]-[0,0,65536,33574912,0]
[0,0,67108864,0,0,0,0,0,64,0,4096,0,0,0,0,0]-[0,0,268435456,33554432,130]
[0,0,0,0,0,0,0,65538,0,0,0,0,0,0,0,0]-[0,524288,32768,8388608,128]
[0,0,0,0,0,64,0,0,0,0,4224,0,0,0,0,0]-[16777216,32768,0,2048,32768]
[0,0,67108864,1,67108864,0,0,0,0,0,0,0,0,0,0,0]-[0,285212672,1060868,1048960,0]
[0,512,67108864,0,0,0,0,0,1048576,0,0,0,0,128,0,0]-[4,0,1073741824,0,1152]
[0,0,0,0,0,0,0,32,0,0,0,0,1048576,0,33554432,0]-[1048576,67108868,0,16384,0]
[0,0,0,0,0,64,0,0,0,0,0,0,1048576,0,0,0]-[2982658753,3329342099,31553585,2375695189,485603]
[0,0,67108864,0,0,0,0,0,0,0,0,0,0,4,0,0]-[2284388352,274860364,1122816,19730996,524306]
[0,0,67108864,0,0,0,0,512,0,0,0,0,0,0,0,0]-[209717312,270550024,1175472424,2147746057,49286]
[0,0,0,0,0,0,0,0,1048576,0,4096,0,4194304,128,0,0]-[264192,32,0,0,128]
[2,0,0,0,0,0,0,0,0,0,128,0,0,0,0,0]-[134217728,0,128,524292,0]
[0,0,0,0,0,0,0,16777216,1048576,0,0,0,1048576,0,0,0]-[0,0,1090519040,32800,0]
[0,0,0,0,0,0,0,0,8388608,0,0,0,0,536871040,0,0]-[1048640,0,0,64,64]
[0,8192,67108864,0,0,0,0,0,0,0,0,0,1048576,0,0,0]-[5,2214597120,268435460,256,589824]
[2048,0,0,0,0,0,64,0,0,0,0,0,0,0,0,0]-[0,0,67108992,0,2050]
[0,0,0,0,0,8192,0,0,2048,0,0,0,0,0,0,0]-[167772160,1314816,2105408,65536,2050]
[0,0,0,0,0,256,0,0,134217728,134217728,0,0,0,0,0,0]-[0,0,536870920,16777216,16384]
[128,0,0,0,0,0,32768,0,0,0,0,0,0,0,0,0]-[4194816,2048,0,131090,4160]
[0,0,0,0,0,8192,0,0,16777216,0,0,0,262144,0,0,0]-[0,4,16809984,65536,0]
[0,0,0,0,0,0,0,0,0,0,2097152,0,0,65536,0,0]-[134217856,4,8,0,0]
[0,33554432,0,0,0,64,0,0,0,0,0,0,0,0,0,0]-[524288,1,2,512,0]
[0,0,67108864,0,0,0,64,0,1048576,0,0,0,0,0,0,256]-[2149580800,0,32,1048832,0]
[0,2048,0,0,0,0,0,0,0,0,0,0,262144,128,0,0]-[16384,16777216,32768,2097152,0]
[0,0,0,0,67108864,0,0,2,0,0,0,0,0,0,0,0]-[33554432,8,0,2147483648,32]
[0,0,0,0,0,0,0,0,0,1024,0,0,0,536870912,0,0]-[8192,0,16777224,266240,32]
[1073741824,0,0,0,0,256,0,0,0,0,0,0,0,134217728,0,0]-[67174400,0,64,0,8192]
[0,0,0,0,0,0,0,0,0,1,0,0,0,0,33554432,0]-[2048,4194306,134217728,0,8]
[0,0,67108864,0,0,256,32768,0,0,0,0,0,1048576,0,0,0]-[0,0,16,2147483908,0]
[0,0,0,0,0,8192,0,0,0,0,0,256,0,0,0,0]-[0,0,528384,8421376,0]
[0,0,67108864,0,0,262144,8192,0,0,0,0,0,1048576,0,0,0]-[2147549184,0,0,32,2048]
[0,0,67108864,0,0,8192,0,8192,0,0,0,0,0,0,0,0]-[2147549184,32768,1024,0,0]
[0,0,67108864,134217728,0,0,0,0,1048576,0,0,0,8,0,0,0]-[33554432,536870912,1073743872,0,0]
[1048576,0,0,0,0,0,0,1073741824,0,0,0,0,0,0,0,0]-[32768,8320,0,0,4]
[0,0,67108864,8192,0,0,0,0,1048576,0,0,0,0,128,0,0]-[32768,256,1074266112,4096,525376]
[0,0,67108864,0,0,0,0,0,0,0,0,0,1114112,0,0,0]-[2048,8224,268435456,135299140,2244]
[0,0,128,0,0,0,0,0,1048576,0,0,0,134217728,128,0,0]-[33554432,0,1074266112,536870912,0]
[0,0,524288,0,0,64,0,0,1048576,0,0,0,1048576,0,0,0]-[0,0,0,536879105,4]
[0,0,0,0,0,0,0,32,134217728,0,0,0,0,0,0,0]-[262656,0,41943040,262144,1048960]
[0,4,67108864,0,0,0,0,0,0,0,0,0,0,128,0,0]-[2048,2048,4,4,0]
[1049600,0,0,0,0,0,0,0,0,0,0,0,0,0,0,0]-[32,2,8,16,0]
[0,128,0,0,0,0,0,0,0,0,0,0,0,64,0,0]-[32,1048640,0,268435456,0]
[0,128,0,0,0,0,524288,0,0,0,0,0,0,0,0,0]-[0,17301504,128,2147483648,0]
[0,0,0,8388608,0,8192,0,0,0,0,0,0,0,0,0,0]-[536871172,1073752064,524288,0,16384]
[0,0,67108866,0,0,0,0,0,0,0,0,0,0,0,0,0]-[2306934860,608592201,336141584,155189446,3293248]
[0,0,1024,0,0,0,0,0,0,0,0,0,0,0,4,0]-[1073741824,0,2097152,268435456,2097152]
[0,0,67108864,0,0,0,0,8388624,0,0,0,0,0,0,0,0]-[0,2056,2147483648,256,0]
[0,0,512,0,0,0,0,16,0,0,0,0,1048576,0,0,0]-[0,8388608,2097152,0,4128]
[0,0,67108864,0,256,0,0,0,1048576,0,0,0,1048576,0,0,0]-[1,268435456,4194304,134217728,0]
[0,0,67108864,0,0,0,0,0,0,0,0,0,1052672,0,0,4]-[0,0,1073742080,1,1]
[0,128,0,0,0,0,0,0,0,0,0,33554432,0,0,0,0]-[16777216,0,0,16777218,262144]
[0,0,0,0,0,0,0,16,4096,0,0,0,1048576,0,0,0]-[4096,81952,262160,0,4128]
[0,0,67108864,0,67108864,0,0,8,0,0,4096,0,262144,128,0,0]-[0,0,1073758208,262144,128]
[0,0,0,0,0,0,0,0,0,0,0,1024,0,0,33554432,0]-[0,536870912,0,25165824,2]
[0,0,0,0,0,0,0,0,0,0,0,0,1048576,67108864,0,0]-[0,2,0,0,66624]
[0,0,0,0,0,0,0,0,0,0,67108865,0,1048576,0,0,0]-[131072,0,65536,16777232,0]
[536870912,0,67108864,0,0,0,0,0,1048576,0,0,0,0,0,0,0]-[4,268435968,0,4194304,0]
[0,0,67108864,0,0,0,0,0,0,0,0,0,1048576,128,4194304,0]-[32768,0,0,20,64]
[0,0,0,0,0,0,8192,0,0,2,0,0,0,0,0,0]-[4456448,2048,0,0,8192]
[0,0,0,0,0,4096,0,0,0,0,528384,0,0,128,0,0]-[65792,0,0,33554432,2]
[0,0,0,0,0,64,0,0,0,0,0,16777216,0,0,0,0]-[32,32,131072,512,0]
[0,0,0,0,32,0,0,0,134217728,0,0,0,0,0,33554432,0]-[512,67109120,0,16777216,0]
[0,0,67108864,0,131072,256,0,0,16777216,0,0,0,0,0,33554432,0]-[524288,0,256,32768,128]
[0,0,67108864,0,0,0,8194,0,0,0,0,0,0,0,0,0]-[0,268435456,0,512,258]
[0,0,0,0,0,64,0,0,0,0,0,65536,0,0,0,0]-[0,1048576,4096,1,4]
[134217728,0,0,0,0,0,0,0,0,0,4096,0,256,0,0,0]-[0,0,0,268435464,34]
[0,0,0,0,0,0,0,0,0,0,4096,0,262144,128,0,0]-[271581184,1694633216,9437314,69271592,729216]
[0,0,67108864,0,0,0,0,2147483648,0,0,0,0,0,0,0,0]-[16848970,2483029824,2415944724,35660883,2162690]
[0,0,67108864,0,0,0,0,134217728,135266304,0,0,0,1048576,0,0,0]-[32768,16384,0,1049088,0]
[0,0,0,0,0,0,532480,0,0,0,0,0,0,128,0,0]-[64,262144,0,536870912,524288]
[0,8388608,0,0,0,0,0,0,0,16777216,0,0,0,128,0,0]-[262144,0,4,4104,0]
[0,0,0,67108864,0,0,0,33554432,0,0,0,0,0,128,0,0]-[0,32,0,536870912,2097280]
[0,0,0,0,0,256,0,0,0,0,0,0,1048576,0,4194304,0]-[0,512,266240,0,64]
[0,0,67108864,0,0,0,8,0,0,0,0,0,8388608,0,0,0]-[0,0,0,17825792,67584]
[0,0,0,0,0,0,64,0,0,0,0,0,1024,128,0,0]-[0,0,537133058,0,1024]
[0,128,67108864,0,0,0,0,0,0,0,4096,32,0,0,0,0]-[0,16,0,33555456,2097152]
[0,0,0,0,0,0,0,268435456,0,0,0,0,0,0,8192,0]-[16777216,0,4456448,0,512]
[0,0,0,256,0,8192,0,16,0,0,0,0,0,0,0,0]-[0,4096,16809984,0,128]
[0,0,0,0,0,0,0,0,1048576,0,0,0,4,0,0,0]-[2147747984,33833104,32768,8448,8448]
[2097152,0,0,0,0,0,0,0,0,0,0,32,0,0,0,0]-[2097152,262144,2,4194304,0]
[0,0,67108864,0,0,64,0,0,1048576,0,0,0,8,0,0,0]-[0,0,524288,524288,1152]
[0,0,0,0,0,0,0,0,4,0,4096,0,0,0,0,0]-[262400,2164261121,1241514496,4195840,10]
[0,0,0,0,0,64,0,0,0,0,0,0,0,0,0,128]-[514,0,10368,1,2]
[0,0,20971520,0,0,0,0,0,0,0,4096,0,0,0,0,0]-[0,0,436207616,1024,0]
[0,0,0,0,0,0,0,0,0,0,0,0,1048576,0,8,0]-[558892288,1049248,75763712,88080932,16960]
[0,0,0,0,0,1048576,0,0,0,0,4096,0,0,0,0,0]-[4096,537133056,0,67309576,0]
[0,0,0,0,0,0,0,0,1048576,0,0,1048576,1048584,0,0,0]-[1,4,1,134217728,0]
[0,0,67108864,0,8,0,0,0,0,0,0,0,0,0,0,0]-[140544107,2969651504,35780116,20775546,575489]
[2097152,268435456,67108864,0,0,0,0,0,0,0,0,0,0,0,0,0]-[0,256,0,33554432,2112]
[0,0,0,0,1,0,0,0,16777216,0,0,0,0,0,0,0]-[4194304,0,2,4098,0]
[128,0,0,0,0,0,0,0,0,0,0,256,0,128,0,0]-[0,0,536887296,32,131136]
[0,0,0,0,0,0,64,8,1048576,0,0,0,0,0,0,0]-[311296,0,524288,2654208,0]
[0,0,0,0,0,0,0,0,0,0,8,32,0,0,0,0]-[32832,2147483648,131104,1074790400,32]
[0,0,0,0,0,256,0,0,0,0,0,64,0,0,0,0]-[512,0,131072,0,257]
[0,0,67108864,0,0,0,0,0,0,16384,0,0,1048576,128,33554432,0]-[0,268435456,0,4096,98304]
[0,256,0,0,0,256,0,16,1048576,0,0,0,0,0,0,0]-[0,0,536870912,17,1048576]
[0,0,0,0,0,0,0,0,1048576,0,0,0,1049088,128,0,0]-[2359296,268435456,0,0,1024]
[0,0,0,0,0,0,512,0,1048576,0,0,0,0,0,0,0]-[327936,0,537133184,571998224,128]
[0,0,83886080,0,0,0,0,0,0,0,0,0,262144,0,0,0]-[2097152,536905728,34635776,66560,1049602]
[0,0,0,0,0,0,0,64,0,0,0,0,2147483648,0,0,0]-[0,0,4132,16384,0]
[0,0,0,0,0,0,0,0,1048576,0,0,0,0,536870912,536870912,0]-[16,4194304,0,0,132]
[16,0,67108864,0,0,0,128,16,0,0,8388608,0,0,0,0,0]-[8388608,0,8224,32768,0]
[0,0,268435456,0,0,0,0,0,1048576,0,0,0,0,0,0,0]-[8192,524300,1,268435456,2098176]
[2097152,0,0,0,0,256,0,0,0,0,0,0,1048576,128,0,0]-[1048576,0,0,136318976,0]
[0,0,67108864,0,0,0,8192,0,134217728,0,0,0,0,128,0,0]-[0,257,4,4144,0]
[0,0,0,0,0,0,0,0,1048576,512,0,0,0,536870912,0,0]-[0,16,128,33554496,0]
[0,0,0,16,0,0,0,0,0,0,0,0,262144,0,0,0]-[256,16384,128,65536,1572864]
[128,0,0,0,0,0,8192,0,0,0,67108864,0,0,128,0,0]-[0,0,536870912,65632,0]
[0,0,67108864,65536,0,8192,0,0,0,0,0,0,0,0,0,0]-[34078720,8192,1024,17104912,384]
[0,0,0,0,0,0,0,0,134217728,0,0,0,0,262144,0,0]-[545259520,2048,8,0,0]
[0,0,0,0,0,0,0,0,0,0,0,0,0,128,0,8]-[2114048,536870912,536870944,1074008080,263168]
[0,0,0,0,0,0,0,0,0,0,4096,0,0,32,0,0]-[2048,32768,4224,263172,0]
[1073741824,0,0,0,0,0,0,0,0,0,4096,0,0,0,0,0]-[1074069568,2147747872,262208,3221487616,2117632]
[0,0,0,0,0,0,131072,0,0,0,4096,0,0,0,0,0]-[1082392832,2168455233,1484849153,131080,2097160]
[0,0,0,0,0,64,0,0,0,0,0,0,0,16777216,0,0]-[0,0,1024,524352,32]
[0,0,0,0,0,0,0,256,1048576,0,0,0,262144,128,0,0]-[16,536870912,536870912,0,1048576]
[0,0,0,0,0,0,0,0,1048576,0,0,524288,1073741824,0,0,0]-[0,0,0,1077936640,1]
[0,0,1024,0,0,0,0,0,1048576,0,67108864,0,0,0,0,0]-[0,8388608,32768,1,4]
[0,0,67108864,0,0,2048,64,0,0,0,0,0,0,0,0,0]-[0,131072,0,1081344,2]
[0,0,0,0,0,0,0,0,0,0,4096,131072,0,0,0,0]-[513,67141632,301989904,33554432,4224]
[0,0,67108864,0,0,16777216,0,0,0,0,4096,0,1048576,0,0,0]-[16777217,33587208,0,0,0]
[0,0,0,0,32768,0,0,0,0,0,0,0,4096,0,0,0]-[512,2147483648,536870912,65536,0]
[0,0,67108864,0,0,0,4096,16,0,0,0,0,0,0,0,0]-[0,8,0,33554496,2097152]
[0,0,67108864,0,0,0,0,0,0,8388608,4096,0,0,128,0,0]-[64,536870944,0,0,32768]
[0,0,0,0,0,0,32,0,0,134217728,0,0,0,0,0,0]-[512,0,1026,134217728,0]
[0,0,67108864,0,0,0,0,0,1048576,0,4096,0,0,8192,0,0]-[0,256,0,33280,128]
[0,128,67108864,0,0,0,0,16,0,0,0,0,1048576,0,0,0]-[0,67109384,0,0,16384]
[0,0,67109888,0,67108864,256,0,0,0,0,0,0,0,128,0,0]-[0,2112,16384,0,524288]
[0,0,0,0,0,0,0,16777216,0,0,0,0,262144,128,0,0]-[16384,0,128,2097152,65536]
[0,0,128,0,0,8192,0,0,0,0,0,0,0,0,0,0]-[4718856,4096,134480896,1073774592,4096]
[0,0,67108864,0,0,0,64,0,1048576,0,0,0,0,32,0,0]-[0,0,0,33088,128]
[0,0,0,0,0,0,536870912,0,1048576,0,4096,0,0,128,0,0]-[0,8388608,524320,16,0]
[0,0,67108864,0,0,256,0,2,0,0,0,0,0,128,0,0]-[1,83886080,0,0,524288]
[0,0,0,0,67108864,0,0,0,134217728,0,4096,0,0,0,0,0]-[327680,5,513,0,136]
[0,0,67108864,0,0,0,0,0,0,0,0,16,0,0,0,0]-[199819363,640077369,302603316,2170331975,2163719]
[0,0,0,16,0,0,0,0,1048576,0,0,0,262160,0,0,0]-[16384,16384,0,0,655360]
[0,0,0,0,0,0,0,0,0,0,4096,0,0,4194304,0,0]-[20736,16785408,0,268568072,32898]
[0,0,67108864,0,0,0,0,4194304,0,0,0,0,0,0,0,0]-[2155872258,2420113440,1078558752,4194304,256]
[0,0,0,0,0,0,0,16,0,0,0,0,0,2147483648,0,0]-[573440,10028096,2692790784,2214723616,24576]
[128,0,0,0,0,0,0,0,135266304,0,0,0,1048576,0,0,0]-[2048,0,545259528,268435456,524544]
[0,0,0,0,67108864,0,8192,16,1048576,0,0,0,0,0,0,0]-[0,0,536870912,33554432,17]
[0,0,67108864,4,0,0,0,0,0,0,0,0,0,128,0,0]-[10,536870912,0,0,524288]
[0,0,1024,0,0,0,0,8,1048576,0,0,0,0,0,0,0]-[0,0,34816,268435458,0]
[1024,0,67108864,0,0,0,0,0,0,0,4096,0,0,0,33554432,0]-[0,4194308,1073741824,0,2]
[0,0,4096,0,32,0,0,0,0,0,0,0,1048576,0,0,0]-[0,2147483648,1073741824,1074266112,0]
[0,0,0,0,0,8256,1,0,0,0,0,0,0,0,0,0]-[0,4194306,0,0,10240]
[0,0,0,0,0,0,0,0,0,0,0,0,12,0,0,0]-[0,262144,0,2147483648,270336]
[1310848,0,0,0,0,256,0,0,0,0,0,0,0,0,0,0]-[0,0,8192,139328,0]
[262144,512,0,0,0,0,0,0,0,0,0,0,0,0,0,0]-[512,4,0,1572864,0]
[0,0,0,0,0,8192,0,0,0,0,0,0,0,0,67108864,0]-[839385092,1342701604,2885920,1091051520,4608]
[8388608,0,0,1048576,67108864,0,0,0,0,0,0,0,0,0,33554432,0]-[0,2048,1073741824,25165824,0]
[0,0,67108864,0,0,0,0,0,32,0,0,16,0,0,0,0]-[3,16,0,0,16]
[0,0,0,0,0,67108864,0,0,0,0,64,0,0,0,0,0]-[134217728,67108864,0,33554432,4096]
[0,0,67108864,0,0,0,0,0,0,0,0,4194304,0,128,0,0]-[134217728,0,528,0,256]
[128,0,0,0,0,0,32768,0,0,0,0,0,1048576,0,2,0]-[0,0,8192,2164391936,0]
[0,0,0,0,0,0,0,16,0,0,0,0,0,0,8388608,0]-[32768,0,26345984,2147483776,4097]
[0,0,0,4,0,256,0,0,0,0,0,0,0,0,0,0]-[0,0,268435456,2214592516,0]
[16,0,0,0,0,0,0,0,0,0,0,0,1048584,0,0,0]-[4194560,0,576,0,0]
[0,0,67108864,0,0,0,64,0,0,0,0,0,4096,0,0,0]-[0,0,2147483652,262145,0]
[0,0,0,0,0,256,0,0,0,0,0,4194304,0,0,0,0]-[0,1024,0,0,12289]
[0,0,0,0,0,1073741824,0,0,0,0,4096,0,0,65536,134217728,0]-[0,32776,8388608,0,65536]
[0,0,0,0,0,0,64,0,268435456,0,0,0,0,0,0,0]-[0,512,0,1073741824,65540]
[0,0,0,0,0,0,0,0,134217728,0,4096,524288,0,0,0,0]-[0,142608384,0,0,1024]
[0,0,67108864,0,0,0,0,0,2,0,0,0,1048576,0,0,0]-[21008387,20,2097152,32,65601]
[0,0,2,0,0,256,0,0,1048576,0,0,0,0,128,0,0]-[262144,0,8388609,0,131072]
[0,0,0,0,0,1024,0,0,1048576,0,0,0,0,0,0,0]-[16384,34603012,128,67141632,1]
[0,0,0,0,67108864,0,0,0,0,0,0,0,0,0,8192,0]-[2097152,537395200,0,65536,0]
[0,0,75497472,0,0,0,0,0,0,0,4096,0,1048576,0,0,0]-[8388608,100663296,0,4,0]
[0,0,8,0,0,0,0,0,0,268435456,0,0,1048576,0,0,0]-[128,2048,4194304,33554432,8]
[128,0,524288,0,0,0,0,0,0,0,0,0,1048576,8,0,0]-[134217728,0,16384,1073741825,0]
[128,0,0,0,0,0,0,0,0,0,0,0,0,0,2147483648,0]-[0,65536,8388608,131072,131072]
[0,0,0,2,0,0,0,0,0,0,4096,0,0,0,0,0]-[262144,0,80,67125248,16384]
[0,0,0,0,0,0,0,0,1048576,0,0,0,2097152,128,0,0]-[2097280,0,0,2048,8192]
[0,0,0,0,0,8192,0,0,0,0,0,0,0,1073741824,0,0]-[69748744,526336,72,131072,0]
[0,0,0,0,67108864,0,0,16,2048,0,0,0,0,0,0,0]-[8192,64,0,4194304,8]
[0,0,0,0,0,16384,0,0,0,0,0,0,0,16,0,0]-[8388608,0,64,0,18]
[0,0,16777216,0,0,0,0,0,0,0,0,0,0,0,524288,0]-[128,67108864,0,16777217,0]
[0,0,67108864,0,0,0,0,0,0,0,4096,0,262144,0,0,256]-[524288,1024,33554432,33554432,0]
[0,0,0,0,0,0,0,0,0,0,0,0,0,64,33554432,0]-[134217984,71303552,0,4194304,8]
[0,0,67108864,0,0,0,0,0,0,0,0,0,1048576,2,0,0]-[2097152,16859168,65536,1048592,0]
[0,0,67108864,512,0,0,0,1,0,0,0,0,0,0,0,0]-[0,32800,0,2147484672,0]
[0,0,0,0,67108864,0,0,0,1048576,0,0,0,0,512,0,0]-[256,0,16785440,0,0]
[0,0,0,0,67108864,0,0,0,0,0,0,0,8,128,0,0]-[128,0,2097154,262144,524288]
[0,0,0,4194304,0,0,0,0,0,0,0,0,1048576,0,0,0]-[1073872896,2147493394,8454478,4232,2083]
[0,0,67108864,0,0,0,0,0,16777216,0,0,32,1048576,0,0,0]-[3,16777216,0,2147483648,0]
[0,0,0,0,0,128,0,4096,0,0,0,0,0,0,0,0]-[288,512,1073741824,0,0]
[0,0,0,0,0,0,0,4,0,0,0,0,1048576,0,0,0]-[536870914,4096,2097152,16908292,0]
[0,0,0,0,0,128,0,1048576,0,0,0,0,0,128,0,0]-[0,67108864,0,1073741952,32768]
[0,0,0,0,0,134217728,0,262144,0,0,0,0,0,0,0,0]-[0,2113536,8,67108864,0]
[0,0,0,0,0,2147491840,0,0,0,0,4096,0,1048576,0,0,0]-[0,32768,0,0,16394]
[0,0,0,0,0,256,0,0,1050624,0,0,0,0,0,0,0]-[65552,0,64,2048,0]
[0,128,0,0,0,0,0,0,131072,0,0,0,0,0,0,0]-[0,2,1073742144,0,0]
[0,0,0,0,0,8192,8224,0,0,1,0,0,0,0,0,0]-[0,0,17039360,65536,8]
[0,0,0,0,0,0,0,0,262272,0,0,0,0,0,0,0]-[1073741824,2,16,0,1048576]
[0,2,0,0,0,0,0,0,0,0,512,0,0,0,0,0]-[2147500544,0,268435456,0,0]
[0,0,0,0,0,0,0,0,1048576,1073741824,0,0,1048576,0,8,0]-[16777216,1048576,262144,67108864,0]
[0,131072,0,0,0,0,0,128,1048576,0,0,0,0,128,33554432,0]-[131072,32,1073741824,32,0]
[0,0,1073741824,0,0,0,0,0,0,0,67108864,0,0,0,0,0]-[16384,10240,262144,0,4]
[0,0,0,0,0,0,16384,0,0,0,0,8192,0,0,0,0]-[0,0,128,1048576,65538]
[0,0,67108864,0,0,0,64,0,1048576,0,0,0,1048576,128,0,0]-[2129920,0,0,2097152,128]
[0,0,0,0,0,0,0,0,0,0,0,0,1048576,1,0,0]-[538974273,2147516480,18874368,68163584,12290]
[0,0,0,0,0,0,0,256,0,0,0,0,262144,0,4,0]-[268435472,131074,0,0,0]
[0,0,0,0,0,0,8192,8192,0,0,0,0,0,0,0,0]-[2684420096,384,536870912,69632,0]
[0,0,0,0,0,256,0,16,0,0,0,0,0,128,0,0]-[268714064,76614176,1613107268,469764288,1454144]
[128,0,0,0,16,0,0,0,0,0,0,0,0,0,0,0]-[128,0,128,0,2097153]
[0,0,67108864,0,0,0,131072,0,0,0,0,0,65536,0,0,0]-[0,0,65540,65536,128]
[0,0,0,0,0,0,0,0,134217728,0,0,0,0,16512,0,0]-[8,537919488,0,16,0]
[0,0,67108864,0,4,0,0,0,0,0,0,4096,0,0,0,0]-[0,0,532480,1,65536]
[0,0,67108864,0,524288,0,0,0,0,0,0,0,0,2,0,256]-[0,8,2097152,2,524288]
[128,0,0,0,0,0,0,0,16777216,0,0,0,1048576,128,0,0]-[0,0,536887296,268435456,524288]
[0,0,0,0,0,0,0,0,512,0,1048576,0,262144,0,0,0]-[0,0,4096,68,262144]
[0,0,0,0,0,8192,0,0,0,0,0,0,1048576,0,0,0]-[2883914502,3520331358,771062655,1907223295,1571759]
[0,0,0,0,0,2048,0,0,0,0,0,0,0,0,0,4]-[256,8388608,4,524288,0]
[0,0,0,0,16,0,0,0,0,0,0,0,1048576,0,262144,0]-[128,0,1,16781312,0]
[128,0,0,0,0,0,0,0,0,0,0,0,0,0,0,512]-[4194304,0,163840,0,32]
[0,0,67108864,0,0,0,0,0,0,0,4096,0,0,0,1024,0]-[0,0,268435472,4,2097152]
[0,0,67108864,0,0,0,0,0,16777216,0,134217728,0,0,0,33554432,0]-[36,2048,0,0,2]
[0,0,67108864,0,0,0,0,0,1048576,0,0,134217728,0,0,0,0]-[16777216,0,48,2148532224,256]
[0,0,0,0,0,0,0,536870912,0,0,0,0,16384,128,0,0]-[1048576,131072,8388608,128,0]
[128,0,67108864,0,67108864,0,0,0,0,0,0,16,0,0,0,0]-[0,2048,0,20971521,0]
[0,0,0,0,0,0,0,0,0,1,0,0,0,0,8388608,0]-[0,150994944,524544,0,0]
[0,128,0,0,0,0,64,0,0,0,0,256,0,0,0,0]-[1048576,131072,16,0,128]
[0,0,0,0,16384,0,64,0,1048576,0,0,0,0,0,0,0]-[65536,0,536870912,1024,1024]
[0,0,0,0,262144,0,0,0,0,0,0,1,0,0,0,0]-[0,1056768,0,1,2]
[64,0,0,0,0,0,0,0,16777216,0,0,0,0,0,0,0]-[4194305,0,16386,0,0]
[0,33554432,0,0,0,8192,0,0,0,0,0,0,0,0,0,0]-[536870924,1073741828,134746116,262160,128]
[256,0,67108864,0,0,0,0,0,0,0,0,0,1310728,0,0,0]-[0,64,268451840,0,4]
[0,0,1073741824,0,134217728,0,0,0,1048576,0,0,0,0,0,0,0]-[16384,0,0,1074266112,4]
[0,0,0,131072,0,256,0,0,0,0,0,0,0,0,0,0]-[1073741824,0,0,8192,2176]
[0,0,0,0,0,0,0,0,1048576,0,0,0,0,128,1024,0]-[262144,1073741856,8396800,4112,1048576]
[0,0,0,1024,0,0,0,0,0,0,67108864,0,0,0,0,0]-[16,0,2147483648,16777232,0]
[8388608,0,0,0,0,0,64,0,0,0,0,0,1048576,0,0,0]-[536870912,268451840,0,0,1048576]
[0,0,0,0,64,0,0,0,0,0,0,0,1048576,128,0,0]-[16384,65536,2097152,69206016,32768]
[0,0,0,0,0,0,8192,0,0,0,0,0,0,0,0,16]-[260,0,0,16384,65536]
[0,0,67108864,0,0,0,64,0,0,0,0,0,0,128,0,4]-[0,131072,524320,0,128]
[64,0,67108864,0,0,0,0,0,0,0,0,0,1048576,0,0,0]-[64,16797696,0,65536,0]
[0,0,67108864,0,0,8192,0,2048,0,0,0,0,1048576,0,268435456,0]-[64,16384,0,4,1048576]
[0,0,0,0,0,0,0,0,16777216,0,0,0,0,0,268435456,0]-[268435456,0,0,71303168,1]
[0,128,0,0,32,0,0,0,1048576,0,0,0,65536,0,0,0]-[0,0,64,1048578,128]
[268435584,0,67108864,0,0,0,0,0,16777216,0,0,0,0,0,0,0]-[0,0,1024,2147483650,64]
[0,0,67108864,16384,0,0,0,0,0,0,0,0,1048576,0,268435456,0]-[1,0,0,167772160,2]
[0,0,0,0,0,16384,8388608,524288,0,0,0,0,0,128,0,0]-[512,0,536870912,0,1056]
[0,0,67108864,0,67108864,0,0,0,0,4096,0,0,0,128,0,0]-[0,268566528,1048576,128,0]
[0,0,67108864,0,262144,0,0,0,0,0,4096,0,0,0,0,0]-[589888,33554432,33554432,262656,128]
[0,0,0,0,8421376,256,8192,0,0,0,0,0,0,524288,0,0]-[139264,0,0,268435456,1]
[0,0,0,0,0,0,0,8,0,0,4096,0,262144,0,0,0]-[262656,0,1207959552,294916,128]
[0,0,67108865,0,0,0,0,0,0,0,0,0,0,0,0,0]-[4194304,32776,1107308544,33554948,0]
[0,0,0,0,0,0,8192,0,0,0,4096,1,0,0,0,0]-[0,131072,0,65536,40]
[0,0,0,0,0,32768,0,0,0,0,0,0,1048576,128,0,0]-[1048576,16777248,0,4096,0]
[0,0,0,0,0,0,64,2097152,0,0,0,0,0,0,0,0]-[16384,2,512,524288,0]
[0,0,1048576,0,0,256,0,0,0,0,0,0,0,0,0,0]-[2147491840,256,2097152,0,0]
[0,16384,0,0,0,0,0,0,0,0,0,0,0,268435456,0,0]-[8,0,131072,557056,0]
[0,0,32768,0,0,0,0,16,0,0,4096,0,0,0,0,0]-[0,0,2,2147483664,262144]
[0,0,524288,0,0,0,8256,0,0,0,0,524288,0,0,0,0]-[1048576,536871040,4096,0,0]
[0,4096,67108864,0,0,0,0,0,1048576,0,0,0,0,0,0,0]-[0,65536,1073741824,32768,64]
[134217728,0,0,0,0,0,0,0,1048576,0,0,0,0,0,0,0]-[10519560,25428129,7168,302121088,2049]
[0,0,0,32,0,0,0,16,0,0,0,0,0,128,0,0]-[1,16777216,1074003968,0,0]
[0,0,67108864,0,0,0,8192,64,0,0,0,0,0,0,0,0]-[4718592,16384,2147483648,0,64]
[0,0,0,0,0,320,0,0,0,0,0,0,0,0,0,0]-[2416796369,2251439056,8918440,2701797697,926948]
[0,0,67108864,0,0,0,0,16,0,0,0,0,1048576,0,33554432,0]-[0,69632,0,4096,128]
[0,0,0,0,0,0,0,16384,0,0,0,0,0,128,0,0]-[33685586,2113,538189824,262148,262340]
[0,0,0,0,0,0,0,256,0,0,4096,0,0,0,0,0]-[1074268673,1076,142606353,4475392,2101256]
[0,0,67108864,65536,67108864,0,0,16,0,0,0,0,0,0,0,0]-[0,4,1054720,0,0]
[16384,0,67108864,0,0,0,0,0,1048576,0,4096,0,0,0,0,0]-[0,1096,0,0,65536]
[0,0,67108864,0,0,0,64,0,0,0,0,0,0,0,0,1024]-[0,8705,1024,16777216,0]
[0,0,0,0,0,0,0,0,134217728,0,0,0,0,134217728,0,0]-[603979776,0,134217792,1064960,2049]
[0,32,0,0,0,0,0,0,1048576,0,0,0,0,0,0,131072]-[4,536871168,64,0,0]
[0,268435456,67108864,0,0,0,0,0,0,0,0,0,16,0,0,0]-[0,8,1048576,2,1]
[0,0,0,0,0,8192,0,0,0,0,0,16777216,0,0,0,0]-[134283268,0,2360320,1,4096]
[0,0,0,0,0,0,0,16,0,0,0,0,0,0,0,65536]-[16810496,134225920,8388608,16908290,2097152]
[16777216,0,0,0,0,0,0,0,67108864,0,0,0,0,0,0,0]-[16785408,0,301989888,0,0]
[0,0,0,0,0,0,0,0,0,0,0,2,0,128,0,0]-[3162112,8653824,2692751489,0,4]
[0,0,0,4,0,0,0,0,1048576,0,0,0,512,0,0,0]-[0,8388864,0,67117056,0]
[0,0,67108864,0,0,0,8192,0,0,0,0,32,0,128,0,0]-[32842,0,557056,2097152,32768]
[0,0,67108864,0,67108864,0,0,0,0,0,4096,1073741824,0,0,0,0]-[0,2147614724,512,0,0]
[0,128,0,8192,0,0,0,0,0,0,0,0,0,0,0,0]-[0,8192,131104,32,0]
[0,0,0,0,0,64,0,0,1048576,0,1073741824,0,0,0,0,0]-[0,656,2048,8192,0]
[2097152,0,0,0,0,0,0,0,1048576,16777216,0,0,0,0,0,0]-[0,0,1073741824,272629761,0]
[0,0,0,0,0,0,0,0,0,0,0,0,1048576,536870912,16,0]-[0,33554432,16,1064960,0]
[0,0,67108864,0,0,0,0,16,5242880,0,0,0,1048576,0,0,0]-[0,4104,4096,0,16384]
[0,0,67108864,0,0,0,0,512,16777216,0,0,0,0,0,0,0]-[67108928,2097152,1073741824,0,0]
[0,0,0,0,0,64,0,0,16777216,0,0,0,1048576,0,0,0]-[16898,656,2048,0,64]
[0,134217728,0,0,0,0,0,0,0,0,0,0,16384,0,0,0]-[0,0,67108864,553648128,1]
[0,0,0,0,2,0,0,0,134217728,0,0,0,0,0,0,0]-[537133568,134742016,536870912,131088,32832]
[0,0,67108864,0,0,0,0,1073741832,1048576,0,0,0,0,128,0,0]-[4,0,0,134217728,192]
[32768,0,0,0,0,0,0,0,0,128,0,0,0,0,0,0]-[0,524288,2359296,33554432,0]
[0,0,0,0,0,0,0,0,0,0,0,1073741824,512,0,0,0]-[32768,0,32,67108864,512]
[0,0,0,0,0,256,8192,0,0,0,0,32,0,0,0,0]-[0,128,134221824,268435456,0]
[0,0,0,0,0,0,0,16,0,0,0,0,0,0,64,0]-[268437504,16400,536876032,0,1048576]
[0,0,0,0,262144,0,0,0,1048576,0,0,0,0,128,0,0]-[263177,0,6,64,1048576]
[0,0,0,0,0,384,0,0,0,0,4096,0,262144,0,0,0]-[0,8192,1,67109120,0]
[0,0,67108864,0,0,0,0,0,0,0,0,524288,1048576,536870912,0,0]-[2,268500992,0,33554432,0]
[0,0,67108864,0,0,0,0,0,67108864,0,4096,16384,0,0,0,0]-[524288,100663300,0,0,0]
[0,0,67108864,0,0,0,0,0,1048576,0,1,0,0,0,0,0]-[33619968,541065728,524288,33872,0]
[0,0,0,0,0,0,4,0,0,0,0,0,0,0,67108864,0]-[4,0,393216,0,4096]
[0,0,0,65536,0,0,8192,0,0,0,0,0,0,0,0,0]-[0,0,544,67108928,0]
[0,0,0,0,1048576,0,0,0,0,0,0,0,1048576,0,0,0]-[3407874,1048584,65552,272,160]
[0,0,67108864,0,0,268435456,0,8,1048576,0,0,0,0,0,0,0]-[4,33554432,1073741824,2097152,0]
[0,0,67108864,0,0,128,0,0,0,0,4096,0,0,0,4096,0]-[65536,8,0,384,0]
[8,0,67108864,0,0,0,0,0,16384,0,0,0,0,0,0,0]-[2151677952,768,0,0,0]
[0,0,0,0,0,8448,0,0,1048576,0,0,0,0,0,0,0]-[2147549568,269484048,8652817,269484032,257]
[0,268435456,67108864,0,0,0,32768,0,0,0,0,0,0,536870912,0,0]-[4,4112,0,16,0]
[67108864,0,0,0,0,0,8388608,0,0,0,0,0,0,0,0,0]-[0,134217728,0,306184192,0]
[0,0,67108864,0,0,0,0,16,134217728,0,0,0,0,0,0,0]-[64,335616556,1050624,2101728,18576]
[0,0,67108864,0,0,0,0,0,8388608,0,0,0,1048576,536871040,0,0]-[66,0,0,0,2097216]
[0,0,0,0,0,0,0,134217728,0,0,4096,0,262144,0,0,0]-[0,0,33554560,33619968,0]
[0,0,0,0,0,8192,0,0,0,0,0,0,0,0,0,128]-[8388612,4229124,64,16793601,2080]
[0,0,67108864,0,0,0,0,0,1048576,0,0,0,1024,0,0,0]-[0,512,33554432,850,64]
[0,0,67108864,4096,0,0,0,0,0,0,0,0,0,536870912,0,0]-[0,285212928,65536,0,0]
[0,0,0,0,0,0,0,0,8388608,0,4096,0,16777216,0,0,0]-[512,0,8388608,4194304,2]
[0,0,67108864,0,0,256,0,0,0,2048,0,32,0,0,0,0]-[9,0,0,8192,1048576]
[4096,0,0,0,0,0,0,0,0,0,0,0,8,0,0,0]-[4194320,0,64,0,1]
[0,0,0,0,0,0,8192,0,1048576,0,4096,0,0,128,0,0]-[18432,32,8388608,0,0]
[0,0,67108864,0,0,0,0,0,0,0,262144,0,0,536870912,0,0]-[64,4196352,0,0,128]
[0,128,16777216,0,0,0,0,0,0,0,0,0,0,128,0,0]-[140,0,0,262144,0]
[0,0,0,0,0,0,0,0,16779264,0,0,0,0,128,0,0]-[208,0,2097152,0,0]
[0,0,0,0,0,2147483648,0,0,0,0,4096,0,1048576,0,0,0]-[0,32772,0,0,32776]
[0,0,67108864,0,0,16,0,0,0,0,0,0,0,0,33554432,0]-[0,2415952896,2147483648,16777792,66]
[0,0,0,0,0,0,8192,0,0,0,2,0,0,0,0,0]-[0,0,64,16,1049088]
[0,0,256,0,0,0,0,0,135266304,0,0,0,0,128,0,0]-[5,1073741824,0,64,0]
[0,0,67108864,0,0,0,0,0,0,1,0,0,1048576,0,33554432,0]-[2097152,4096,0,0,192]
[0,0,0,0,0,0,0,16,0,8192,0,0,1048576,128,0,0]-[16384,0,2097152,136314880,0]
[0,0,0,0,0,0,0,2,0,0,128,0,0,0,0,0]-[33554432,0,0,131074,8]
[0,0,0,0,0,0,0,0,0,0,0,0,1052672,128,0,0]-[304088579,32,1610612742,1082133008,262144]
[128,0,0,256,0,0,0,0,1048576,0,0,0,0,0,0,0]-[131072,0,8388608,1,524288]
[128,0,0,0,0,0,0,0,1048576,268435456,0,0,0,128,0,0]-[16384,0,0,1073741954,0]
[0,0,0,128,0,0,0,0,0,2,0,0,0,0,0,0]-[0,0,4097,16785408,0]
[0,0,134217728,0,0,0,0,0,1048576,0,0,0,0,0,0,0]-[52429056,1073742592,58730633,2754609810,1408]
[0,524288,67108864,0,0,0,0,0,0,0,0,0,0,32,0,0]-[0,268435456,0,8192,2113536]
[0,0,67108864,0,0,0,0,0,0,0,0,0,8192,128,0,0]-[0,131137,0,0,68]
[0,0,67108864,32,0,0,64,0,134217728,0,0,0,0,0,33554432,0]-[2048,8,1073741824,0,2048]
[0,0,0,0,0,0,0,0,0,0,4096,4096,0,128,0,0]-[1048576,268435456,0,536870912,8192]
[0,0,0,0,32,0,8192,0,0,0,4096,0,0,0,0,0]-[65536,67108864,0,67108864,32]
[0,0,0,0,0,0,65536,0,0,16777216,0,0,0,0,0,0]-[0,16,0,2147614720,32]
[0,0,67108864,0,0,0,0,16,1024,0,0,0,0,0,0,0]-[0,2105344,524288,0,131072]
[0,0,0,0,0,8256,0,524288,0,0,0,0,0,0,0,0]-[0,3221225472,524288,0,32]
[268435456,0,0,2,0,0,0,0,0,0,0,0,0,0,8,0]-[8,512,0,67108864,1024]
[0,0,100663296,0,0,0,0,0,0,0,0,0,0,536870912,0,2]-[0,131072,65536,0,192]
[128,4,0,0,0,0,0,0,0,0,0,0,0,0,0,0]-[129,2097184,0,0,0]
[0,0,0,0,0,0,0,0,131072,0,0,0,0,0,33554432,0]-[0,4194464,1024,0,0]
[0,0,0,0,0,0,64,0,0,0,67108864,0,0,128,0,0]-[0,0,536870912,512,2105344]
[0,0,0,0,0,0,0,0,134217728,0,0,0,0,1024,0,0]-[2560,0,0,0,65]
[0,0,0,0,0,0,0,0,8,16777216,524288,0,0,0,0,0]-[16640,0,256,0,64]
[0,8388608,0,0,0,0,0,0,134217728,0,0,0,0,0,16384,0]-[262144,2097152,33554432,262144,0]
[0,0,0,524288,0,0,32,0,0,0,0,0,0,0,0,0]-[65536,134217728,32896,0,0]
[0,0,0,0,0,0,0,1024,0,0,0,0,0,128,0,0]-[33685512,268436481,8519812,4,65536]
[128,0,0,8192,0,0,0,0,1048576,0,0,0,0,0,0,0]-[0,65536,536870912,40960,0]
[0,0,67109888,0,0,0,0,0,0,0,0,0,0,128,0,0]-[4194306,83951688,2637864,3215368,2621440]
[0,0,0,134217728,0,0,8192,0,0,0,0,0,0,128,0,0]-[33554432,553648128,536870912,0,0]
[0,0,67108864,0,0,0,8192,16777216,0,0,4096,0,0,0,0,0]-[1,67108864,268435968,65536,0]
[0,0,67108864,0,0,0,8192,0,256,0,0,0,0,0,0,0]-[64,2359296,0,4,0]
[0,0,0,0,0,2048,0,0,0,0,0,0,0,32,0,0]-[0,16,536870912,16384,32768]
[0,0,67108864,4,0,0,0,8,0,0,0,0,0,0,0,0]-[0,64,8,2147491840,0]
[0,0,0,0,0,0,0,0,0,0,0,0,65536,128,0,0]-[269763098,1343294753,539132038,1210387014,42176]
[0,0,0,0,0,16384,0,0,0,0,0,0,1048576,128,0,0]-[2097345,0,0,0,1056]
[0,0,0,0,0,32,0,0,1048576,0,0,0,8,0,0,0]-[4,132,1,33554560,524416]
[0,0,0,0,0,0,0,0,536870912,0,0,0,262144,0,0,0]-[1048576,2281701382,16640,262144,0]
[128,0,0,0,0,288,0,0,0,0,536870912,0,0,8,0,0]-[0,2048,16384,131200,0]
[0,0,603979776,0,0,0,0,0,1048576,0,4096,0,0,0,0,0]-[0,2147483712,65536,0,16384]
[0,0,0,0,0,0,0,0,0,0,0,0,1310720,536870912,0,0]-[1064960,6149,0,0,0]
[0,0,0,0,0,0,4,0,0,0,0,0,1048576,0,0,0]-[135284737,1056899,339739154,1610612864,2080]
[0,0,67108864,0,0,0,0,0,0,33554432,0,0,0,0,0,0]-[105388138,587490604,1108413964,134222463,1721489]
[0,0,67108864,0,0,256,0,0,1179648,0,0,32,0,0,0,0]-[2147483648,33554432,32,2097152,0]
[0,0,0,0,0,1,0,67108864,0,0,0,0,0,0,0,0]-[512,0,16777218,256,0]
[0,0,0,0,0,0,0,0,0,0,4096,0,0,128,0,131072]-[268435968,603979841,128,12,32]
[0,0,0,0,0,0,0,0,0,0,4096,8388608,0,0,0,0]-[1074021121,2151817517,268440128,71451012,128]
[0,128,0,0,0,0,0,0,0,0,0,2097152,0,0,0,0]-[512,0,0,1077940224,0]
[0,0,0,0,0,0,0,0,2048,0,4096,0,0,128,0,0]-[268435520,0,0,67584,0]
[0,0,0,0,0,0,128,524288,0,0,0,0,0,0,0,0]-[131072,0,513,0,8]
[0,0,0,0,0,0,0,16,0,64,0,0,0,0,0,0]-[269221888,2172936,134218240,524608,16425]
[0,0,0,0,0,0,2,0,0,0,0,0,262144,0,0,0]-[32,8,0,536870912,132]
[0,0,0,0,0,0,0,0,0,262144,4096,0,0,0,0,0]-[16777216,0,33555072,4194304,32768]
[262144,0,0,0,0,0,64,0,0,0,0,0,1048576,0,0,0]-[32768,4,0,1048576,4096]
[0,0,67108864,0,0,0,0,0,1048576,0,4,0,0,0,0,0]-[0,32,0,1,84]
[0,0,0,0,0,64,0,131072,0,0,0,0,0,0,0,0]-[2147483648,512,0,8388608,2]
[0,0,0,0,0,0,0,0,0,0,4096,256,0,128,0,0]-[0,0,4096,33718272,0]
[0,0,0,0,0,256,0,4096,1048576,0,0,0,0,0,0,0]-[256,512,262144,0,8192]
[0,0,0,0,0,0,0,8388608,0,0,0,0,0,4194432,0,0]-[64,536870912,147456,0,0]
[0,0,0,0,0,0,8192,0,0,0,0,0,256,0,0,0]-[2148532224,0,67371008,16,0]
[2147483648,0,67108864,0,0,8192,0,0,0,0,0,0,0,0,0,0]-[16777216,536870912,8212,65536,49152]
[0,2359296,0,0,0,0,0,0,1048576,0,0,32,0,0,0,0]-[16,0,0,4196352,8192]
[0,0,0,0,0,0,33554432,0,1048576,0,0,0,256,0,0,0]-[0,512,262144,64,1]
[0,0,0,0,0,0,0,0,17825792,0,0,0,0,128,0,0]-[50487697,3490709792,545522849,419437538,532628]
[2097152,0,0,0,0,0,64,0,1048576,0,0,0,0,128,0,0]-[49153,0,1073741824,0,0]
[0,0,0,0,0,0,0,0,0,0,67108864,1048576,1,0,0,0]-[16384,0,1140850688,1024,0]
[0,0,67108864,0,0,0,0,4096,1048576,0,0,0,0,128,0,0]-[0,268435456,0,0,1572992]
[0,0,0,0,0,64,8192,0,0,0,0,0,0,128,0,0]-[268435520,2048,524288,536870912,64]
[0,0,0,0,67108864,0,0,0,262144,0,0,0,262144,0,0,0]-[0,2,2,0,1572864]
[0,0,0,0,262144,0,0,0,0,0,8192,0,0,0,0,0]-[0,134217728,67633152,0,32768]
[0,0,0,0,0,0,0,0,1048576,8192,0,0,262144,0,0,0]-[2097152,536936448,16777216,2561,8192]
[0,0,0,0,0,0,0,0,0,0,4096,0,0,0,0,256]-[277680128,4326440,1384140868,3795994624,160]
[0,0,0,0,256,0,0,0,0,0,0,0,0,128,0,0]-[131072,536870912,2147483648,2048,524288]
[0,0,71303168,0,0,0,0,0,0,0,0,0,0,0,0,0]-[151519299,2147512320,2181103616,135266624,2228545]
[0,0,0,0,524288,0,0,0,8192,0,0,0,0,0,0,0]-[1073741824,0,128,2147483648,1]
[0,0,0,0,0,0,268435456,0,0,0,0,0,0,128,0,0]-[136,393216,163842,0,2228256]
[0,0,0,0,2097152,0,0,16,0,0,0,0,0,0,0,0]-[0,40,134218048,2147485696,1048576]
[0,0,67108864,0,0,64,0,0,0,0,0,0,1048576,0,0,128]-[0,2048,8192,0,1026]
[128,0,0,0,0,256,0,0,0,0,0,0,0,536870912,0,0]-[0,0,8,16793601,0]
[0,0,0,0,0,64,0,0,68157440,0,0,0,0,128,0,0]-[0,1048576,8396928,0,0]
[0,256,0,0,0,0,0,0,0,0,0,0,0,0,4096,0]-[1025,0,0,0,16385]
[0,0,0,0,67108864,0,0,16,0,0,0,0,1048576,0,0,0]-[32768,8388616,4096,2248151040,2109472]
[0,0,0,0,0,0,0,0,1048576,0,0,0,0,0,0,2048]-[2147516417,269812096,2176,1212688384,256]
[0,0,0,0,0,0,0,0,1048576,0,0,0,1048576,512,0,0]-[16384,4,262144,1048576,0]
[0,0,67108872,0,0,8192,0,0,0,0,0,0,0,0,0,0]-[6291464,4,33796,98321,2]
[0,0,67108864,0,0,64,0,0,0,0,512,0,0,0,0,0]-[0,0,528392,0,1024]
[0,0,0,0,0,0,0,16,1048576,0,0,32,8,128,0,0]-[16384,32,0,96,0]
[0,0,0,0,0,0,0,0,16777216,0,4096,0,0,32,0,0]-[0,16777216,0,32768,4224]
[0,0,0,8388608,0,0,0,0,0,0,4096,0,0,128,0,0]-[268435456,256,0,2560,0]
[0,0,0,0,0,0,0,262144,1048576,0,0,0,0,128,0,0]-[2048,536870912,536903680,67108864,8192]
[0,0,0,0,0,320,0,0,0,0,4096,0,1048584,0,0,0]-[1,67108864,0,131080,0]
[0,0,0,0,0,0,0,16,0,0,8388608,0,8,0,0,0]-[2147483648,4096,0,0,270336]
[0,0,0,0,0,0,0,0,0,67108864,0,0,0,128,0,0]-[34865168,621152256,545546240,1140916288,32]
[0,0,4096,0,0,0,0,2048,0,0,0,0,0,0,0,0]-[268435456,8192,0,16777216,524288]
[0,0,0,0,0,0,32,0,16777216,134217728,0,0,0,0,0,0]-[134217728,0,514,134217728,0]
[0,0,67108864,0,0,0,64,0,0,0,256,0,0,0,0,0]-[32,8192,0,4608,0]
[0,0,67108864,0,0,8192,0,0,0,0,0,0,0,8192,0,0]-[0,8192,2097152,16777216,256]
[0,0,1073741824,0,0,0,0,0,0,0,0,0,0,128,0,0]-[34652882,277220416,546840582,1887770742,73764]
[0,0,67633152,0,0,0,0,0,1048576,0,0,0,0,0,0,0]-[4,512,1107298336,2149090960,1024]
[0,0,67108864,0,0,0,0,0,1048576,0,4096,0,0,536870912,0,0]-[0,276,0,256,0]
[0,0,0,0,67108864,0,0,268435456,0,0,0,134217728,0,0,0,0]-[2048,2048,0,0,524800]
[0,0,0,0,0,0,0,0,0,0,65536,32,0,1048576,0,0]-[0,524288,9216,8,0]
[0,0,0,0,0,1073742080,0,0,0,0,0,0,0,0,0,0]-[1024,128,8392704,2147487744,256]
[0,0,0,0,0,0,0,0,0,16777216,0,0,0,128,0,0]-[33819148,268435456,2150113312,276828178,2097316]
[0,0,0,0,0,0,0,0,0,4194304,0,0,0,0,67108864,0]-[4,0,2048,1073741824,262144]
[0,0,67108864,0,0,0,0,0,0,0,4096,131072,1048576,0,0,0]-[2097152,32769,33554448,33554432,128]
[128,0,0,0,0,0,0,0,0,128,4096,0,0,0,0,0]-[512,0,0,268517376,0]
[0,0,0,0,4,0,0,0,16777216,0,0,0,0,0,0,0]-[0,512,1024,268435464,0]
[0,0,67108864,0,0,0,64,0,0,0,0,0,0,0,32768,0]-[4,266240,268435456,0,0]
[0,0,67108864,0,0,8388608,0,0,0,0,134217728,0,0,0,0,0]-[4,0,2147483648,0,130]
[0,0,67633152,0,0,8192,0,0,0,0,4096,0,0,128,0,0]-[268452352,0,0,2048,0]
[0,32,67108864,0,0,0,64,0,0,0,0,0,0,0,0,0]-[34817,67108864,512,0,2048]
[0,262144,0,0,0,0,0,0,0,0,0,0,262144,0,0,0]-[16384,0,258,1024,0]
[64,128,67108864,0,0,0,0,0,0,0,4096,0,0,0,0,0]-[0,33816584,0,0,16384]
[1048704,0,0,0,0,0,0,0,0,0,0,0,0,0,0,0]-[67256896,0,33562624,323166256,0]
[0,0,67108864,0,0,0,0,0,0,512,0,0,0,0,0,0]-[250150952,570831668,37258544,2336854361,3688579]
[0,0,67108864,0,0,0,0,0,0,0,0,0,0,0,536870912,0]-[2361393249,323010877,3323003184,2339222192,672916]
[0,0,67108864,0,0,0,0,0,1048576,0,0,0,0,6,0,0]-[0,268435456,8192,524320,0]
[0,0,16384,0,0,256,0,0,1048576,0,0,0,0,0,0,0]-[0,8389376,8388608,0,0]
[0,0,0,0,0,0,0,0,0,2048,0,0,1048576,0,0,0]-[1073742080,128,0,32,0]
[0,0,0,0,0,0,0,0,0,0,0,8,0,128,0,0]-[33571460,1090519328,1611792384,67109376,164032]
[0,131072,67108864,0,0,0,0,0,0,0,0,0,262144,0,0,0]-[0,165888,0,2097152,0]
[0,0,67108864,0,131072,0,0,0,0,0,0,0,1048576,0,0,0]-[2147483648,1024,1073741824,32,0]
[0,4194304,67108864,0,0,0,0,0,134217728,0,0,0,0,0,0,0]-[0,0,2097176,288,128]
[0,0,67108864,0,0,8192,0,0,0,1048576,0,0,0,0,0,0]-[65538,2048,0,16,128]
[0,0,67108864,0,4,0,0,0,0,0,0,0,1048576,0,0,0]-[16812032,2164261384,12816,18087936,66579]
[0,0,0,0,0,8192,0,0,0,16384,67108864,0,0,0,0,0]-[16,8,65536,536870912,0]
[0,0,0,0,0,0,0,0,135168,65536,4096,0,0,0,0,0]-[524288,4194336,0,0,32]
[0,8388608,0,0,0,256,0,0,1048576,0,0,0,0,0,0,0]-[0,33554432,1073741824,2048,8192]
[0,16777216,0,0,0,131072,0,0,0,0,4096,0,0,0,0,0]-[256,2147483648,65,0,0]
[0,128,67108864,0,0,0,0,0,0,0,0,0,0,0,0,4096]-[2,8,0,262144,16]
[0,0,67108864,0,2147483648,0,0,0,1048576,0,0,0,0,0,0,0]-[0,272646144,0,384,131456]
[0,0,0,0,0,256,524288,0,0,0,0,0,0,128,0,0]-[0,65536,8519712,0,0]
[0,0,0,0,0,0,0,0,0,0,4096,0,0,536871040,0,0]-[1310787,268568577,1073741953,1073807376,655492]
[0,0,67108864,0,0,0,16,0,0,0,0,0,0,0,0,0]-[33554432,536872232,1140891648,1056768,6]
[0,0,67108864,0,0,0,0,0,0,0,4096,16384,0,0,0,0]-[8914944,71303436,4096,1024,49152]
[0,0,67108864,0,0,65536,0,0,0,0,0,0,0,0,0,0]-[0,64,65536,0,3072]
[2147483648,0,0,0,0,32,0,0,0,0,0,0,0,0,0,0]-[131072,1572864,2,0,0]
[0,0,0,0,0,0,0,16,0,0,262144,0,0,0,0,0]-[1327104,134217728,165888,671088640,10248]
[128,0,0,0,0,0,0,0,0,0,0,0,0,0,1073741824,0]-[33570816,0,33554432,0,4096]
[0,0,8192,0,0,0,0,0,1048576,0,16384,0,1048576,0,0,0]-[65792,0,1073741824,32,0]
[0,0,0,0,0,8388608,0,16,0,0,0,0,0,0,0,0]-[136314880,9439232,8393216,32,41472]
[0,0,67108864,0,0,0,0,64,0,0,0,0,0,256,0,0]-[2147483648,34816,0,0,1024]
[0,0,0,0,0,256,0,16,135266304,0,0,0,0,0,0,0]-[16,8388608,0,2097408,0]
[0,262144,0,0,0,0,0,0,0,1024,0,0,0,128,0,0]-[33554440,0,8388608,0,524288]
[0,0,0,0,1,0,0,0,1,0,0,32,0,0,0,0]-[0,524288,8704,536870912,0]
[0,0,0,0,0,0,0,0,262144,0,0,0,0,0,33554432,0]-[0,512,1048576,68157440,0]
[0,8,0,0,0,0,33554432,16,0,0,0,0,0,0,0,0]-[0,512,131072,64,262144]
[128,0,0,0,0,288,0,0,0,0,0,0,0,0,0,0]-[16384,0,0,16842880,0]
[0,0,0,1024,0,0,0,0,0,0,0,0,0,128,0,0]-[2229265,8652032,10485764,536871124,860256]
[0,0,67108864,0,0,0,0,0,0,1074266112,0,0,0,0,0,0]-[0,32768,1024,65536,1]
[0,128,1024,0,0,0,0,0,0,0,0,0,0,0,67108864,0]-[0,0,67108864,285212672,262144]
[0,0,0,33554432,0,256,0,0,0,0,0,0,0,128,0,0]-[1024,268435456,0,67108864,1024]
[0,0,67108864,1073741824,0,0,8192,0,0,0,0,0,0,0,0,0]-[0,8192,67108864,256,1]
[0,0,0,0,0,0,0,0,8388608,0,4112,0,0,0,0,0]-[0,32768,1,268436480,0]
[0,262144,0,0,0,4096,0,0,0,0,0,0,262144,0,0,0]-[256,4096,256,1024,0]
[536870912,0,0,0,0,0,0,16,0,0,4096,0,0,0,0,0]-[64,24,134217728,0,0]
[0,0,32,0,0,0,0,0,0,0,0,0,1048576,128,0,0]-[262145,0,8192,0,32768]
[0,0,16777216,0,0,64,0,0,1048576,0,0,0,0,0,0,0]-[268500992,4096,1152,64,66]
[0,0,0,0,0,2,64,0,0,0,0,0,0,0,0,0]-[2,16,263168,0,0]
[0,0,67108864,0,0,0,0,0,0,0,4096,0,1048576,4194304,0,0]-[0,0,16,512,32896]
[285212672,0,67108864,0,0,256,0,0,0,0,0,0,0,0,0,0]-[65600,268435456,268435456,0,0]
[0,0,0,0,0,1073741824,0,0,134217728,0,0,0,0,0,0,0]-[536870912,0,0,16416,8]
[0,0,0,0,0,0,0,1,1048576,0,0,0,0,0,0,0]-[2147581952,844120080,549988561,573055233,1048597]
[0,0,67108864,0,0,8192,0,0,0,0,0,0,1048576,0,67108864,0]-[2,32768,0,0,130]
[0,0,0,0,0,0,8192,0,0,0,0,0,0,128,8,0]-[34603008,0,4,67108864,0]
[128,0,0,0,0,0,0,0,0,0,0,4194304,0,0,0,0]-[1073741824,2048,0,48,0]
[0,0,0,0,65536,0,0,0,0,0,0,0,0,16384,0,0]-[8192,128,33554432,262144,0]
[0,0,67108864,0,0,64,0,0,0,0,0,0,0,536870912,0,0]-[66,2147490064,5120,2147483712,1222]
[0,0,67108864,0,0,0,0,0,0,262144,0,0,65536,0,0,0]-[0,0,16,25,0]
[0,0,67108864,0,0,0,0,0,0,0,536870912,0,1048576,0,0,0]-[4,2147549184,2064,2147491840,1026]
[128,0,67108864,0,0,0,0,0,1048576,0,0,0,1,128,0,0]-[0,0,40960,32,68]
[0,0,0,0,0,0,0,0,1179648,0,0,0,1048576,0,0,0]-[128,16384,0,134217728,64]
[0,0,0,0,0,0,0,16,0,67108864,4096,0,1048576,0,0,0]-[16384,0,0,67109120,4096]
[0,0,0,0,0,8388864,0,0,0,0,0,0,0,128,0,0]-[268435456,1048576,131072,67108864,0]
[0,0,0,0,0,0,0,0,0,4194304,0,0,1048576,0,0,0]-[553648128,98306,33554448,2214592512,21504]
[0,0,0,0,0,8192,0,0,0,0,4096,0,128,0,0,0]-[589824,8192,64,0,0]
[0,0,4,0,0,0,0,0,0,0,0,0,0,0,8,0]-[268435456,0,33554432,33554433,0]
[0,524288,0,0,0,0,0,0,0,0,0,0,0,128,0,0]-[133266,554696960,139266,2097280,2367524]
[0,8,67108864,0,0,0,0,16,1048576,0,0,8388608,0,0,0,0]-[65536,0,1073750016,1024,0]
[0,32,0,0,0,0,0,0,1048576,0,0,0,1048576,0,0,0]-[2304,16,16777216,1074266112,0]
[0,0,67108864,0,0,64,0,0,0,0,64,0,0,0,0,0]-[2048,2147483648,0,0,68]
[0,0,0,0,0,268435456,0,0,0,0,0,0,0,0,33554432,0]-[395264,12322,2048,0,0]
[0,0,0,1,0,64,0,0,16777216,0,0,0,0,536871040,0,0]-[2,256,128,64,0]
[0,0,0,0,0,0,0,16,0,0,0,0,0,0,0,1]-[0,134217728,163840,0,1048576]
[0,0,0,0,0,0,0,0,0,0,0,0,262144,0,512,0]-[0,131074,128,65536,0]
[0,0,0,0,0,0,8192,0,2048,0,0,0,1048576,0,0,0]-[0,1048576,8192,2228224,0]
[2,0,0,0,0,32,0,0,0,0,0,0,0,0,0,0]-[262146,0,0,16777216,524288]
[0,0,0,0,536870912,0,0,0,1048576,0,0,0,0,0,0,0]-[2147942404,1074790416,559184,512,139392]
[128,0,0,0,0,0,0,0,1050624,0,0,0,0,0,0,0]-[262144,0,536870912,2147483648,524288]
[0,0,0,0,0,256,0,16,16777216,0,0,0,0,128,0,0]-[0,1114112,131072,2097152,0]
[0,0,67108864,0,0,0,0,16,0,0,0,32,0,0,0,0]-[2281734218,2181038608,33587456,2183135232,3178624]
[0,0,67108864,2147483648,0,0,0,16,0,0,4096,0,0,0,0,0]-[0,131072,301989888,262144,0]
[128,0,0,0,0,262144,0,0,16777216,0,4096,0,0,0,0,0]-[0,0,0,268468360,0]
[0,0,0,1,0,0,0,0,134217728,0,4096,0,262144,0,0,0]-[0,163840,0,67109888,0]
[0,0,0,0,0,0,0,0,0,0,0,256,8,0,0,0]-[131104,64,4096,0,0]
[0,0,0,0,0,0,0,0,2048,0,0,0,8,0,0,0]-[128,32768,2097152,2048,2]
[0,0,0,0,0,8192,0,0,16777216,0,0,0,1048576,0,0,0]-[146800640,2147550208,536870985,2688,8196]
[4194304,0,0,0,0,0,0,16,0,0,0,0,0,0,0,0]-[0,8392704,256,268435456,1]
[0,0,67108864,0,0,0,67108864,0,1048576,0,0,0,0,128,0,0]-[33554436,0,0,64,64]
[0,0,0,0,64,0,0,0,0,0,0,0,0,0,2147483648,0]-[0,16384,0,0,32792]
[128,0,0,0,0,0,0,16,0,0,0,0,0,128,0,0]-[16448,65536,2156003330,67109104,2097184]
[0,0,0,0,0,0,0,16384,135266304,0,0,0,0,0,0,0]-[65552,0,1073741824,0,128]
[0,0,0,0,0,0,0,0,0,0,4096,0,0,128,67108864,0]-[64,553648128,2147483648,1610612736,393252]
[0,134217728,0,0,0,8192,0,0,1048576,0,0,0,0,0,0,0]-[536870912,2048,0,262144,32]
[0,0,0,0,0,0,0,0,0,0,0,0,0,128,0,32]-[268566608,813826048,393344,2112,263296]
[0,0,0,0,33554432,0,0,0,1048576,0,0,0,0,0,0,0]-[33554448,12582916,17563648,1140850690,4]
[0,0,67108864,0,0,0,8,0,0,0,0,0,8,0,0,0]-[0,64,4096,4194336,0]
[0,0,0,0,67108864,0,0,0,0,0,0,0,2,0,0,0]-[256,16777216,4096,536870912,0]
[128,0,0,0,0,0,0,0,0,8,0,0,536870912,0,0,0]-[536870912,2214608896,0,0,0]
[0,0,67108864,0,0,64,0,2,0,0,0,0,0,0,0,0]-[41943040,0,16,0,256]
[0,0,0,0,0,8,0,0,0,0,0,0,0,65664,0,0]-[16,0,4,1207959552,0]
[0,0,0,0,0,0,0,0,0,0,0,0,0,512,512,0]-[0,131072,1024,2048,65536]
[128,0,0,0,0,0,0,0,0,0,0,0,0,134217856,0,0]-[279040,268435712,536887296,0,131072]
[0,0,0,0,0,0,0,0,0,0,0,33554432,0,0,0,65536]-[0,8,262152,1048576,0]
[0,0,0,0,0,0,0,0,1048576,0,0,0,0,131072,0,0]-[2181038336,4194304,16777248,536871040,1236]
[0,0,0,268435456,0,0,0,0,1048576,0,0,0,1048576,0,0,0]-[262144,33554464,0,0,64]
[0,0,67108864,262144,0,0,0,0,0,67108864,0,0,1048576,0,0,2]-[2,0,8208,256,0]
[0,1048576,0,0,0,134217728,0,0,0,0,0,0,0,0,0,0]-[32,32768,0,67110912,0]
[0,0,0,0,0,0,0,16,1048576,0,4096,0,0,0,0,0]-[17647681,818151440,1098907840,2587936160,16384]
[0,0,67108864,0,0,0,8192,0,1048576,4096,0,0,0,0,0,0]-[0,16384,0,134217728,524352]
[0,0,67108864,0,0,0,0,1073741824,0,0,0,0,32,0,0,0]-[0,8704,0,0,16386]
[0,0,67109888,0,0,0,0,8,0,0,0,0,0,0,0,0]-[8388608,1024,2147483664,0,0]
[0,0,67108864,0,0,8,0,0,0,0,0,0,0,128,0,0]-[64,65536,1073741824,128,0]
[0,0,0,0,0,0,512,0,0,0,67108864,0,0,0,0,0]-[0,0,32768,8,40]
[0,0,67108864,0,0,0,0,0,1,0,0,0,1048576,0,0,0]-[0,19008,4194336,16777749,147456]
[0,0,268435456,0,0,0,0,0,0,0,67108864,0,0,0,0,0]-[0,0,131073,1024,1024]
[0,0,0,0,0,0,16777216,0,0,0,0,0,0,0,67108864,0]-[131072,512,0,0,2176]
[0,0,0,0,0,0,0,0,0,0,4096,536870912,1048576,0,0,0]-[64,67108896,65537,20480,128]
[128,0,0,131072,0,0,0,0,0,0,0,0,0,0,0,0]-[675283456,16386,2248146962,34,163872]
[0,0,128,0,16777216,0,0,0,0,0,4096,0,0,0,0,0]-[256,1024,512,0,4096]
[0,0,67108864,0,0,0,0,0,134217728,0,0,33554432,0,0,0,0]-[16777216,2097152,512,262144,0]
[0,0,0,268435456,0,0,0,0,2147483648,0,0,0,0,0,0,0]-[2304,134217728,0,2147483648,0]
[0,0,67108864,0,0,0,0,0,1048576,0,0,0,1048576,0,0,32]-[0,16384,8192,2181038080,0]
[0,128,0,0,0,32,0,0,0,0,0,0,65536,0,0,0]-[0,524292,0,33554432,32768]
[0,0,0,16,0,0,0,0,0,0,0,0,0,0,67108864,0]-[0,8320,268435456,75517984,0]
[0,1073741824,67108864,0,0,0,0,0,0,0,0,0,0,0,536870912,0]-[0,264,0,2147483680,0]
[0,0,2,0,0,262144,0,0,0,0,0,0,0,0,0,0]-[33554688,4096,1073741824,0,0]
[0,0,0,0,0,0,0,8,0,0,0,0,65536,0,0,0]-[268435456,128,32768,0,2097156]
[4,8192,0,0,0,0,0,0,0,0,0,0,0,128,0,0]-[4,16777216,8192,67108864,0]
[0,0,0,0,0,256,0,0,0,0,4096,0,256,0,0,0]-[320,0,1073807361,2304,0]
[0,0,0,0,0,0,0,0,16777216,0,0,0,0,0,4096,0]-[16777216,1073741824,0,2097152,16384]
[0,0,67108864,0,0,134217728,0,0,0,0,0,0,0,0,0,0]-[231211073,841042024,2517698060,2197849305,3327249]
[0,0,0,0,0,256,0,16777216,1048576,0,4096,0,0,128,0,0]-[262144,256,1,268435456,0]
[0,0,524288,0,0,0,0,0,0,0,33554432,0,0,0,0,0]-[0,536887296,262144,0,16384]
[0,0,0,16777216,0,0,0,0,0,0,0,0,262144,0,0,0]-[269484032,12288,572555264,71368704,0]
[0,0,0,0,0,0,0,0,0,0,0,524288,2,0,0,0]-[4096,0,524290,256,0]
[2147483648,0,0,0,0,0,8192,0,0,0,0,0,0,0,0,0]-[67108864,603979776,68,67108864,16]
[0,0,0,0,0,0,0,0,134217728,0,0,0,16777216,128,0,0]-[268435976,0,0,0,128]
[0,0,0,0,0,0,0,0,0,0,0,1,0,0,2,0]-[0,65536,0,536870912,40]
[0,32800,0,0,0,0,0,0,1048576,0,0,0,0,0,0,0]-[16384,0,0,1074266112,128]
[16384,0,67108864,0,0,8192,0,0,0,0,0,0,0,0,0,0]-[65544,0,0,1,128]
[0,0,8192,0,0,0,0,0,134217728,0,0,0,0,0,0,0]-[65536,0,1073741824,1073758208,0]
[0,0,0,131072,0,0,0,0,0,0,16384,0,0,0,0,0]-[0,1024,67108866,2097152,0]
[0,0,0,134217728,0,0,0,16,0,0,0,0,0,0,0,0]-[262144,1025,1152,0,8]
[0,0,67108864,0,0,64,0,0,8388608,2147483648,0,0,0,128,0,0]-[64,0,0,64,1088]
[0,0,67108864,0,0,0,0,2147483680,0,0,4096,0,0,128,0,0]-[0,256,0,4224,32768]
[0,0,0,0,4194304,0,0,0,0,16,0,0,0,0,4,0]-[16777216,1073741824,65536,4096,0]
[0,0,67108864,0,0,0,0,0,0,0,0,0,1048576,0,4096,0]-[2147549184,0,1140852748,262272,131072]
[0,0,67108864,0,0,0,0,0,1048576,0,67108864,0,0,0,0,0]-[0,1032,98312,52434433,132228]
[0,0,0,0,0,0,0,0,0,0,4096,0,1048576,128,0,0]-[1362381381,352528497,1327655,2095536958,3122342]
[128,0,1048576,0,0,0,0,0,0,0,0,0,0,0,0,0]-[512,0,32768,1056768,0]
[0,0,0,0,0,8192,0,0,134217728,0,0,0,1048577,0,0,0]-[536870912,0,0,16777216,16392]
[0,0,0,0,0,0,0,0,20971520,0,0,0,0,0,0,0]-[16777216,1073741824,0,2048,16384]
[0,0,67108864,0,0,256,0,0,1048592,0,0,0,0,0,0,0]-[2052,262160,0,0,0]
[0,0,67108864,0,0,0,8192,0,0,0,33554432,0,0,0,0,0]-[67174400,0,4096,33554432,0]
[0,0,0,0,0,0,0,268435472,0,0,0,0,0,0,0,0]-[84965440,142606338,25694818,2147483856,3147784]
[0,0,0,0,0,0,0,0,0,0,1073741824,0,66560,0,0,0]-[0,2176,0,32768,2097152]
[1048576,0,0,0,0,0,0,0,0,0,0,0,0,8192,0,0]-[0,1074003968,0,16388,0]
[0,0,67108864,0,0,0,0,0,0,0,0,0,0,0,33554432,4096]-[134217728,4194336,1073741824,0,0]
[0,0,512,0,0,0,0,0,1048584,0,0,0,65536,0,0,0]-[65536,0,0,2050,64]
[0,0,0,0,0,8388608,0,0,1048576,0,0,0,0,524288,0,0]-[133120,0,16,268435456,0]
[0,0,0,0,0,256,0,0,1048576,0,0,0,64,128,0,0]-[0,1048576,32,268437504,0]
[0,0,0,0,0,0,0,0,0,0,0,0,0,0,131072,4]-[32784,0,0,1090519040,0]
[0,0,0,0,0,0,0,0,1048576,0,0,0,262144,0,262144,0]-[2097152,4,32768,0,8192]
[0,0,67108864,0,0,0,0,0,0,0,33554432,0,0,0,1,0]-[0,0,4,4,144]
[0,0,0,0,0,0,33554432,0,134217728,0,262144,0,0,0,0,0]-[0,1048578,12,0,0]
[32768,0,0,0,0,0,0,0,0,0,0,0,0,0,0,16]-[256,0,0,8193,65536]
[0,0,0,0,0,8192,0,131072,0,0,0,0,0,0,0,0]-[8388624,0,0,0,2064]
[0,0,0,0,0,256,0,0,131072,0,0,0,0,128,0,0]-[576,268435456,0,134217728,0]
[8388608,0,0,0,67108864,256,0,0,0,0,0,0,0,0,0,0]-[67371008,8388608,276824064,0,0]
[0,0,0,0,0,0,0,524288,134217728,0,0,0,262144,128,0,0]-[268435456,2049,536870912,0,0]
[0,0,0,0,0,0,0,0,0,4194304,0,0,0,16777216,0,0]-[0,65538,0,2147483648,2048]
[0,0,0,0,0,0,8192,0,0,0,0,0,0,8192,0,0]-[0,1049088,0,1024,2]
[0,0,0,1048576,0,256,0,0,1048576,0,0,0,0,128,0,0]-[0,65536,1073741824,0,8256]
[0,0,0,0,536870912,0,0,0,0,0,0,134217728,0,0,0,0]-[2147483648,1048577,16,0,0]
[0,0,83886080,0,0,0,0,0,0,0,0,0,1048576,0,0,0]-[14680068,302028817,33554432,2152038664,558147]
[0,0,67108864,0,0,0,0,536870912,17825792,0,0,0,0,128,536870912,0]-[0,256,0,134221824,128]
[0,0,0,0,67108864,8388608,0,0,0,0,4096,0,1048576,0,0,0]-[0,0,4097,4608,0]
[0,0,0,0,0,64,0,16,0,0,0,0,0,0,0,0]-[2974671440,678959666,2173345746,2886220003,2517168]
[0,0,0,0,0,0,16777216,0,0,0,0,0,1048576,0,0,0]-[285212672,8,4194304,0,0]
[0,0,0,0,0,0,0,16777233,1048576,0,0,0,0,0,0,0]-[0,0,532608,4194304,0]
[0,0,0,16,0,0,0,0,0,0,0,0,1048576,0,0,0]-[1099038850,67125252,4136,262656,2560]
[0,0,0,0,0,8192,8192,0,0,0,0,0,0,128,0,0]-[33554432,1,537133092,71680,0]
[0,0,0,0,0,0,0,0,134217728,0,0,0,32768,0,0,0]-[0,0,512,131080,512]
[0,0,0,0,0,0,0,16,3072,0,0,0,0,0,0,0]-[0,0,164352,0,262144]
[1048576,0,0,0,0,0,0,0,0,1048576,0,0,0,0,0,0]-[0,2,262144,18,0]
[0,0,0,0,0,0,0,0,0,0,0,0,16,0,4096,0]-[0,0,1073741824,131072,524320]
[0,0,0,0,0,0,0,0,0,0,0,0,0,160,2097152,0]-[1025,536870912,0,32,0]
[2,0,0,0,0,0,8192,0,0,0,0,0,0,0,0,0]-[67109152,16777216,134217736,1342177280,0]
[0,0,0,0,0,0,0,8388608,0,0,0,0,1048576,512,0,0]-[0,4,134217728,1179648,0]
[0,0,1073741824,0,0,0,0,8,0,0,0,0,0,0,0,0]-[268435456,16384,0,8192,524288]
[0,0,0,0,0,0,8192,0,0,1048576,0,0,0,0,0,0]-[276824068,1241776128,256,16384,0]
[1073741824,0,0,0,67108864,0,0,0,0,0,0,0,1048576,128,33554432,0]-[0,276824064,8192,0,2097152]
[0,0,100663296,0,0,0,0,0,0,0,0,0,0,0,0,0]-[2181042210,922892352,33554704,35653201,559172]
[0,0,0,8192,0,0,0,0,0,0,0,0,0,2147483648,0,0]-[131584,524288,32768,0,0]
[0,16,0,0,0,0,0,0,0,0,0,0,0,0,16777216,0]-[0,134217728,2222981120,0,0]
[0,128,0,0,0,0,0,4096,0,0,0,0,0,0,0,0]-[288,0,0,256,128]
[33554440,0,67108864,0,0,0,0,0,1048576,0,0,0,0,0,0,0]-[0,512,0,17,131072]
[2097152,0,0,0,131072,0,0,0,0,0,0,0,0,0,0,0]-[0,67108864,6,4194304,0]
[0,0,0,536870912,0,8192,0,0,0,0,0,0,0,0,0,0]-[0,2147483648,0,1073741824,20480]
[0,0,0,0,0,0,0,0,0,0,0,0,262144,536870912,128,0]-[0,0,196608,16,16384]
[0,0,0,0,0,0,0,0,16777280,0,0,0,0,0,0,0]-[0,0,263168,2164260864,0]
[128,0,0,0,0,0,64,0,1048576,0,0,0,0,16777216,0,0]-[0,0,536879104,0,260]
[0,0,0,0,0,256,0,0,0,524288,0,0,0,0,0,0]-[270073856,8320,16777216,2506754,0]
[0,0,4,0,0,8192,0,0,0,0,0,0,0,0,0,0]-[0,64,256,134217728,512]
[0,0,67108864,0,0,0,0,0,0,524288,0,0,0,128,0,0]-[12582912,2147500032,0,2147483648,0]
[0,0,67108864,0,65536,0,0,0,1048576,0,4096,0,0,0,0,0]-[0,16,1073741824,4198400,0]
[0,0,67108864,0,0,8192,0,16,0,0,0,0,262144,0,0,0]-[167772172,0,0,0,0]
[0,8388608,0,0,0,128,0,0,0,0,0,0,0,0,0,0]-[0,0,18874496,0,16384]
[0,0,0,0,0,0,64,0,134217728,0,0,0,0,0,0,0]-[538003664,672465159,1677853202,1090539784,22273]
[0,0,0,0,0,0,64,0,0,0,16,0,0,0,0,0]-[33554432,32768,2,1024,0]
[0,0,0,128,0,64,0,0,0,0,0,0,0,128,0,0]-[64,0,160,0,128]
[0,0,0,131584,0,0,0,0,0,0,0,0,0,0,0,0]-[4096,0,536870912,2097152,1024]
[0,0,0,0,0,0,0,0,0,0,4096,0,1048576,1048704,0,0]-[278528,0,0,67108864,2097152]
[0,512,0,0,0,256,0,0,0,0,0,0,0,128,0,0]-[262656,0,8388608,0,1024]
[0,0,67108864,0,8388608,0,0,0,0,0,4096,0,1048576,0,0,0]-[8388608,9,0,4194304,0]
[0,0,0,0,0,0,0,0,134217728,0,0,0,0,128,2048,0]-[512,75497472,536870912,0,0]
[0,0,603979776,0,0,8192,0,0,0,0,0,0,0,0,0,0]-[4,32768,0,0,130]
[0,0,67108864,0,0,0,0,0,0,0,0,0,0,131072,32,0]-[0,536870912,2147483648,8192,65600]
[0,0,67108864,0,0,262144,8192,16,0,0,0,0,0,0,0,0]-[0,0,512,33558560,0]
[0,0,67371008,0,1073741824,256,0,0,16777216,0,0,0,0,0,0,0]-[0,32,256,16777217,0]
[0,0,67108864,0,0,256,0,0,0,0,0,0,2,128,0,0]-[64,1024,0,262144,64]
[0,0,67108864,0,0,0,0,0,2097152,0,0,0,1048576,0,0,0]-[2,32768,0,33554452,66]
[0,0,0,1024,0,0,0,8,0,0,0,0,0,0,0,0]-[16777216,131072,0,8,512]
[128,0,67108864,4096,0,0,0,0,1,0,0,0,0,0,0,0]-[65536,0,524288,262144,2097152]
[0,0,128,0,0,0,0,0,0,0,0,0,8,0,0,0]-[0,0,524288,537001984,2097152]
[0,0,134217728,0,0,0,0,0,0,0,0,268435456,0,0,0,0]-[2,0,0,24640,0]
[0,0,0,0,0,256,0,8388608,0,0,0,0,0,128,0,0]-[268435520,0,131072,0,131072]
[0,0,0,0,0,256,0,16,0,2147483648,0,0,0,0,0,0]-[68222976,0,0,0,64]
[0,0,67108864,0,0,8388608,64,0,0,0,0,0,16777216,0,0,0]-[0,266240,0,16777216,65536]
[0,0,0,0,0,0,0,0,0,0,0,524288,0,131200,0,0]-[33554432,0,0,67371008,2097152]
[0,0,0,0,0,0,0,0,8192,0,0,0,0,0,0,16384]-[32768,2,128,32,0]
[0,0,0,0,0,256,0,0,0,0,0,0,1048576,1048576,0,0]-[263168,0,279187456,268435456,0]
[0,0,67108864,0,0,256,0,0,0,0,32768,8388608,0,0,0,0]-[67108864,512,4,0,256]
[2147483648,0,0,1073741824,0,0,0,16,0,0,0,0,0,0,0,0]-[1090519040,1,1024,0,0]
[0,0,0,0,0,0,0,16,0,0,0,1048576,1048576,0,0,0]-[269746176,16386,0,131072,0]
[0,0,0,0,0,0,0,0,0,0,0,0,8,0,67108864,0]-[67108864,4,2147483649,0,0]
[0,0,0,256,0,256,0,0,0,0,0,0,0,128,0,0]-[512,8388608,0,2097152,131072]
[0,0,0,0,0,64,0,0,0,1,0,0,0,0,0,0]-[512,16,0,8192,32]
[0,0,1073741824,0,0,0,0,0,135266304,0,0,0,0,0,0,0]-[0,1114112,536870928,0,0]
[0,0,67108864,0,0,0,0,0,0,0,33558528,0,0,0,0,0]-[18874368,536871936,16,69632,2113536]
[0,0,0,0,0,0,0,0,0,0,67108864,0,0,128,1024,0]-[268435456,64,0,134217728,128]
[0,0,0,0,0,0,2,0,0,0,0,0,0,0,0,131072]-[0,134225921,0,0,131072]
[0,0,67108864,0,0,0,0,0,0,0,4096,8388608,1048576,0,0,0]-[1,33554436,0,65800,0]
[0,0,0,0,0,8192,0,65536,0,0,0,0,0,0,0,0]-[0,16777216,8704,268435456,0]
[0,0,8,0,0,0,0,0,0,0,0,1048576,0,0,0,0]-[3145761,0,536871936,138412032,128]
[0,0,67108864,0,0,0,0,0,0,0,0,0,0,33554432,0,128]-[8,67125248,16384,0,0]
[0,0,0,0,0,67108864,8192,0,0,0,0,0,0,0,0,512]-[2684354560,536870912,0,33554432,0]
[0,0,0,0,0,0,32768,0,0,0,4096,0,0,0,0,0]-[4096,294980,167788625,133380,8]
[0,0,0,0,0,0,0,8,1048576,0,0,16384,0,0,0,0]-[33554432,268500992,16777216,0,0]
[0,0,0,0,0,0,0,0,2048,0,0,0,32,0,0,0]-[131076,0,0,2,1032]
[0,0,0,0,0,0,0,0,0,0,4096,0,0,128,0,524288]-[268435456,536871233,8388736,0,65536]
[0,0,67108864,0,67108864,0,0,0,0,0,0,0,1048576,536870912,0,0]-[0,131088,512,0,4]
[0,0,0,0,134217728,8192,0,0,0,0,0,0,1048576,0,0,0]-[4194304,8192,64,262144,0]
[4096,0,67108864,0,0,0,0,0,17825792,0,0,0,0,128,0,0]-[0,288,0,134221824,0]
[0,0,67108864,0,0,0,8256,0,0,0,4096,0,0,0,0,0]-[0,537001984,4608,0,0]
[0,0,67108864,4194304,0,0,0,0,0,0,0,0,0,536870912,0,0]-[0,131072,67108864,33554432,68]
[0,0,0,0,2048,0,0,0,0,0,1048576,0,1048576,0,0,0]-[2,1048608,0,16777216,0]
[0,0,67108864,0,0,0,65536,0,1048576,0,0,0,0,0,0,0]-[65540,16640,0,0,0]
[0,0,67108864,0,0,0,0,16,0,0,0,0,256,16384,0,0]-[0,16777216,1040,524288,0]
[0,0,0,0,0,8388608,0,0,0,0,0,33554432,0,0,0,0]-[16777216,0,0,0,151552]
[0,0,1024,0,0,0,0,0,134217728,0,0,0,0,0,0,0]-[805308416,67371264,1610612736,285212672,257]
[0,524288,0,0,0,0,0,8,0,0,0,0,0,0,0,0]-[16779264,4194304,0,524288,512]
[0,0,0,0,0,0,0,0,0,0,32,0,0,134217728,0,0]-[1048576,0,16777216,128,2048]
[0,0,0,0,0,0,0,16,0,0,0,0,0,0,8,0]-[2702180352,25429000,135562240,268452864,0]
[256,0,0,0,0,0,0,0,0,0,4096,0,0,0,0,0]-[262400,50339844,268451969,335609856,2]
[0,0,0,0,0,0,0,0,0,524288,0,1073741824,1048576,0,0,0]-[8388672,0,262144,2147483648,0]
[0,16384,0,0,0,1,0,0,0,0,4096,0,262144,0,0,0]-[256,16785408,1,0,0]
[0,0,0,0,8388608,0,0,0,0,0,4096,0,0,0,0,0]-[0,2181038080,8388608,268435456,2097154]
[0,0,0,0,0,32,0,33554432,0,0,0,0,0,0,0,0]-[134217728,2048,0,0,40960]
[0,0,67108864,0,0,0,0,0,0,0,4096,0,1048576,0,0,256]-[8392704,32,0,33554432,0]
[128,0,67108864,0,0,0,0,16,0,0,0,0,0,536871040,0,0]-[64,67584,0,64,0]
[0,0,67108864,0,0,8192,0,0,0,0,0,0,0,536870912,0,0]-[6,6148,1024,0,16512]
[0,0,67108864,0,0,64,8192,0,0,0,0,0,1048576,128,0,0]-[0,32,2097152,512,2097152]
[536870912,0,0,0,0,256,0,0,0,0,0,0,0,0,0,0]-[2147745792,25178240,8389664,49152,0]
[0,16777216,67108864,0,0,0,0,0,0,0,0,0,1048576,0,0,0]-[1,67110912,4194304,2147483648,16384]
[536870912,0,67108864,0,0,0,0,0,0,0,0,0,0,128,0,0]-[140509185,410624,0,524288,32836]
[0,0,0,1024,0,0,0,0,135266304,0,0,0,0,0,0,0]-[0,1073741824,2048,67108992,0]
[0,0,0,0,8192,0,0,524288,0,0,0,0,0,0,0,0]-[0,268435712,268435456,0,262144]
[0,0,0,0,0,0,0,24,0,0,0,0,1048576,0,0,0]-[20480,16777216,134221824,35651584,262344]
[0,0,67108864,0,0,0,0,0,0,0,524288,0,0,0,0,0]-[161546241,570757124,269518128,50599127,1738818]
[0,4194304,0,0,0,64,0,0,0,0,0,0,0,0,0,0]-[16896,2048,2048,0,0]
[0,0,0,0,33554432,0,0,16,1024,0,0,0,0,0,128,0]-[0,512,131072,0,262176]
[0,0,67108864,8388608,0,0,0,0,0,0,4096,0,1048576,128,0,0]-[65,0,0,512,65536]
[0,0,67108864,0,0,0,0,0,0,33554432,0,0,16,0,0,0]-[0,0,1115136,4096,0]
[0,0,67108864,0,0,0,0,0,0,0,0,1,0,0,0,0]-[11014250,610346840,1074274580,35685921,2754626]
[0,0,0,0,67108864,0,0,0,0,0,0,0,0,0,0,4096]-[1073741824,65600,0,16,0]
[0,0,67108864,0,0,0,0,0,16777216,512,0,0,0,0,0,0]-[67108864,67108864,0,0,1048578]
[2097152,0,67108864,524288,0,0,0,0,134217728,0,0,0,0,128,0,0]-[8,536870913,0,16,0]
[2048,0,0,0,0,0,0,0,0,0,0,0,0,0,2,0]-[0,1184,0,0,2]
[0,262144,0,0,0,0,0,0,2048,0,0,0,0,0,0,0]-[16,0,268435456,2048,2097152]
[0,0,0,0,0,0,0,0,0,16,4096,0,1048576,0,0,0]-[0,0,33554449,0,65536]
[0,0,0,0,0,0,0,0,0,0,0,0,4,128,0,0]-[262162,1,1073741824,67108864,0]
[128,0,67108864,64,0,0,0,0,0,0,0,0,0,0,0,0]-[4194304,0,1024,33554560,0]
[0,0,0,0,0,0,0,0,4194304,0,0,0,0,0,33554432,0]-[134217728,4,1073741824,8388608,0]
[0,0,67108864,0,67108864,4194304,0,16,0,0,4096,0,0,0,0,0]-[0,4,0,384,2097152]
[0,0,67108864,0,0,0,0,65536,0,0,4096,0,0,0,0,4]-[8388608,0,268435456,32768,2097152]
[2147483648,0,0,0,0,256,0,0,0,0,4096,0,0,0,0,0]-[256,0,402653184,67108864,0]
[0,0,67108864,2097152,0,0,0,0,0,0,4096,0,0,0,0,0]-[1,8192,0,0,81920]
[0,0,2097152,0,0,0,0,0,1048576,0,0,0,8,0,0,0]-[256,1048576,192,0,0]
[8192,0,67108864,0,0,8192,0,0,1048576,0,0,0,0,0,0,0]-[2097156,4,32768,0,0]
[0,0,0,0,0,0,8192,0,1048576,0,0,0,1048584,0,0,0]-[16384,32,4194304,2097152,0]
[0,0,67108864,0,0,0,0,0,65536,0,0,0,0,4,0,0]-[65536,268435456,0,524288,2]
[0,0,0,0,0,0,512,0,0,0,0,0,0,128,0,0]-[33818626,268435456,0,20,8192]
[0,0,268435456,0,0,0,0,0,0,0,0,0,0,128,0,0]-[8,1073741840,11,268959872,1036]
[0,0,67108864,0,0,0,0,0,0,4096,0,0,0,0,67108864,0]-[0,33570816,4,32,0]
[0,0,67108864,0,0,16777216,0,2048,0,0,0,0,1048576,0,0,0]-[64,65536,0,16777220,0]
[0,0,67108864,0,0,0,0,0,0,0,0,0,0,1024,262144,0]-[4194308,0,8208,0,0]
[0,33554432,0,0,0,0,0,0,0,0,0,0,8,0,0,0]-[603979776,0,0,0,524416]
[0,0,0,0,0,256,0,0,0,16777216,0,0,1048576,0,0,0]-[0,2048,0,131080,128]
[0,0,0,0,0,0,0,8388608,0,0,0,0,0,0,64,0]-[1075838980,0,0,0,8]
[0,0,128,0,0,0,0,0,0,0,0,0,1073741824,0,0,0]-[0,0,32768,2147876864,2]
[0,0,0,0,0,0,64,8,0,0,0,0,0,128,0,0]-[0,0,536870912,66048,32]
[0,0,1140850688,0,0,64,0,0,0,0,0,0,0,128,0,0]-[32770,2048,0,0,4]
[0,0,67108864,0,0,0,0,0,1048576,0,0,536870912,0,0,0,0]-[4,541328480,4194304,21504032,2097281]
[0,0,0,0,0,0,2147483904,0,0,0,0,0,0,0,0,0]-[1,33554432,2,256,0]
[128,0,0,0,0,0,524288,0,0,0,0,0,0,128,0,0]-[0,65536,8388608,0,131104]
[0,0,0,0,1073741824,0,0,0,0,0,0,0,1048576,128,0,0]-[0,67110912,262144,4,0]
[0,0,0,0,0,0,0,0,0,0,4096,0,269484032,0,0,0]-[16781312,0,0,131076,0]
[0,1024,0,0,16384,256,0,0,0,0,4096,0,1048576,0,0,0]-[268435456,0,65536,4100,0]
[0,0,0,0,2048,0,8192,0,0,0,0,0,0,0,0,0]-[0,16777216,17334272,268435488,36864]
[0,0,0,0,0,8192,0,0,0,0,1073741824,0,0,128,0,0]-[12,0,262144,0,128]
[0,0,0,0,0,0,64,0,0,0,4096,0,0,0,0,8192]-[262144,536870912,0,256,4096]
[0,0,67108864,0,0,0,0,8388608,134217728,0,0,0,0,0,0,0]-[32769,4096,0,128,0]
[0,0,4,0,0,0,0,268435456,0,1,0,0,0,0,0,0]-[1024,134479872,0,2147483648,0]
[0,0,67108864,0,0,0,32768,1024,0,0,0,0,0,0,0,0]-[0,4,0,2164260866,0]
[0,0,67108864,0,0,0,524352,0,0,0,0,0,0,0,0,0]-[0,8,544,32768,0]
[0,0,67108864,0,0,0,0,0,0,0,0,0,1314816,0,0,0]-[2097152,32768,0,2097152,2]
[128,0,0,65536,0,0,0,0,0,0,4096,0,0,0,0,0]-[64,1024,33554432,16384,0]
[0,0,0,0,0,64,0,1048576,1048576,0,0,0,0,0,0,0]-[128,0,8,0,192]
[0,0,67108864,134217728,0,0,8192,0,0,0,0,0,16392,0,0,8192]-[33554432,553648128,0,0,1]
[0,0,0,0,0,0,0,0,135266304,0,0,0,0,0,0,32]-[4,0,16785408,64,0]
[0,0,0,0,16384,0,0,0,0,16777216,0,0,0,0,0,0]-[4,33554434,0,1,0]
[0,0,67108868,524288,0,0,0,0,0,0,0,0,0,0,0,0]-[8,16384,8192,0,32768]
[0,0,0,2048,0,0,0,0,0,0,0,0,0,536871040,0,0]-[262144,1,128,1073741824,0]
[0,0,128,0,0,0,0,0,0,0,0,0,1,0,0,0]-[1572872,32,512,0,0]
[0,0,0,0,0,0,0,8,0,0,4096,0,1048576,0,0,0]-[17059840,50364416,134221824,33554444,65672]
[0,0,0,0,0,32,0,0,0,0,0,0,0,536870912,0,0]-[32,128,33554432,0,8192]
[0,0,16777216,0,0,0,0,1073741824,0,0,0,0,0,0,0,0]-[67117056,0,0,131072,4096]
[131072,134217728,0,0,0,0,0,0,0,0,0,0,0,0,0,0]-[0,2097152,0,1073741888,128]
[0,0,67108864,256,0,0,0,0,134217728,0,0,0,0,0,0,0]-[0,64,24,0,256]
[0,0,0,0,0,0,0,0,0,0,0,8192,0,536870912,0,0]-[1048576,268566544,0,0,16384]
[0,0,0,0,0,256,0,0,1048576,0,0,0,0,0,0,0]-[3224332765,1469400056,1674472701,3179018737,1474005]
[262144,0,67108864,0,0,0,0,0,0,0,0,0,0,2097152,0,0]-[8,0,0,4456448,4]
[0,0,67108864,0,0,0,0,0,1048576,0,0,0,0,128,0,0]-[2200422477,2009419637,1122805948,3191717883,3802580]
[0,0,0,0,0,0,0,0,1048576,0,4096,33554432,0,0,0,0]-[262144,570425344,0,67109888,0]
[0,0,0,0,0,0,0,0,1048576,0,0,0,1048576,16777344,0,0]-[131201,0,8192,0,0]
[0,0,0,0,0,0,0,0,32768,0,4096,0,0,0,0,0]-[576,553648132,64,268567560,0]
[0,0,0,0,0,0,0,0,1048576,0,4096,0,0,64,0,0]-[256,4194560,0,0,128]
[0,0,67108872,0,0,0,0,0,1048576,0,2101248,64,0,0,0,0]-[0,4194308,0,32768,128]
[0,0,67108864,32768,0,0,0,0,0,1,0,0,0,128,0,0]-[0,262144,540704,0,0]
[0,0,0,0,0,0,268435456,0,0,0,0,0,0,536871072,0,0]-[0,2048,128,0,2228224]
[0,0,0,0,67108864,0,0,0,131072,0,0,0,1048576,0,0,0]-[0,33554432,0,6291456,8]
[0,0,67108864,16384,0,0,0,0,1048576,0,0,0,0,128,0,0]-[0,0,557056,16,1048576]
[2,0,0,0,0,256,0,0,0,0,4096,0,0,0,0,0]-[512,256,65536,268435456,0]
[0,0,0,0,0,64,0,0,1052672,0,0,0,0,0,0,0]-[8,1,2,131072,0]
[0,16777216,67108864,0,0,0,0,0,0,0,0,0,0,0,0,128]-[1,256,2097152,0,256]
[0,0,0,0,0,0,0,0,0,0,0,0,0,268435456,33554432,0]-[134217760,67108864,536870912,8388672,8]
[0,268435456,0,0,32768,0,0,0,0,0,0,0,0,0,0,0]-[4194304,0,0,268435472,2097152]
[0,0,2,0,0,8192,0,0,1048576,0,0,0,0,0,0,0]-[2147549184,0,262144,128,0]
[0,0,0,0,4,64,0,8,0,0,0,0,8192,0,0,0]-[33280,0,528384,0,0]
[0,0,0,16777216,0,134217728,0,0,1048576,0,0,0,0,128,0,0]-[0,268500992,262272,0,0]
[0,0,67108864,0,0,2097152,0,0,1048576,0,0,0,0,0,0,0]-[0,262672,32768,134217728,524352]
[0,0,67108864,0,0,0,0,0,0,1048576,4096,0,0,128,0,0]-[0,268435456,2147483648,18,0]
[0,0,0,0,0,8192,0,0,0,0,0,512,0,128,0,0]-[2,1073741824,10485760,0,0]
[0,0,0,0,524288,64,0,0,1050624,0,0,0,0,0,0,0]-[50331648,0,0,2048,256]
[0,0,0,2147483648,0,0,0,134217728,0,0,0,0,1048576,128,0,0]-[0,268435456,262144,16,65536]
[0,0,0,0,0,0,0,2048,0,0,268435456,0,0,0,0,0]-[67141696,0,0,0,8192]
[0,0,67108864,0,32,0,0,0,0,0,0,0,0,0,0,0]-[2365587488,67261192,3223940616,2166923280,98576]
[0,0,0,0,0,0,0,134217728,0,0,4096,0,1048576,0,0,0]-[8392704,32800,1,67239940,16384]
[0,0,0,4194304,0,0,0,16,0,0,0,0,0,0,0,0]-[537411584,134217746,25167170,16482,4129]
[0,0,0,0,512,0,0,0,16,0,0,0,0,0,0,0]-[4194304,0,16,1073741824,1024]
[0,0,0,0,0,0,8192,0,0,0,0,0,1048576,0,0,128]-[0,514,6291456,0,0]
[0,0,67108864,0,0,8192,0,0,0,0,134217728,0,0,0,0,0]-[65540,8,4263936,1024,128]
[0,0,0,0,0,0,0,0,536870912,0,0,0,0,0,67108864,0]-[1073741824,4,32,268435456,0]
[0,0,67108864,0,0,0,16384,0,0,0,0,32,0,0,0,4]-[8,0,0,2150105088,0]
[0,0,0,0,0,536870912,64,0,0,0,0,0,0,0,32,0]-[0,2,0,536871168,4096]
[0,0,0,0,0,0,0,16,0,0,0,0,0,1,0,0]-[2684379137,16384,64,0,2097152]
[0,0,67108864,0,0,0,64,1073741824,1048576,0,4096,0,0,0,0,0]-[2097153,0,0,33024,0]
[0,0,0,0,0,0,0,0,0,0,0,0,8,0,0,128]-[0,32768,8194,0,2]
[0,0,0,0,0,256,0,16,1048576,0,0,0,0,134217728,0,0]-[0,268435456,64,134217728,8192]
[0,0,0,0,0,0,0,0,135266304,0,4096,0,1048576,0,0,0]-[276824128,67108873,0,16384,16384]
[0,0,0,512,1,0,0,0,0,0,0,0,1048576,0,0,0]-[545263616,2147502083,513,1746927616,0]
[0,0,16384,0,0,0,0,0,0,0,0,0,0,0,33554432,0]-[0,536872960,16777216,134217728,0]
[0,0,67108864,0,2214592512,256,0,0,1048576,0,32,0,0,0,0,0]-[0,0,16,134217728,131136]
[0,256,67108864,2048,0,0,64,0,0,0,8,0,0,0,0,0]-[0,131080,0,1048832,0]
[0,128,67108864,0,0,0,0,0,0,0,0,0,262144,0,0,0]-[8978474,50610752,1048576,2129986,128]
[0,0,536870912,0,0,0,0,0,0,0,4096,0,0,0,0,0]-[164102144,46695425,1115766810,16911360,294912]
[0,0,0,0,0,1024,0,0,0,0,0,0,0,128,0,0]-[33587200,1073741856,2228224,264192,0]
[0,0,0,0,0,8192,0,16,0,0,0,0,0,0,0,0]-[2784600598,2983827550,700225142,1896834297,424121]
[0,0,0,0,0,0,0,8,0,0,4096,65536,0,0,0,0]-[1073742336,0,4096,0,128]
[0,0,67108864,0,0,0,33554432,0,0,0,0,0,0,0,0,0]-[2153775145,2751497728,3289949708,2198942657,3377287]
[0,0,0,0,0,8256,0,0,0,0,0,0,0,0,67108864,0]-[268435456,524288,32,0,4]
[0,0,0,0,0,0,64,0,0,0,0,32,0,0,0,0]-[2685403201,16896,101220384,1077411840,2097314]
[0,16,0,0,0,0,0,0,0,0,4096,0,1048576,0,0,0]-[0,8,4096,8,4096]
[0,64,0,0,0,0,0,0,0,0,4096,0,0,0,1024,0]-[0,0,1342177408,0,4096]
[0,0,0,32,0,0,0,0,1048576,0,0,0,0,0,0,0]-[2183530513,1610678564,1619796168,1376264962,16]
[0,0,0,0,0,64,0,0,0,0,0,0,0,64,0,0]-[536870912,2560,1024,0,0]
[0,0,67108864,0,16777216,0,0,0,1048576,0,0,0,0,0,0,0]-[0,805306368,4194320,524352,0]
[0,0,67108864,0,0,0,4,0,0,0,0,0,0,536870912,0,0]-[65568,8,33554432,0,0]
[0,0,67108864,0,0,0,0,0,1048576,536870912,0,0,0,0,0,0]-[0,0,2048,2097154,131072]
[0,0,0,0,0,0,0,0,1048576,0,0,1073741824,1048576,0,0,0]-[2147483648,16,1090519136,1610645728,524288]
[537395200,0,67108864,0,0,0,0,0,1048576,0,0,0,0,0,0,0]-[0,16,33554432,4194305,0]
[0,0,0,0,0,64,0,0,0,0,0,33554432,0,0,0,0]-[17039360,0,18874628,16908288,212992]
[0,0,0,0,0,0,0,0,0,0,4096,0,0,0,2147483648,0]-[8650752,256,1073741825,393216,98432]
[0,0,0,0,0,64,0,65536,0,0,0,0,0,0,0,0]-[0,896,0,0,2]
[0,0,0,256,2097152,0,0,0,0,0,0,0,0,0,0,0]-[536870912,0,0,8320,128]
[0,2097152,0,0,0,0,0,0,0,0,4096,0,0,128,0,0]-[16384,1,0,4224,0]
[2097280,0,0,0,0,0,0,0,0,0,0,0,0,0,0,0]-[1207959552,256,0,33685505,96]
[0,0,0,0,0,0,0,8388624,1048576,0,0,0,262144,0,0,0]-[16384,0,0,35651616,0]
[0,0,0,1,0,0,0,0,8,0,0,0,0,0,0,0]-[8,0,536875008,0,1048576]
[0,0,0,0,0,0,2048,0,1048576,0,0,0,0,0,0,0]-[36110336,5521684,8388736,677386768,524608]
[16,0,0,0,0,0,268435456,0,0,0,4096,0,0,0,0,0]-[8392704,0,192,0,0]
[0,0,0,0,0,0,0,16,0,4,0,0,0,0,33554432,0]-[16,0,1052674,0,0]
[8388608,0,0,0,0,0,64,16,0,0,0,0,0,0,0,0]-[603979776,17408,0,0,0]
[128,0,67108864,131072,0,0,0,0,0,0,0,0,1048576,0,0,0]-[138412032,0,0,128,131072]
[4194304,0,0,0,0,64,0,0,0,0,4096,0,0,0,0,0]-[2147491840,0,524320,0,0]
[64,0,67108864,0,0,0,0,16,0,0,0,0,0,0,0,0]-[4198400,262144,0,1024,0]
[0,0,67108864,0,0,0,0,0,17825792,0,0,524288,0,0,268435456,0]-[0,262144,0,4194304,1025]
[0,0,0,0,0,0,0,8,0,0,4096,0,0,0,0,128]-[16777728,32768,1073741824,0,0]
[0,16777216,0,0,134217728,0,0,0,0,0,0,0,0,0,0,0]-[0,16,136315904,0,0]
[0,0,0,0,0,0,0,0,1049600,64,0,0,0,128,0,0]-[0,8388608,128,0,131136]
[0,0,67108864,268435456,262144,0,0,0,0,0,0,0,0,0,0,0]-[4104,262144,67633168,0,524288]
[0,0,0,0,0,0,0,8,0,0,0,256,4096,0,0,0]-[0,0,524288,33587200,262144]
[0,0,67108864,0,0,0,0,0,0,0,8192,0,0,0,0,0]-[2315849825,541065280,1114624,135267617,1051649]
[128,0,0,0,0,64,0,0,0,0,4096,0,0,128,0,0]-[2112,0,8388608,0,32]
[0,0,0,0,0,0,0,0,536870912,0,0,0,1048576,0,0,0]-[3758096834,2,16781600,268964644,147456]
[0,0,0,0,0,524288,0,67108864,16777216,0,0,0,0,0,0,0]-[0,0,263360,0,0]
[0,0,0,0,0,8448,64,0,0,0,0,64,0,0,0,0]-[0,32768,536871936,65536,0]
[0,0,0,0,0,0,64,16384,1048576,0,0,0,0,0,0,0]-[8396864,0,0,16384,0]
[0,0,4096,0,0,0,0,0,134217728,0,0,0,1048576,0,0,0]-[268435456,8388608,0,16777216,128]
[0,0,0,0,0,0,0,0,16777216,0,4096,0,1048576,128,0,0]-[16777216,0,0,33685760,0]
[0,0,0,0,0,0,0,0,134217728,0,0,134217728,0,128,8,0]-[268437504,0,2,2097152,0]
[0,0,67108864,0,0,0,0,0,0,0,0,134217728,0,128,0,0]-[32768,2048,0,2097152,524288]
[0,0,0,0,16,0,0,0,0,0,4096,0,0,0,0,0]-[256,0,134217728,0,65544]
[128,0,67108864,0,0,16,0,0,0,0,0,0,0,128,0,0]-[1,1,524288,0,1048576]
[0,0,0,0,0,0,2,0,0,0,0,0,1048576,0,0,0]-[1209335873,24608,1078984704,2415945736,137248]
[0,0,0,0,67108864,0,1,0,0,0,0,0,0,0,0,0]-[0,1,0,10485760,512]
[0,0,67108864,0,0,0,0,0,0,0,0,0,0,0,4,0]-[99090442,925033560,339286812,2285147743,525376]
[0,0,0,0,0,0,8192,0,0,0,0,0,0,536870912,0,0]-[3859063808,4196874,52430848,135168,97]
[0,0,0,0,0,256,0,0,0,0,0,134217728,0,0,0,0]-[0,64,0,147456,16]
[0,0,67108864,0,0,0,0,16,0,0,0,0,0,0,268435456,0]-[4194304,262144,524288,4195328,0]
[0,0,0,0,0,1048832,0,0,0,0,0,0,0,0,0,0]-[16392,0,0,64,2048]
[0,0,67108864,0,0,2147483648,0,0,1048576,0,0,0,0,0,0,0]-[0,0,4194304,2098176,524288]
[2048,0,67108864,0,0,0,0,0,0,0,0,0,0,0,0,0]-[34078724,2523195440,71335956,2164326656,526480]
[0,0,0,0,67108864,0,0,0,262144,0,0,0,1048576,0,0,0]-[256,0,269484032,0,4]
[0,0,0,524288,0,0,0,0,1048576,0,0,0,0,0,512,0]-[16,512,8192,1107296256,0]
[0,0,0,0,0,128,0,0,16777216,0,0,0,0,0,0,0]-[2147483648,1073741824,0,131072,8192]
[0,0,1024,0,0,0,0,0,0,0,0,32,0,0,0,0]-[436207616,262144,268435456,1073741824,2101248]
[0,0,67108864,0,0,0,0,0,0,0,0,16777216,268435456,0,0,0]-[0,8,0,33554432,32772]
[0,0,67108864,0,0,8388608,0,0,0,0,0,0,2,0,0,0]-[16777218,4096,0,0,131072]
[0,0,0,0,0,8192,0,0,0,1,0,0,0,0,0,0]-[512,16,0,139264,0]
[0,0,0,0,0,0,0,0,0,0,4096,0,0,0,0,512]-[16779776,33685504,1107296256,131072,4128]
[0,0,0,0,0,0,0,0,134217728,8388608,0,0,0,128,0,0]-[80,0,0,1073741824,1024]
[0,0,0,0,0,8256,0,0,0,0,0,0,1048576,0,0,0]-[2717909508,3221235728,16783360,65,162]
[0,0,67108864,0,67108864,0,0,16,1048576,0,131072,0,0,0,0,0]-[32768,32,0,32,1]
[2147483648,0,67108864,0,0,0,0,0,0,0,0,0,8,0,0,0]-[0,536870928,1024,0,16]
[0,0,67108864,0,0,0,67108864,2097152,0,0,0,0,0,0,0,0]-[2097152,8,256,1024,0]
[0,0,0,0,0,0,0,0,0,0,0,32,16384,128,0,0]-[0,0,0,1073741824,1048736]
[0,0,0,0,0,0,0,0,0,0,0,32,0,0,16384,0]-[1048577,2097152,109715712,1090520064,0]
[128,0,67108864,0,0,0,0,0,1048576,0,0,0,262144,0,0,0]-[0,268500992,33587208,33554465,655360]
[0,0,67108864,0,8192,0,0,1073741824,0,0,0,0,0,0,0,0]-[71303168,0,0,0,16386]
[0,0,0,0,0,0,64,536870912,0,0,0,0,0,0,0,0]-[4194304,0,0,16384,262152]
[128,0,0,0,0,0,0,0,1048576,1048576,0,0,1048576,0,0,0]-[0,3,0,0,262146]
[128,0,0,0,0,0,0,0,0,0,0,2,1048576,0,0,0]-[8388608,4096,0,67108864,1048576]
[32,0,0,0,0,0,0,0,0,0,4096,0,1048576,0,0,0]-[0,0,0,16644,2]
[0,0,67108864,0,16384,64,0,0,0,0,4096,0,0,128,0,0]-[0,2048,524320,0,1024]
[0,0,0,2048,0,0,0,0,0,0,0,0,1048576,128,0,0]-[0,268435456,0,0,2106368]
[0,0,0,0,0,0,0,536870928,1048576,0,0,0,0,0,0,0]-[0,65536,0,2081,0]
[0,0,0,0,1048576,0,0,16,0,0,0,0,0,0,0,0]-[1073741824,270336,2292187200,67633152,262145]
[0,256,0,0,0,256,0,0,1048576,0,0,0,0,0,0,0]-[131072,268435712,536870912,8576,1048576]
[134217728,0,0,0,0,0,0,0,0,0,0,0,0,128,0,0]-[2228746,16779264,1074135040,335544480,2097312]
[16384,0,0,0,0,256,0,0,0,0,4096,0,0,0,0,0]-[66048,0,4096,4096,0]
[0,0,0,0,16384,0,0,0,0,0,4096,0,1048576,0,0,0]-[268435456,32,69632,0,0]
[0,0,67108864,0,0,128,0,0,0,0,0,0,1048576,0,0,0]-[0,64,32,0,133120]
[16384,0,67108864,0,0,0,0,0,0,0,4096,0,0,128,0,0]-[1,132128,0,0,0]
[0,0,0,0,0,256,64,256,0,0,0,0,0,0,0,0]-[0,0,512,536870976,128]
[0,0,0,0,0,0,67108864,0,0,0,0,0,0,0,33554432,0]-[0,10,2147483648,4194304,0]
[0,4,67108864,0,67108864,0,8192,0,0,0,0,0,1048576,0,0,0]-[33554432,8192,67108864,0,1]
[0,0,67108864,0,0,0,0,0,1048576,256,0,0,0,0,0,0]-[33554432,4,524288,34078720,81]
[0,0,0,0,0,0,0,0,1048576,0,0,2048,0,0,0,0]-[16810436,4211216,176160802,537921570,1048579]
[0,256,67108864,0,0,0,0,0,1048576,0,0,0,0,128,0,0]-[0,268435712,0,514,0]
[0,0,0,0,0,0,128,0,0,0,0,0,1048576,0,0,0]-[16777218,1025,4,553648144,4640]
[0,0,0,0,0,64,0,0,0,0,0,0,8388608,536871040,0,512]-[18,256,128,0,0]
[0,0,0,0,0,0,536870912,0,0,0,0,0,8,128,0,0]-[268435584,8388608,2,262144,0]
[0,131072,0,0,0,0,0,0,8192,0,0,0,0,128,0,0]-[1048576,0,4,68,0]
[0,0,67108864,0,0,0,0,0,1052672,0,32,0,0,0,0,0]-[0,0,0,134218752,131136]
[0,0,256,0,4,0,0,0,0,0,0,0,0,0,0,0]-[0,0,12288,268435456,65536]
[0,4227072,67108864,0,0,0,0,0,0,0,0,0,0,0,0,0]-[0,1,33554436,2147483648,0]
[0,0,0,0,0,0,0,0,134217728,0,0,0,2097152,0,0,0]-[8192,134283792,0,1146093888,512]
[0,262144,0,0,0,0,0,0,0,0,0,0,1048576,0,0,0]-[285491328,5120,555745792,16777216,8194]
[0,0,0,0,67108864,8192,64,0,0,0,0,0,0,128,0,0]-[4,0,262144,1073741824,32]
[0,0,16777216,0,0,0,32,0,0,0,0,0,0,0,0,0]-[12,1050624,0,0,7169]
[0,0,33554432,0,0,0,0,0,8192,0,0,0,0,0,0,0]-[0,0,134217744,1024,524288]
[0,0,0,0,0,0,0,0,0,0,4096,0,8192,0,0,0]-[524800,16777216,4096,0,0]
[0,0,0,0,0,256,0,0,0,0,536875008,0,0,0,0,0]-[524288,0,16384,131200,0]
[0,131072,67108864,0,0,0,0,0,0,0,0,0,1048576,0,0,0]-[1,335577641,4194304,12,128]
[0,4194304,0,0,0,8192,0,0,0,0,0,0,0,0,0,0]-[16896,32,2048,0,0]
[0,0,0,0,0,16640,0,0,0,0,0,0,0,0,0,0]-[512,512,0,262144,8192]
[4096,128,67108864,0,0,0,0,0,0,0,0,0,0,0,0,0]-[0,67108864,0,12288,16384]
[1048704,128,0,0,0,0,0,0,1048576,0,0,0,0,128,0,0]-[131072,0,8192,1073741888,0]
[0,0,0,0,65536,0,0,0,0,0,0,0,1310720,0,0,0]-[0,67108866,0,4194304,8192]
[0,0,0,8388608,0,0,0,0,0,8,0,0,0,0,0,0]-[2048,4096,2,2097152,0]
[1048576,0,8,0,0,256,8192,16,0,0,4096,0,0,0,512,0]-[68157440,0,262148,0,0]
[0,0,0,0,0,0,0,32768,0,134217728,4096,0,0,0,0,0]-[0,0,0,4194432,4224]
[128,0,0,0,0,0,0,0,0,524288,0,0,0,0,0,0]-[0,3072,0,2449473600,4096]
[131072,0,0,0,0,1,0,0,0,0,0,0,0,0,0,0]-[0,0,0,1,163848]
[131072,0,16777216,0,0,0,0,0,0,0,0,0,0,0,0,0]-[0,2048,268435456,1073807360,0]
[256,0,0,0,8,0,0,16,0,0,0,0,0,0,0,0]-[64,0,0,2113536,16]
[0,0,67108864,0,0,0,0,0,0,0,1,0,0,128,0,0]-[33554432,0,524288,327682,0]
[0,0,0,0,536870912,0,0,0,0,0,67108864,0,0,0,0,0]-[0,8921088,262144,0,0]
[0,0,0,0,0,0,0,8,17825792,0,0,0,0,0,0,0]-[0,32,262368,2415919297,0]
[0,128,67108864,0,0,0,0,0,0,32768,0,0,0,0,0,0]-[8454144,131072,0,16777216,0]
[0,0,0,0,0,8448,0,0,0,0,0,0,0,128,0,0]-[269747776,0,0,136321028,131072]
[0,0,0,0,0,0,8192,2,0,0,0,0,0,0,0,0]-[0,0,67108928,67108864,2048]
[0,0,0,0,0,0,0,0,0,4096,0,262144,0,0,0,0]-[0,0,85983360,0,0]
[0,0,0,0,0,256,0,0,0,0,0,0,1024,0,0,0]-[0,16779264,0,163840,0]
[0,0,0,0,0,0,0,0,0,0,0,4194304,0,65536,0,0]-[0,1024,0,32,8200]
[2,0,0,0,67108864,0,64,0,0,0,0,0,0,0,0,0]-[0,0,640,537919744,0]
[0,0,0,0,0,0,0,0,0,0,0,0,4194304,536870912,0,0]-[0,0,16809984,49152,0]
[0,0,0,0,0,0,0,0,0,0,4096,0,1048576,32768,0,0]-[17039360,0,65536,0,2097152]
[0,0,0,0,0,64,0,0,1048576,0,0,0,0,0,16,0]-[16384,1049104,128,8192,192]
[0,0,67108864,0,0,0,0,8192,0,0,131072,0,0,0,0,0]-[16777216,2147549440,0,0,0]
[0,0,67108864,0,0,0,0,0,512,0,4096,0,0,128,0,0]-[0,262176,0,65536,65664]
[0,0,67112960,0,0,8192,0,0,0,0,0,0,0,0,0,0]-[8,4096,32768,128,0]
[0,0,67108864,0,0,0,0,0,0,0,0,0,1024,128,0,0]-[0,0,1073758208,16,64]
[0,0,67108864,0,0,0,2048,0,0,0,0,0,0,0,32,0]-[0,16384,268435456,32768,524288]
[0,0,0,268435456,0,0,0,0,2048,0,0,0,0,128,0,0]-[131072,64,0,4,1024]
[0,0,0,0,0,0,2048,0,1048576,33554432,0,0,0,128,0,2048]-[262144,0,0,4608,524288]
[0,0,67108864,0,0,0,0,0,0,0,0,0,262144,0,33554432,0]-[32,541065480,1342178308,140771360,526338]
[0,0,0,0,0,0,0,0,0,0,0,0,0,16,32768,0]-[8388608,0,2147483712,0,8192]
[0,0,67108864,0,0,0,262144,0,1048576,0,0,0,0,0,0,0]-[2181038080,541327648,1107296264,35132481,1048768]
[0,0,0,0,0,0,4,16,0,0,0,0,0,0,0,0]-[524288,0,2,33554816,16384]
[0,0,0,0,0,536870912,0,0,0,0,0,4194304,0,0,0,0]-[4194304,1048576,0,16,8]
[0,0,0,0,0,512,0,0,0,0,0,0,0,0,0,4]-[134217728,134217728,2147483712,0,0]
[0,0,1140850688,0,0,0,0,0,0,1048576,0,0,0,0,0,0]-[134217728,268567552,0,0,0]
[0,0,67108864,0,0,0,0,8,1048576,0,0,0,0,0,0,0]-[17334277,38027520,1074366504,2334695570,1589461]
[0,0,0,0,536870912,0,0,0,0,0,0,0,2048,0,0,0]-[278528,0,36864,0,0]
[0,0,67108864,0,32768,256,0,0,0,0,0,0,0,0,0,0]-[67108864,67219776,8704,262209,2304]
[0,0,0,0,0,0,0,0,0,0,0,8388608,0,0,131072,0]-[131072,2147483648,4096,4,0]
[0,0,134217728,0,0,0,0,0,0,0,0,0,0,128,0,0]-[1546,268500992,3229614084,68174,1048576]
[128,0,0,256,0,0,0,0,0,0,0,0,0,128,0,0]-[0,263168,24576,128,96]
[0,0,134217728,0,0,0,0,32,1048576,0,0,0,0,0,0,0]-[256,0,0,2,1152]
[128,0,67108864,0,0,0,0,32,1049600,0,4096,0,0,0,0,0]-[0,256,33554432,4194432,0]
[0,0,0,0,0,0,0,0,0,0,8388608,0,0,0,8,0]-[256,0,1,0,768]
[0,0,0,8388608,0,0,0,0,0,0,131072,0,0,0,0,0]-[134217728,8192,0,9437184,0]
[524288,0,0,0,0,0,0,0,1048576,0,0,0,0,128,0,0]-[0,536936448,0,805308418,1152]
[256,0,0,0,0,0,0,0,16777216,0,4096,0,0,0,0,0]-[0,16777216,512,0,4224]
[0,0,67108864,0,0,0,0,0,524288,0,0,0,1048576,0,0,0]-[2147483648,2097216,32,0,0]
[0,256,64,0,0,0,0,0,0,0,0,0,0,0,0,0]-[0,0,134219782,0,0]
[0,0,83886080,0,0,0,8192,0,0,0,0,0,0,128,0,0]-[2097152,262144,0,0,32832]
[0,0,67108864,0,0,0,0,33554432,0,0,4096,0,0,128,0,0]-[0,288,1073741824,0,2097280]
[0,0,67108864,0,0,0,0,0,5242880,0,0,0,262144,0,0,0]-[0,4,0,35651584,256]
[0,0,67108864,0,0,262144,0,0,0,1024,0,0,0,0,0,0]-[0,0,512,12288,16384]
[0,0,67108864,0,0,0,0,16,1048576,0,0,0,4,0,0,0]-[2048,16384,1073741824,8192,0]
[0,0,0,0,0,32,0,0,0,0,0,0,0,0,8192,0]-[16384,524288,16777216,65536,0]
[0,8388608,0,0,0,0,0,16,0,0,0,0,8,0,0,0]-[0,0,33554433,262144,524288]
[0,0,0,0,0,64,0,0,131072,0,0,0,0,0,0,0]-[0,272,1024,536870912,0]
[0,0,67108864,0,0,8388608,0,0,0,0,0,33554432,1048576,0,0,0]-[16777218,0,0,16777224,0]
[0,0,0,0,0,0,0,0,1048576,4096,0,0,16777216,0,0,0]-[1048576,201326592,0,16384,0]
[0,0,67108864,0,0,0,0,0,262144,0,0,32,0,0,0,0]-[32768,16384,67109120,1024,0]
[0,0,0,0,0,0,0,0,0,0,4,0,0,65664,0,0]-[1032,32,0,0,4]
[0,0,0,256,0,0,0,0,1048576,0,4096,0,0,0,0,0]-[16779520,0,33554432,256,0]
[0,0,0,0,0,0,0,0,1048576,0,0,0,0,0,0,524800]-[8192,66,0,0,65536]
[0,0,16777216,0,0,0,0,0,0,0,4096,1,0,0,0,0]-[0,0,262144,1073741824,10240]
[0,0,0,0,0,0,0,0,0,0,0,0,1048576,0,512,0]-[5242944,8388610,545267968,131072,2097216]
[0,0,16777216,65536,0,0,0,0,0,0,0,0,0,0,0,0]-[1024,268435456,32768,0,2048]
[0,33554432,0,0,0,0,0,0,0,0,0,0,1048584,0,0,0]-[536870912,67108868,0,16,0]
[0,0,603979904,0,0,0,0,0,0,0,0,0,0,0,0,0]-[16777216,0,49152,0,2]
[0,0,67108864,0,0,0,0,0,16777216,0,0,1,0,0,0,0]-[2,768,0,128,0]
[0,0,0,0,65536,0,0,0,0,134217728,0,0,0,0,0,0]-[8192,524416,0,262144,0]
[0,0,67108864,0,0,0,0,0,0,0,4,0,0,128,0,0]-[8,0,0,134221828,0]
[0,0,67108864,0,0,134217728,8388608,0,0,0,0,0,0,0,0,0]-[150994944,0,0,32768,1048576]
[0,0,67108864,0,0,0,0,134217728,1048576,0,0,0,0,0,0,0]-[0,4210688,0,65,0]
[0,0,0,0,0,0,0,24,0,0,4096,0,0,0,33554432,0]-[512,4194304,1073741824,0,8]
[0,0,67108864,0,0,0,0,0,0,0,2048,0,0,0,0,0]-[8421376,8465,4195840,8393,1]
[0,0,0,0,0,0,0,0,67108864,0,0,0,0,0,33554432,0]-[131328,0,2147483652,0,0]
[0,0,67108864,0,0,0,0,0,1048576,0,0,0,0,1152,0,0]-[2049,0,0,0,524352]
[0,0,0,0,0,0,0,16,1048584,0,0,0,0,0,0,0]-[16384,0,0,134217728,129]
[0,0,0,0,0,0,0,0,16777216,0,0,32768,0,0,0,0]-[4194304,0,65664,268435456,0]
[0,0,0,0,0,32,0,0,0,0,0,0,8,128,0,0]-[0,0,3,0,524416]
[0,4,0,0,0,0,0,0,0,0,4096,0,0,0,0,0]-[0,1044,16384,131072,2]
[128,0,0,0,0,0,0,0,17825792,0,0,0,1048576,0,0,0]-[0,0,0,268468352,256]
[0,0,0,0,0,536870912,0,262144,1048576,0,0,0,262144,0,0,0]-[0,536870912,536870912,0,8448]
[0,0,0,0,0,256,0,0,0,0,4,0,0,0,0,0]-[0,2097216,0,147456,0]
[0,0,67108864,0,0,0,32,0,1048576,0,0,32,1048576,0,0,0]-[0,33554944,0,3145728,0]
[0,0,0,537001984,0,0,0,0,0,0,0,0,0,0,0,0]-[4096,0,603979776,2097152,0]
[0,0,0,16777216,0,0,0,0,0,0,0,0,0,0,67108864,0]-[0,0,268435458,516,0]
[0,0,0,524288,0,0,0,0,0,0,0,0,0,536870912,0,0]-[0,8,302252032,8388608,512]
[0,0,33554432,0,0,0,0,0,1048576,0,1024,0,0,0,0,0]-[0,0,8388736,33554432,1024]
[0,0,67108864,0,0,0,0,0,0,0,0,0,0,8,0,0]-[150994944,16779264,71311872,16819585,65536]
[0,0,0,0,0,0,0,65536,0,0,0,0,0,268435584,0,0]-[12,0,0,536871040,0]
[16,0,67108864,0,0,16384,0,0,1048576,0,0,0,0,0,0,0]-[0,512,33554432,1,1024]
[0,0,0,0,0,0,0,0,0,0,1073741824,0,0,536870912,0,0]-[0,640,2048,131072,0]
[0,0,0,0,0,0,0,536870920,0,0,0,0,0,0,0,0]-[4194308,1048640,1024,2,262152]
[0,0,0,0,262144,0,0,0,134217728,0,0,0,0,0,0,0]-[536870912,533008,18,419430658,540672]
[0,0,67108864,0,67108864,0,0,0,4096,0,0,0,1048576,128,0,0]-[138412032,2147483664,0,0,0]
[128,0,0,0,0,0,0,0,0,16777216,0,0,1048576,0,0,0]-[33554944,0,536870912,8192,0]
[0,268435456,0,0,0,0,0,0,0,0,0,0,262144,128,0,0]-[2097152,1048576,536870914,0,0]
[0,0,0,0,0,0,0,16,0,2048,0,0,0,0,0,0]-[262144,16777216,16,0,131072]
[0,0,0,0,0,262144,0,0,0,0,32,536870912,0,0,0,0]-[8192,512,0,268435456,4]
[0,65536,0,0,0,0,0,0,0,0,0,0,0,536871040,0,0]-[0,0,1179648,0,131076]
[128,16384,0,0,0,0,0,0,0,0,128,0,0,0,0,0]-[0,538968080,2,0,0]
[0,0,0,0,0,0,0,16,0,512,0,0,0,536871040,0,0]-[16,0,1048576,16,128]
[128,0,67108864,2147483648,0,0,0,0,0,0,0,0,0,0,0,0]-[1,67108880,0,0,1048576]
[0,0,67108864,0,0,0,0,0,0,0,0,0,1179648,0,0,0]-[134217728,32,1073742096,2147483840,65537]
[0,0,0,0,0,0,0,0,0,0,0,0,0,128,0,2048]-[1343632,1376320,2097158,264194,655360]
[0,0,0,0,0,0,8,0,0,0,0,0,0,0,16,0]-[1049600,4100,0,276824064,512]
[0,0,0,0,0,0,0,0,0,0,33554432,0,16777216,0,0,0]-[0,2,0,262144,131088]
[0,0,0,0,0,0,2097152,33554432,0,0,0,0,1048576,0,0,0]-[1073741824,0,1073741824,262208,0]
[0,0,67108864,0,0,0,0,0,268435456,0,0,0,0,0,0,0]-[16777257,807538688,0,1026,0]
[0,0,0,2147483648,0,0,0,0,134217728,0,0,0,1048576,0,0,0]-[0,8388616,0,16,1024]
[0,0,0,0,0,0,0,0,0,0,0,16777216,1048584,0,0,0]-[1048576,0,0,83886336,0]
[0,0,67633152,0,0,0,0,0,0,0,0,0,0,128,0,0]-[41943040,4210704,2097672,1572932,0]
[0,0,8388608,0,0,0,0,16,0,0,0,0,0,0,0,4]-[0,512,16777728,64,0]
[0,0,131072,0,0,0,0,0,2,0,0,0,0,0,0,0]-[1048704,134217728,0,128,0]
[0,0,0,256,0,64,0,0,0,0,0,0,0,0,0,0]-[0,528640,0,8192,0]
[0,0,0,16777216,0,0,0,0,0,0,0,0,1048576,0,0,0]-[3414507908,1359054018,287572522,1083222128,332337]
[0,0,4194304,0,0,0,0,16,0,0,0,0,0,0,0,0]-[1073807360,553648130,524324,524288,0]
[0,0,67108864,0,134217792,0,64,0,1048576,0,4096,0,0,128,0,0]-[2099201,0,0,0,128]
[0,0,67108864,0,0,0,0,16,0,0,0,0,268435456,0,0,0]-[65537,1024,1024,4194306,0]
[0,0,0,0,0,0,0,0,0,0,4096,64,0,0,0,0]-[0,64,1073742337,131584,0]
[0,0,0,0,0,0,8192,0,134217728,0,4096,0,0,0,0,0]-[0,67109120,0,268435712,0]
[128,0,0,0,0,0,0,0,4194304,0,67108864,0,0,0,0,0]-[134217728,0,0,33562624,4096]
[0,0,0,8192,0,0,0,16777216,1048576,0,0,0,0,0,0,0]-[2097152,0,0,1073750016,8192]
[0,0,16384,0,0,256,0,0,0,0,0,0,0,128,0,0]-[0,8388608,8388608,262144,1024]
[128,0,0,0,0,0,0,0,1048576,0,0,0,0,128,0,262144]-[131072,0,0,16,524292]
[0,128,67108864,0,0,0,8192,0,1048576,0,0,0,0,0,0,0]-[2097152,16384,32768,2147483648,0]
[0,0,67108864,0,0,0,0,0,0,0,0,128,0,0,0,0]-[0,2214694912,1108347440,35398754,64]
[0,128,0,0,0,4096,0,0,0,0,0,0,0,0,0,0]-[0,16384,0,570441728,0]
[0,131072,0,0,0,0,0,0,0,0,0,262144,0,0,0,0]-[1049600,0,0,0,513]
[0,0,0,0,0,0,0,0,1048576,0,0,0,1048576,1048576,0,2]-[16908288,0,0,16,1024]
[0,0,0,0,0,0,0,8192,0,0,0,0,1048576,0,2048,0]-[0,516,0,196608,0]
[0,0,67108864,0,0,0,0,0,0,0,1024,0,262144,0,0,0]-[0,8192,0,2097152,1179648]
[0,0,67108864,0,0,0,0,0,0,0,262144,0,0,0,0,4096]-[134217730,8,0,0,16]
[0,0,67108864,0,0,0,0,536870912,0,0,0,0,0,0,0,0]-[21499908,2686673420,1143556096,35661545,2163713]
[0,0,0,0,2147483648,256,0,0,0,0,0,0,0,0,0,0]-[1376832,1408,276955152,134217732,64]
[0,0,67108864,0,0,1024,0,0,0,0,0,0,0,128,67108864,0]-[0,4,67174400,16777216,0]
[0,0,67108864,0,2147483648,0,0,0,0,0,0,0,0,128,0,0]-[64,1056,2097152,0,0]
[32,0,67108864,0,0,0,0,0,1048576,0,0,0,0,0,0,0]-[0,4,524296,134217728,0]
[0,0,0,33554432,0,8192,0,0,0,0,0,0,0,0,0,0]-[0,1073741824,4100,16777216,0]
[0,0,67108864,0,0,0,0,16,0,0,536870912,0,0,0,0,0]-[524288,2048,2304,0,0]
[0,0,0,0,0,256,8192,0,17825792,0,0,0,0,128,0,0]-[0,0,262176,268439552,0]
[128,0,0,0,0,0,0,0,1048576,0,0,0,0,0,0,0]-[1140312565,3067458032,2814553338,4151836659,3060063]
[128,0,134217728,0,0,0,0,0,0,0,0,0,262144,0,0,0]-[262656,0,0,16448,0]
[0,0,0,0,0,0,16384,64,0,0,0,0,0,0,0,0]-[0,0,1048576,1088,32]
[67108864,0,0,0,0,0,64,0,0,0,0,0,0,0,0,0]-[262144,0,512,536870912,128]
[0,0,0,0,0,0,0,0,134348800,268435456,0,0,0,0,0,0]-[536887296,2,1073741824,0,0]
[128,0,67108864,0,0,0,0,0,1048832,0,0,0,0,0,0,0]-[0,0,32768,33562624,64]
[0,0,67108864,0,134217728,0,0,0,0,0,4096,0,9437184,0,0,0]-[2097153,0,4096,0,65536]
[0,0,0,0,0,0,0,0,1048576,0,4096,2097152,0,0,0,0]-[65536,0,192,1024,0]
[0,0,67108864,0,0,0,0,0,0,4096,4096,0,0,0,33554432,0]-[2048,67108900,0,0,0]
[0,0,0,0,0,0,0,0,9437184,0,0,0,8,128,0,0]-[2048,0,8192,2064,0]
[0,0,67108864,0,0,256,0,0,1048576,0,0,0,1048576,0,0,0]-[0,302055936,16,136319232,64]
[0,0,0,0,1,64,0,0,1048576,0,0,0,0,128,0,0]-[0,1048832,0,0,68]
[0,0,0,0,65536,0,0,0,0,0,0,0,0,0,1,0]-[0,128,33554432,262144,16]
[0,524288,16777216,0,0,128,0,0,0,0,0,0,0,0,0,0]-[0,536875008,0,131072,8192]
[0,0,2,0,0,0,0,0,0,0,4096,1,0,0,0,0]-[0,67117056,0,0,2097184]
[0,0,0,0,0,256,0,0,0,0,0,268435456,0,0,0,0]-[131072,8192,0,4096,1024]
[0,0,0,0,67108864,0,0,0,0,0,0,0,262144,0,0,0]-[536887585,1157814532,18120835,1077944576,512]
[0,0,0,0,0,0,0,0,1048576,0,16384,0,0,0,0,0]-[33620240,42205200,8388608,1745912864,0]
[0,0,0,0,0,0,0,0,1048576,0,0,0,1048576,0,262144,0]-[131456,16384,64,541065346,131156]
[0,128,67108864,0,0,0,0,0,0,0,0,0,0,67108992,16777216,0]-[2,0,2097152,576,0]
[0,0,0,0,0,0,1073741824,0,0,0,0,0,0,0,0,32768]-[8388608,65536,131072,0,65536]
[0,0,0,0,0,0,0,0,16777216,16777216,0,0,0,128,0,0]-[0,0,2684354560,268435458,0]
[0,0,0,0,0,0,0,0,0,0,0,33554433,0,0,0,0]-[262144,0,1048576,268435456,4096]
[0,128,0,0,0,0,0,0,0,2097152,0,0,0,128,0,0]-[0,0,3,0,2097156]
[0,0,0,0,0,0,64,0,2,0,0,0,0,0,0,0]-[1048608,593924,2,4096,0]
[0,0,16777216,0,0,0,0,0,0,0,0,0,256,0,0,0]-[8388608,33554432,268435458,0,0]
[0,0,0,0,0,0,0,262144,0,0,0,0,1048576,0,33554432,0]-[134217732,0,285212672,0,0]
[0,0,67108864,0,0,256,0,0,2147483648,0,0,0,0,0,0,0]-[0,32,520,64,0]
[0,0,0,0,0,0,0,0,0,0,0,0,1073807360,0,0,0]-[268435456,2097152,0,0,516]
[0,0,0,0,0,256,0,2,0,0,4096,0,0,0,0,0]-[1,67108864,16384,16384,0]
[0,0,0,0,0,0,0,0,0,0,4096,0,0,0,1073741824,0]-[1052928,32,50855936,2147598336,2097152]
[0,0,0,0,0,0,0,0,0,8,0,0,1048576,0,0,0]-[2147487744,335565824,134217984,2300416,4096]
[8388608,0,0,0,0,0,0,0,16777216,0,0,0,0,0,0,0]-[536870912,0,131073,2097152,0]
[0,0,1073741824,0,0,256,8192,0,0,0,0,0,0,128,0,0]-[1048576,0,32,67112960,0]
[0,0,0,0,0,0,0,1,0,0,0,0,0,128,0,0]-[269484036,0,524417,8388612,0]
[128,16,67108864,0,67108864,0,0,0,1048576,0,0,0,0,0,0,0]-[2048,0,33554432,8208,0]
[0,33554432,67108864,0,0,256,0,0,1048576,0,0,0,0,0,0,0]-[0,0,524296,64,524288]
[0,0,0,0,0,0,0,0,0,0,0,4,1048576,128,0,0]-[1536,0,8388608,0,4]
[128,0,16777216,0,0,0,0,0,134217728,0,0,0,0,0,0,0]-[8454144,1,2,0,0]
[0,0,2048,0,0,0,0,0,0,0,4096,0,0,128,0,0]-[512,320,0,65536,0]
[0,0,2,0,0,256,0,0,0,0,0,32,0,0,0,0]-[16,0,268439552,4,0]
[0,0,0,0,0,0,4,0,1048576,0,0,0,0,524288,0,0]-[0,0,1610612736,2684354560,0]
[0,0,67108864,0,16384,0,0,0,1048576,0,0,0,0,0,0,0]-[0,16,2048,2,64]
[0,0,0,0,0,0,0,0,0,0,4096,0,0,128,65536,0]-[0,2048,1572864,0,262144]
[0,0,67108864,0,0,192,0,0,0,0,0,0,0,0,0,0]-[16777216,33562624,49152,256,1]
[524288,0,67108864,0,0,0,0,0,0,0,0,0,1048578,0,0,0]-[0,1040,0,8192,1]
[0,16384,0,0,0,8192,134217728,0,0,0,0,0,0,0,33554432,0]-[537395200,8192,0,32768,0]
[0,2048,0,0,0,0,0,16,0,0,0,0,0,128,0,0]-[64,0,2147483648,67108864,8192]
[0,0,0,0,0,0,0,0,0,0,0,524288,262144,0,0,0]-[16,0,33554432,65568,0]
[0,0,0,0,0,0,0,0,0,0,0,32,2097152,0,0,0]-[32,0,8389120,32768,0]
[0,0,0,0,0,0,0,8208,0,0,0,0,0,0,0,0]-[65536,0,2098304,2147532864,0]
[0,0,0,128,0,0,0,0,0,0,0,0,0,536870912,0,0]-[0,4,65664,0,524288]
[0,0,67108864,0,0,0,64,0,537919488,0,0,0,0,0,0,0]-[2147483648,4,32,524288,0]
[8388608,0,67108864,0,0,0,0,0,0,0,0,0,1048576,0,0,0]-[0,4128,65536,0,2]
[0,0,0,0,0,0,0,8388608,0,0,0,0,0,0,8,0]-[262144,0,2048,33554432,2]
[0,262656,0,0,0,0,0,16,0,0,0,0,0,0,0,0]-[822083584,0,1024,0,0]
[0,0,67108864,0,0,0,0,8,0,0,0,0,1024,0,0,0]-[4194306,0,1073741824,0,64]
[0,0,0,0,0,0,0,0,0,0,0,0,1048576,128,32768,0]-[1,9437184,2097152,0,0]
[0,0,67108864,0,0,8,64,0,1048576,0,0,0,0,0,0,0]-[2149582848,4,0,256,0]
[0,0,0,0,0,0,0,0,0,0,0,0,0,4194432,0,0]-[263168,538968064,1073889408,268567552,2]
[0,0,0,0,0,0,0,0,0,0,4096,4194304,0,0,0,0]-[512,260,33620032,131328,0]
[0,0,0,0,0,0,0,0,8,0,0,0,0,0,128,0]-[256,0,0,16,278528]
[0,0,0,0,0,0,2097152,0,8,0,0,0,0,0,0,0]-[128,33554432,131072,2097152,0]
[0,64,67108864,0,0,16384,0,0,0,0,0,0,0,0,0,0]-[64,33554432,1024,16777216,0]
[0,0,0,0,536870912,0,0,0,0,0,0,0,0,128,0,0]-[24,64,0,268435528,32800]
[0,0,67108864,0,0,8192,0,16,0,0,0,0,1048576,0,0,0]-[0,64,0,8194,131072]
[0,0,0,0,0,0,0,16777216,1048576,0,0,0,131072,0,0,0]-[16,288,0,2147483648,0]
[0,0,0,0,0,0,0,262144,134217728,0,0,0,0,0,0,0]-[8390656,134217736,536870920,0,0]
[0,0,67108864,262144,0,0,0,0,0,0,4096,0,0,0,0,0]-[8388608,16785408,0,256,65536]
[4,536870912,0,0,0,0,0,0,1048576,0,0,0,0,0,0,0]-[0,0,8193,67108865,0]
[0,0,67108864,0,0,0,0,0,1048576,0,0,0,1048832,0,0,0]-[2147483648,0,0,524384,0]
[0,0,0,0,0,0,0,0,0,0,131072,0,1048576,0,0,0]-[285377664,213025,1109393412,536903680,513]
[0,0,67108864,0,67108864,0,0,0,0,128,0,0,0,0,0,0]-[4,8,0,2181038080,0]
[0,0,0,0,0,64,0,0,0,0,0,0,131072,0,0,0]-[16,2147484032,4096,2147483648,32]
[0,0,67108864,0,0,0,0,2097152,0,0,0,0,0,0,0,0]-[134217761,4333580,2415919368,1540,192]
[0,0,0,0,0,0,0,0,0,1024,0,0,262144,0,0,0]-[2097408,0,2097153,0,0]
[0,0,0,0,134217728,256,0,0,17825792,0,0,0,1048576,0,0,0]-[0,268435456,1,256,8192]
[0,0,67108864,0,0,0,0,0,16777224,0,0,0,1048576,128,0,0]-[1,16777216,0,134217728,128]
[0,0,67109888,0,0,0,0,0,0,0,0,0,0,0,0,8]-[67108864,16384,0,0,1049600]
[0,65536,0,0,0,0,0,0,0,0,0,67108864,0,0,0,0]-[1310720,2097152,0,67108864,8706]
[0,0,67108864,0,0,0,0,0,0,4096,0,0,1048576,0,0,0]-[0,33570848,65536,0,1088]
[0,1024,0,0,0,0,0,0,0,0,0,0,262144,0,0,0]-[524288,1048576,0,2162688,0]
[0,0,0,0,0,0,0,0,1048576,268435456,0,0,8,0,0,0]-[0,512,1073741832,1073741824,0]
[0,0,0,0,67108864,0,0,0,134217728,0,2097152,0,0,128,0,0]-[0,327681,2,0,0]
[0,0,67108864,0,0,0,0,0,1048576,0,0,0,0,32768,0,0]-[2181103616,33554436,524296,0,64]
[0,0,0,0,0,0,8192,8,0,0,4096,0,0,128,0,0]-[262144,262144,0,12,0]
[0,0,0,0,0,0,2097152,16,0,0,2,0,0,0,0,0]-[524288,512,134217728,67108864,0]
[0,32,0,0,0,0,0,0,0,0,0,0,1048576,128,0,0]-[0,0,0,537133088,4]
[0,0,0,0,33554432,0,0,0,0,0,0,0,0,128,0,0]-[35669120,16777216,3801218,604241972,360544]
[0,0,16777216,0,0,2048,0,0,2097152,0,0,0,1048576,0,0,0]-[3221225728,0,0,0,256]
[0,0,67108864,0,67108864,8192,0,0,1048576,0,0,0,0,0,0,0]-[65536,0,32768,16,128]
[0,0,0,0,0,0,0,65536,0,0,0,0,8,0,0,0]-[4,0,131328,128,0]
[0,0,67108864,0,0,0,0,0,0,0,4096,0,0,0,134217729,0]-[0,4194312,33554432,0,2097152]
[8192,0,0,0,0,0,0,0,0,0,0,0,1048576,0,0,0]-[2113664,4612,2097152,2147631104,8200]
[0,0,0,4096,0,64,33554432,0,0,0,0,0,1048576,0,0,0]-[16450,0,4096,0,0]
[0,0,0,0,0,256,8192,0,0,4096,0,0,0,0,0,0]-[2147483648,0,134479872,0,1]
[0,0,4096,0,0,0,0,512,0,0,0,0,0,0,0,0]-[0,8,0,536870912,16386]
[0,0,0,0,0,0,0,536870928,0,0,0,0,0,128,0,0]-[1024,262208,0,2,0]
[0,0,0,0,0,0,0,0,0,0,1052672,0,1048576,0,0,0]-[10747904,67108896,0,256,2097152]
[0,0,67108864,0,0,0,0,0,16777216,0,0,0,0,0,4,0]-[524290,0,512,0,524288]
[0,0,0,0,0,256,67108864,0,0,0,0,0,0,128,0,0]-[0,0,537411584,2,0]
[0,0,0,0,0,0,64,0,1048576,0,4096,0,1048576,0,0,0]-[278528,67108864,33624080,4325632,4226]
[0,0,2147483648,0,0,8192,0,0,0,0,0,0,0,0,0,0]-[536870916,0,8388608,0,4096]
[0,0,524288,0,0,0,0,0,0,0,0,0,0,0,128,0]-[4,524800,0,0,262144]
[0,0,67108864,0,0,0,0,16,0,0,0,0,0,0,4096,0]-[524288,512,1052672,136314880,2097153]
[0,0,1024,0,0,0,0,0,2,0,0,0,0,0,0,0]-[0,0,134217728,129,4]
[0,256,0,537001984,0,0,0,0,0,0,0,0,0,0,0,0]-[0,0,603979776,128,262144]
[0,0,0,0,0,0,0,0,0,0,134217728,512,0,0,0,0]-[4194562,0,8192,0,0]
[0,0,524288,0,0,0,0,0,8,0,0,0,0,0,0,0]-[512,0,2097408,2048,0]
[0,0,67108864,0,0,0,0,4194312,1048576,0,0,0,0,128,33554432,0]-[2052,0,1074266112,0,0]
[0,0,524288,0,0,0,2097152,0,0,0,0,0,0,0,0,0]-[0,2113536,640,0,0]
[0,0,0,0,0,0,0,16,0,0,4096,0,0,128,0,0]-[269257233,360975425,3225288934,572522682,2363424]
[0,268435456,0,0,0,0,0,0,0,0,2097152,0,0,0,0,0]-[0,640,0,16384,32]
[0,0,0,0,0,0,0,0,5242880,0,0,0,0,0,0,0]-[65536,17301652,0,0,2359298]
[0,0,0,262144,0,0,0,0,1048576,0,0,0,0,128,0,0]-[16400,0,1,2560,4]
[0,0,67108864,0,0,4194304,0,0,0,0,0,0,0,0,0,0]-[2357723202,335544325,1077979664,2181596032,65554]
[0,0,0,0,0,8192,0,0,0,0,32768,0,0,0,0,0]-[2717908992,268435456,0,8388624,8]
[0,0,0,0,0,0,0,0,2,0,0,0,0,0,16384,0]-[0,0,67584,2415919104,0]
[64,0,0,0,0,0,64,0,0,0,0,0,0,0,0,0]-[0,8388608,8,67371008,0]
[0,0,0,0,0,8192,0,0,0,0,0,0,1048576,2048,0,0]-[0,32768,262144,0,10]
[0,0,0,0,0,0,0,0,0,512,0,0,512,0,0,0]-[8390656,0,2147483648,2048,0]
[0,0,67108864,0,0,0,0,16,0,0,0,0,0,33554432,0,0]-[67108865,0,32,8,0]
[0,128,0,0,67108864,0,0,0,0,33554432,0,0,262144,0,0,0]-[0,16388,1048577,0,0]
[0,0,0,0,0,0,4,1024,0,0,128,0,0,0,0,0]-[0,524288,1572864,524288,0]
[0,0,0,0,0,256,0,0,0,0,0,0,1048576,128,1024,0]-[2097152,2048,0,0,262272]
[0,0,67108864,16,0,0,0,0,0,0,134217728,0,0,0,0,0]-[0,67110912,2147483648,1048576,0]
[0,0,0,0,0,0,0,8,1048576,0,512,0,0,128,0,0]-[262148,0,524288,134217728,0]
[0,0,0,0,0,0,0,1073741840,0,0,0,0,0,0,0,0]-[0,524288,2164263424,128,1048576]
[0,1024,67112960,0,0,0,0,16,0,0,0,0,0,0,0,0]-[0,4096,512,2097152,2097152]
[0,0,0,0,0,0,0,2048,0,0,0,0,1048576,128,0,0]-[64,65536,262144,4,8320]
[0,0,67108864,0,0,2,0,0,67108864,0,0,0,0,0,0,0]-[68,0,0,2148532224,0]
[0,0,67108864,0,0,0,8192,0,0,0,0,0,0,0,128,0]-[32768,2147483648,0,2129920,0]
[0,0,67108864,0,0,0,0,0,5251072,0,0,0,0,0,0,0]-[0,4,1073741824,532480,0]
[0,0,1024,0,0,0,0,0,1048576,0,16,0,16777216,0,0,0]-[131072,0,34816,0,4]
[0,0,0,0,0,256,0,0,0,0,67108864,0,0,0,0,0]-[2416312336,8398336,1351024657,134221824,1024]
[0,0,67108864,0,0,0,8192,0,8,0,0,0,0,0,0,0]-[524288,2048,32768,0,32768]
[0,0,0,0,0,0,0,0,1048576,0,0,0,1064960,0,0,0]-[33554432,4194304,8,268437504,1]
[0,0,67108864,0,0,0,0,0,0,0,67108864,0,0,128,0,0]-[302006272,17041408,163840,4,98532]
[0,0,0,0,2,8192,0,0,0,0,0,0,0,0,0,128]-[8388624,4194304,0,0,2048]
[0,0,67108864,0,0,0,0,0,0,0,0,0,0,1048576,1073741824,0]-[0,2147565568,0,512,0]
[0,0,67108864,0,0,0,0,0,0,0,0,0,8,536870912,0,0]-[0,4,0,16,2621440]
[131328,0,0,0,0,0,0,0,0,0,0,0,0,0,0,0]-[0,0,268435456,1073807360,128]
[0,0,0,0,0,0,0,0,0,0,0,0,0,671088640,0,0]-[536870912,0,16777216,16384,1]
[0,8,0,0,0,0,2048,16,0,0,0,8388608,0,0,0,0]-[0,512,2,64,262144]
[0,0,83886080,0,0,0,0,16,0,0,0,0,0,0,0,0]-[0,2048,32768,256,2048]
[0,0,67108864,0,0,0,16384,0,0,1024,0,0,0,0,0,0]-[0,268435456,4194304,32768,2048]
[128,4096,0,0,0,0,0,0,0,0,0,0,0,0,0,0]-[134217728,65536,155648,32769,4132]
[0,0,67108864,1,0,0,0,16,0,2097152,0,0,0,0,0,0]-[0,0,3145728,0,2176]
[0,0,2,0,0,0,0,0,0,0,0,0,256,0,0,0]-[0,1073741824,1024,16777280,0]
[128,256,0,0,0,0,0,0,1048576,0,0,0,0,0,0,0]-[2048,0,536870912,8208,0]
[0,524288,0,0,0,0,0,0,65536,0,0,0,0,128,0,0]-[131088,16777216,0,2097152,0]
[128,0,0,0,0,0,0,0,16777216,524288,0,0,0,0,0,0]-[4194304,0,0,16777280,4096]
[0,0,67108864,2149580800,0,0,0,0,0,0,0,8192,0,0,0,0]-[65536,133120,524288,0,0]
[0,0,67108864,0,0,0,8192,0,134217728,0,0,8,0,0,0,0]-[0,256,0,48,2048]
[128,0,0,0,0,0,0,0,0,0,4096,0,1048592,0,0,0]-[16448,0,0,131072,32]
[0,128,0,0,524288,0,0,0,0,0,0,0,0,128,0,0]-[268435456,0,1073741824,268435456,262144]
[0,0,0,0,0,4194304,0,0,1048576,0,0,0,0,536870912,0,0]-[0,1342177280,0,256,64]
[0,0,0,0,4096,64,0,0,0,0,0,0,1048576,0,0,0]-[2147484160,0,2048,524288,0]
[0,0,0,0,262144,0,0,0,0,0,0,32,0,0,0,0]-[536870912,0,67764224,0,0]
[0,0,0,0,0,67108864,0,524288,0,0,0,0,0,0,0,0]-[16,32768,65536,0,8]
[0,0,1140850688,0,0,0,0,0,0,0,0,0,0,536870912,0,0]-[2147520512,8704,0,263200,0]
[0,0,67108864,536870912,0,0,0,65536,0,0,0,0,0,0,8,0]-[4096,0,2048,2097153,0]
[0,0,0,0,0,0,0,0,1048576,0,0,0,1048576,128,0,512]-[0,1048608,0,4608,0]
[128,0,0,0,0,8192,0,0,0,0,0,0,8,0,0,0]-[37748736,0,1024,1073741824,0]
[0,0,67108864,0,0,0,0,0,1048576,0,0,0,0,0,4194304,0]-[16777220,512,8192,2181070864,0]
[0,0,67108864,8388608,0,64,0,0,262144,0,0,0,0,0,0,0]-[0,2048,4096,532480,0]
[0,0,67108864,0,0,0,0,0,1048576,2147483648,0,0,0,0,0,0]-[0,541147648,1074274304,134222080,4]
[0,0,0,0,33554432,0,0,0,0,0,0,0,1048576,131072,0,0]-[0,0,16777216,2,524800]
[0,536870912,67108864,0,0,0,0,0,0,0,0,0,1048576,0,0,0]-[0,64,0,32802,0]
[0,0,0,0,65536,0,0,0,0,0,1073741824,0,0,0,0,0]-[49408,0,0,20971520,0]
[0,0,67108864,0,134217728,0,0,0,1048576,0,0,0,0,128,0,0]-[2099201,0,0,0,4]
[0,0,0,16,0,0,0,8,0,16384,0,0,0,0,0,0]-[0,0,2147483666,256,0]
[0,0,0,524288,0,33554432,0,0,0,0,0,32,0,0,0,0]-[0,128,4198400,2048,0]
[128,0,0,0,0,0,0,0,0,0,536875008,0,0,0,0,0]-[1073741824,0,8388608,272629760,0]
[0,0,0,0,0,0,8,0,0,0,0,0,0,0,0,16]-[131336,1073741848,0,536870916,0]
[0,0,1048576,0,0,0,0,0,0,0,4096,0,0,0,0,0]-[17580032,163872,16512,512,4128]
[0,0,0,0,0,0,0,0,16777216,0,0,0,536870912,0,0,0]-[0,2147483648,65664,1,0]
[0,0,67108864,0,0,0,0,0,0,0,0,0,2048,128,0,0]-[2,536936481,0,146,0]
[0,128,0,0,0,0,0,0,0,0,0,0,1048640,0,0,0]-[0,0,1,2149711872,0]
[0,0,67108864,0,0,0,64,512,0,0,0,0,0,0,0,0]-[0,8,67108864,256,2]
[0,0,0,0,0,0,0,0,0,1,4096,0,0,128,0,0]-[0,8390656,0,536870912,4]
[0,0,67108864,0,0,0,8192,2,0,0,0,0,1048576,0,0,0]-[0,83886080,4096,16,0]
[262144,0,67108864,0,0,0,0,0,0,0,0,0,1048576,0,0,0]-[25165824,6156,0,2152792840,0]
[0,0,32,0,0,0,0,8192,0,0,4096,0,0,0,0,0]-[0,4,276840448,0,0]
[0,0,67108864,0,0,0,0,16,1048576,0,4096,0,1048576,0,0,0]-[0,8,4096,0,2113536]
[128,0,0,0,0,0,0,0,0,0,0,0,1024,0,0,0]-[128,17320320,2148532288,33685508,524322]
[0,0,0,0,8192,0,0,0,0,0,0,0,1048576,0,0,0]-[135168,3221225472,33556480,75759616,1]
[0,0,0,0,0,0,0,0,1048577,0,4096,0,0,0,0,0]-[1074266112,2147483648,0,16384,16384]
[0,0,512,0,0,0,0,0,0,0,0,0,1048576,0,0,0]-[272630272,128,536870912,33554448,64]
[1073741824,0,67108864,0,0,256,0,0,0,0,0,0,0,0,0,0]-[65608,0,0,32788,524352]
[0,0,0,0,0,0,0,0,4096,0,0,0,1048576,0,0,0]-[1207992580,2147616784,1082400840,1449984,524544]
[0,0,0,0,0,0,0,0,134217728,0,2,0,0,128,0,0]-[0,1050624,8388608,0,524288]
[0,0,67108864,0,0,0,0,0,64,1048576,0,0,0,0,0,65536]-[0,0,1024,2147483648,32769]
[0,0,67108864,0,0,256,0,0,0,0,0,131072,0,0,0,0]-[1,69208064,0,16,34944]
[0,0,67108864,0,0,0,0,0,0,0,0,0,1048608,0,0,0]-[2097152,0,0,50331648,64]
[0,0,0,0,0,8192,0,8388608,0,0,0,0,0,0,0,0]-[2162696,0,0,0,8]
[0,0,67108864,0,0,0,0,67108864,0,0,0,0,1310720,0,0,0]-[0,51200,0,0,1024]
[0,0,4,0,0,0,0,0,536870912,0,0,0,0,0,0,0]-[6291456,2048,2,0,0]
[0,0,0,131072,0,0,0,16777216,0,0,0,0,0,0,0,0]-[1024,2048,65536,0,512]
[0,128,67108864,0,0,0,0,0,0,0,0,0,0,0,67108864,0]-[10,0,0,528384,0]
[0,0,67108864,0,67108864,0,0,0,0,0,0,0,0,128,0,65536]-[0,20480,268435968,0,0]
[0,0,67108872,0,0,0,0,0,1048576,0,0,0,0,0,262144,0]-[2097152,4,32768,8192,0]
[0,0,0,0,0,0,0,0,0,0,67108864,1073741824,1048576,0,0,0]-[0,8390656,0,8,8]
[0,0,0,0,0,0,0,0,1024,0,0,0,0,8320,0,0]-[0,0,5,512,128]
[0,0,0,0,0,0,8192,0,0,0,4096,32,0,0,0,0]-[0,0,268439552,268500992,0]
[0,0,67108864,0,0,0,0,16,0,0,0,0,65536,128,0,0]-[0,2048,32768,64,2097152]
[2147483648,0,16777216,0,0,0,0,0,0,0,0,0,0,0,0,0]-[1024,536870913,33555584,8,8192]
[0,0,0,0,67108864,0,0,0,17825792,0,0,0,8,0,0,0]-[0,4,16785408,536870912,0]
[0,0,0,33554432,0,0,0,0,0,2048,0,0,0,0,0,0]-[4096,0,0,67108864,1536]
[0,0,67108866,0,0,0,64,0,0,0,0,0,0,0,0,0]-[0,537001984,67108864,2097152,0]
[0,536870912,0,0,0,0,0,0,0,0,0,1,536870912,0,0,0]-[0,67108864,128,1,131072]
[2048,0,0,0,0,0,0,16,134217728,2097152,0,0,262144,0,0,0]-[16,67110912,0,256,0]
[0,0,0,0,0,8192,0,0,1048576,0,16777216,0,0,0,0,0]-[0,8388608,16,32,8192]
[0,0,0,0,1073741824,0,0,0,0,0,0,0,0,0,1073741824,0]-[0,32,256,16793600,64]
[0,0,67108864,0,0,0,0,0,1048576,0,0,0,1048580,0,0,0]-[1,512,4194304,1048576,0]
[0,0,0,0,0,256,0,0,0,0,4096,0,0,0,8192,0]-[0,0,276824064,260,0]
[0,131072,0,0,0,0,0,0,16777216,0,0,0,0,0,0,0]-[0,0,2,8,4224]
[268435456,0,0,0,0,0,0,0,0,1073741824,0,0,0,0,0,0]-[0,2176,16777217,0,0]
[0,0,67108864,0,0,0,1024,0,0,0,1024,0,0,0,0,0]-[67174400,32,0,0,16384]
[0,0,83886080,0,0,0,0,0,0,0,0,1024,0,0,0,0]-[8390656,0,0,2147483648,64]
[0,0,0,8192,0,8192,0,0,0,0,0,0,0,0,0,0]-[0,65536,512,1024,8192]
[0,0,0,0,0,0,0,268435456,0,0,0,0,0,0,0,131072]-[0,128,536870912,0,18]
[0,0,67108864,0,0,0,0,16,17825792,0,0,0,0,128,0,0]-[0,32,0,134217920,128]
[0,0,0,0,0,256,0,16,17825792,0,0,0,0,0,0,0]-[0,512,64,2415919104,0]
[0,0,0,0,0,0,0,0,0,0,0,0,0,0,0,131200]-[2,1024,2,0,2]
[0,0,16777216,0,0,64,0,8,0,0,0,0,0,0,0,0]-[268435456,0,1152,2147483648,0]
[0,8388608,0,0,0,0,0,0,0,0,262144,0,0,0,0,0]-[1024,8,33554432,0,524288]
[0,0,67108864,16,0,0,0,0,0,0,0,0,0,0,8192,0]-[16777216,0,4718592,65536,0]
[0,0,0,0,0,0,0,512,1048576,0,0,0,1048576,0,0,0]-[2048,0,1073743872,2048,0]
[0,0,0,0,0,0,0,0,0,0,0,0,0,512,67108864,0]-[18,8192,0,2147483648,0]
[0,128,0,0,0,0,0,0,16777216,0,0,0,0,0,0,0]-[3372220680,1310753,134218056,285222918,0]
[0,0,16777216,0,0,0,8192,0,0,0,0,0,262144,128,0,0]-[268435456,2048,32768,0,8192]
[1073741824,0,67371008,0,0,8192,0,0,0,0,0,0,0,0,0,0]-[0,2415919104,0,65536,16384]
[0,0,0,0,0,0,0,0,0,0,2,0,0,524288,0,0]-[0,524800,67108864,0,2048]
[0,8,67108864,0,0,0,0,0,1048576,0,0,0,0,0,0,4]-[0,512,16,66,0]
[0,0,0,0,0,0,8192,16,0,0,0,0,1048576,0,0,0]-[268451840,336609832,16777792,39848016,2361456]
[0,0,67108864,0,0,0,0,0,16777216,0,0,0,0,8,0,0]-[524288,16777216,0,2164260864,0]
[0,0,2147483648,0,0,0,4,0,0,0,0,0,0,0,0,0]-[0,134283264,0,1024,1024]
[0,0,67108864,0,0,0,4096,0,0,0,0,0,0,0,0,0]-[2147489825,2147483712,2181041180,524496,3145728]
[0,0,0,0,0,0,0,16,0,128,0,0,16777216,0,0,0]-[524288,0,0,0,28672]
[1048576,0,67108864,0,0,0,0,0,0,1073741824,0,0,0,0,0,0]-[67108864,0,0,274,0]
[0,0,0,0,0,0,0,16,0,0,0,0,536870912,0,1024,0]-[536871937,2,0,0,0]
[0,0,0,0,0,256,0,0,0,0,67112960,0,0,128,0,0]-[16384,64,0,8,128]
[0,0,8,0,0,0,8192,0,0,0,0,0,0,0,0,0]-[0,0,262148,65536,1]
[0,0,0,0,0,0,0,16,0,0,0,0,8,0,0,0]-[877447697,1033437757,1101676498,772463081,3166265]
[0,128,67108864,0,0,0,0,0,0,0,0,0,1048576,0,0,0]-[134254598,117588556,107028484,7123458,180224]
[0,0,0,0,0,0,32768,0,16777216,0,4096,0,0,0,0,0]-[0,0,16448,0,4104]
[0,0,0,0,0,2097408,0,0,0,0,0,0,0,0,0,0]-[512,0,0,4352,8192]
[0,0,16777216,0,0,8192,0,0,0,0,0,0,0,128,0,0]-[2097160,1073743872,32768,1073807488,160]
[0,0,8192,0,0,8192,0,0,0,0,0,0,0,0,67108864,0]-[570425344,2048,524288,0,0]
[0,0,0,0,0,256,65536,0,0,0,0,0,0,0,0,0]-[0,67110944,1024,536887304,2048]
[0,0,67108864,256,0,8192,8192,0,1048576,0,0,0,0,0,0,0]-[2181103616,0,0,16,0]
[0,0,0,0,0,8192,0,8192,1048576,0,0,0,1048576,0,0,0]-[2147549184,0,64,32768,0]
[0,0,16777216,0,0,0,0,0,0,1048576,0,0,0,0,0,0]-[268435456,0,34604032,0,0]
[0,0,67108864,0,0,0,65536,0,0,0,0,0,0,128,0,0]-[0,17039361,1572864,36,4]
[0,0,0,0,8192,0,0,0,0,0,0,0,0,0,0,128]-[16,0,0,8650752,1]
[0,0,0,128,65536,0,0,0,0,0,0,0,0,0,0,0]-[524304,0,0,20971520,0]
[0,0,525312,8192,0,0,0,0,0,0,0,0,0,0,0,0]-[0,65536,536870912,16777216,2097152]
[0,0,0,0,32768,0,0,0,0,0,0,16,0,0,0,0]-[128,16777216,0,538968064,2048]
[0,0,67108864,0,0,0,0,0,0,0,0,0,256,512,0,0]-[4,0,1048576,2105344,0]
[0,0,0,0,0,0,0,4,0,0,0,2097152,0,0,0,0]-[67108864,0,1048578,65536,0]
[0,0,0,0,0,0,0,0,0,0,0,2,0,1048576,0,0]-[8,2176,67108864,0,0]
[0,0,4,0,0,0,0,0,0,0,4096,0,0,128,0,0]-[0,1024,8388608,0,2097280]
[0,0,67108864,0,0,2,0,0,0,0,0,0,0,0,0,0]-[2349369414,536870929,5313028,2147779141,86]
[0,0,0,0,67108864,0,8192,0,1048576,0,0,0,0,0,0,0]-[2181185537,0,537143296,67108992,17]
[16777216,0,67108864,0,0,0,0,16,0,0,0,0,0,0,0,0]-[2147483648,65536,512,32,0]
[0,0,335544320,0,67108864,0,0,0,0,0,0,0,0,0,0,0]-[67108864,32768,4,256,0]
[8192,0,67108872,0,0,0,0,0,0,0,0,0,0,0,0,0]-[0,16777220,32768,1,0]
[0,0,0,16777216,0,0,0,0,16777216,0,0,0,1048576,0,0,0]-[4,4194304,0,0,2560]
[0,0,67108872,0,0,0,64,0,1048576,0,4096,0,0,0,0,0]-[65536,262160,0,512,0]
[0,0,67108864,0,0,0,1073741824,0,0,0,0,0,0,0,0,0]-[83888232,2684360752,105387280,2147812482,260]
[0,0,0,33554432,0,0,8192,0,2048,0,0,0,0,0,0,0]-[8192,536870912,0,33554432,8]
[0,0,67108864,0,0,0,2,0,0,0,0,0,0,536870912,0,0]-[0,4196352,0,64,128]
[0,4,0,0,0,0,0,0,1048576,0,0,0,1048576,128,0,0]-[0,0,262144,2097664,8192]
[0,0,0,0,33554440,0,0,0,0,0,0,0,0,0,0,0]-[8193,0,0,67108864,1024]
[0,0,67108864,0,0,0,0,0,0,0,0,0,0,640,0,0]-[0,268435456,1073741824,0,589824]
[0,0,0,0,0,64,0,0,0,8388608,0,0,0,536871040,0,0]-[80,256,0,64,0]
[0,0,0,0,0,0,0,8388608,0,0,0,0,1572864,128,0,0]-[192,32,8192,0,0]
[0,0,0,0,4,0,64,0,0,0,0,0,0,0,0,0]-[32,262144,0,1073741824,16384]
[0,0,0,0,0,0,0,8,0,0,0,0,0,131072,0,0]-[8192,16384,32896,0,0]
[0,64,67108864,0,0,0,0,0,0,0,4096,0,0,0,0,0]-[0,16,0,33284,0]
[0,0,0,0,0,2147483648,0,0,0,0,0,262144,0,131072,0,0]-[2147483648,536903680,0,536870912,0]
[128,0,0,0,0,0,0,0,0,0,4096,0,0,536870912,0,0]-[0,67584,0,3221225472,0]
[0,0,0,0,131072,0,64,0,0,0,0,0,0,0,0,0]-[2097152,0,0,538968064,4096]
[0,0,0,0,0,0,0,0,0,0,0,0,1048576,512,0,0]-[34865154,66,1,41943060,2097155]
[0,0,0,0,0,0,0,0,0,0,0,0,0,0,524288,16384]-[1074790464,0,0,0,8]
[262144,0,0,0,262144,0,0,16,0,0,0,0,0,0,0,0]-[2147483648,4096,0,16640,0]
[0,8388608,67108864,0,0,0,0,0,0,0,0,32,0,0,0,0]-[0,32776,4,0,524288]
[0,0,0,0,2,0,0,0,0,4096,0,0,0,0,0,0]-[512,134217728,0,0,32832]
[0,0,0,0,0,0,0,0,0,128,33554432,0,0,0,0,0]-[32,4,16,536870912,0]
[0,0,0,0,0,512,0,0,0,0,0,0,0,0,0,256]-[524304,0,8,8192,0]
[0,0,0,0,524288,64,0,0,1048576,0,0,0,0,0,0,0]-[16,384,0,1,0]
[0,0,0,0,0,0,0,16,1048576,0,0,0,0,16777344,0,0]-[16384,0,0,134219792,0]
[0,0,0,32768,0,0,0,0,0,0,0,0,0,128,1024,0]-[2097152,1048640,4,0,0]
[128,0,0,0,2147483648,0,0,0,0,0,0,0,0,0,0,0]-[64,1024,8388608,8192,0]
[536870912,0,67108864,262144,0,0,0,16,1048576,0,0,0,0,0,0,0]-[0,66048,0,1,1]
[0,0,0,0,0,16448,0,0,0,0,0,0,1048576,128,0,0]-[64,0,0,0,1184]
[0,0,0,0,0,8192,0,0,1048576,0,0,0,0,0,0,262144]-[0,262144,0,536871936,16]
[0,0,67108864,0,0,0,0,0,0,0,0,536870912,0,128,0,0]-[64,32,0,544,128]
[0,0,0,0,0,256,0,0,0,0,0,536870912,0,0,0,0]-[335544320,1056768,0,0,0]
[0,0,0,0,0,0,0,0,1048576,0,0,32,0,536870912,0,0]-[0,262272,0,134217728,8192]
[0,0,0,0,0,0,0,67108864,8192,0,0,0,0,0,0,0]-[65536,0,33554434,0,16384]
[128,0,67108864,0,0,0,0,0,1048576,0,0,0,1048576,0,0,0]-[41943040,69633,33562632,2182127859,655430]
[0,64,0,0,0,0,0,0,1048576,0,0,0,0,128,0,0]-[33554432,0,0,67108864,1088]
[0,0,0,0,0,0,8192,0,0,0,8388608,0,0,0,0,131072]-[2147483648,67108864,262144,32,0]
[0,0,0,0,0,0,64,0,0,0,0,0,268435456,0,0,0]-[1073742340,4096,536870916,528,8192]
[0,0,1073741824,0,0,0,0,16384,0,0,0,0,0,0,0,0]-[537919744,0,0,67108864,0]
[0,0,0,4,0,0,0,0,1048576,0,0,131072,0,0,0,0]-[0,0,136,2214592512,0]
[0,8388608,0,0,0,0,0,0,1048576,0,4096,0,0,0,0,0]-[262144,0,33554497,0,0]
[0,0,0,0,67108864,0,0,0,2048,0,0,0,0,0,0,0]-[67371008,131072,0,512,0]
[0,0,0,0,0,0,0,0,1048576,0,0,32,0,0,0,64]-[2097152,128,0,268435456,131072]
[0,0,0,0,0,0,131072,0,0,0,0,0,0,128,0,512]-[268435522,0,0,128,0]
[0,0,524288,0,0,0,0,0,0,0,0,32768,0,128,0,0]-[0,1,131200,0,8192]
[0,0,0,0,0,8192,64,0,0,0,0,0,0,0,67108864,0]-[536871168,268435456,136347648,0,0]
[0,0,4194304,16384,0,64,0,0,0,0,4096,0,0,0,0,0]-[4,134217728,0,2,8192]
[128,0,0,0,0,0,0,0,0,0,0,268435456,0,0,0,0]-[2048,0,1024,268435488,0]
[0,0,0,0,0,0,0,0,0,8192,0,0,0,536871040,0,0]-[262146,1342177280,0,0,0]
[0,0,0,0,536870912,0,0,0,135266304,0,0,0,0,0,0,0]-[0,268435584,0,8192,16]
[0,0,0,0,0,0,0,0,0,0,0,0,262144,16384,0,0]-[0,135168,128,2097152,0]
[0,0,67108864,0,0,0,0,8,0,0,67108864,0,0,0,0,0]-[0,16384,1024,2147483648,1048576]
[0,0,0,0,0,0,0,0,134217728,0,0,2147483648,0,0,0,0]-[528,1048578,0,0,0]
[128,0,67108864,0,0,0,0,0,2147483648,0,0,0,0,0,0,0]-[4194304,0,0,0,524356]
[0,0,67108864,0,4194304,0,0,0,0,0,262144,16384,0,0,0,0]-[0,8,4096,8192,16]
[0,0,0,0,0,0,0,0,0,0,128,0,262144,0,0,0]-[0,2147483648,8388608,134217728,2048]
[0,0,67108864,0,0,0,0,0,134218752,0,0,0,0,0,0,0]-[8,0,2097152,256,2048]
[0,0,0,0,0,1073742080,0,0,0,0,4096,32,1048576,128,0,0]-[512,1024,0,268697600,0]
[0,0,16777216,0,0,0,0,2097152,0,0,4096,0,0,0,0,0]-[2097152,0,268435584,1024,0]
[0,0,67108864,0,67108864,0,32,0,0,0,0,0,0,0,0,0]-[0,1024,16,0,131074]
[0,0,0,0,0,256,0,0,0,0,0,0,0,128,0,0]-[339691485,362225632,4172243127,1017592318,2094309]
[0,0,0,0,0,0,0,0,0,33554432,0,0,0,0,0,2]-[8,256,131080,0,0]
[0,0,67108864,0,0,2147483648,0,0,135266304,0,0,0,0,0,0,0]-[0,0,8,4112,524288]
[0,0,1024,0,131072,0,0,0,0,0,0,0,0,0,0,0]-[16384,16384,0,8192,16384]
[0,0,0,0,0,0,8192,0,0,2147483648,4096,0,0,128,0,0]-[0,131073,0,335544320,0]
[128,0,0,0,0,0,0,16777216,0,0,0,0,0,536870912,0,0]-[262144,2304,0,2181038080,0]
[0,0,0,0,0,0,0,0,0,0,4096,33554432,0,128,0,0]-[262144,536870912,0,67108872,0]
[0,0,0,0,0,0,0,0,4194304,0,0,0,0,67108864,0,0]-[128,268435456,513,0,0]
[0,0,0,0,0,0,64,0,0,0,536870912,0,0,0,0,0]-[0,0,2147885064,268436480,1056]
[0,0,0,0,2048,0,0,0,0,268435456,0,0,0,0,0,0]-[128,0,0,1107558400,0]
[0,0,0,512,1,0,0,16,0,0,0,0,0,0,0,0]-[3305111568,4194320,134251008,136314880,0]
[0,16777344,67108864,0,0,0,0,0,0,0,0,0,0,0,0,0]-[0,131072,268435472,1048576,0]
[0,0,75497472,0,0,256,0,0,0,0,0,0,0,0,0,0]-[0,1536,4112,0,0]
[0,0,0,0,0,268443648,0,0,1,0,0,0,0,0,0,0]-[4194304,8192,64,0,2]
[256,0,67108864,0,0,0,8192,0,0,0,0,0,8388608,0,0,0]-[4194304,0,2148007936,0,64]
[0,0,67108864,0,0,0,0,0,0,524288,0,0,0,0,0,8]-[4194309,0,0,33554432,0]
[0,0,0,0,0,0,65536,16,1048576,0,0,0,1048576,128,0,0]-[16384,65568,0,0,128]
[0,0,0,0,64,0,0,0,1048576,0,0,0,0,0,0,0]-[0,0,262160,1610612867,8192]
[0,0,67108868,0,0,256,0,0,1048576,0,0,0,0,128,0,0]-[2097152,32,0,128,524288]
[0,0,0,0,0,0,0,0,8192,0,0,524288,262144,128,0,0]-[16,0,536870912,65568,0]
[0,0,0,16,0,0,524288,0,0,0,0,0,0,0,0,0]-[131072,64,4194304,1024,0]
[0,0,0,0,0,0,0,0,0,0,0,32,0,8320,0,0]-[1179648,0,0,1073741824,128]
[0,0,0,0,0,0,0,0,0,1024,0,4096,0,0,0,0]-[0,0,16777224,0,34]
[0,0,0,0,0,0,0,16,0,0,0,0,1073741824,0,0,0]-[0,0,256,268435488,128]
[0,0,67108864,0,0,0,0,0,1572864,0,0,0,0,0,0,0]-[33554432,570425888,0,1048640,4]
[0,0,67108864,0,0,0,0,0,134217728,0,0,0,0,1073741952,0,0]-[8,2304,0,0,524288]
[0,131072,0,0,0,0,8388608,0,0,0,0,0,0,0,0,0]-[0,2097152,65540,0,512]
[2147483648,0,0,0,0,0,8192,0,0,0,0,0,0,134217728,0,0]-[67108864,536870912,134217792,0,0]
[0,0,2,0,0,8192,0,0,0,0,0,0,0,128,0,0]-[12,2048,262144,0,0]
[0,0,0,0,0,0,0,0,0,0,128,0,0,2097152,0,0]-[1073741824,4096,2097152,0,1]
[0,0,67108864,33554432,0,0,0,0,134217728,0,0,0,0,134217728,0,0]-[2048,8,0,2097152,1024]
[0,0,0,0,0,0,0,16,1048576,0,0,1073741824,0,0,0,0]-[32768,528,16810048,69208208,1048576]
[0,0,67108864,0,4,0,0,16,0,0,0,0,0,0,0,0]-[0,8,4096,1,1048576]
[0,0,0,16,0,0,0,0,0,0,0,0,0,64,0,0]-[0,262148,2147483649,0,0]
[0,0,0,0,67108864,0,0,0,67108864,0,0,0,1048576,0,0,0]-[138412032,131072,8388608,0,0]
[0,0,0,0,0,0,0,0,0,0,4096,32,0,2147483776,0,0]-[512,263168,0,4,0]
[0,0,0,0,536870912,256,0,0,0,0,0,0,1048576,0,0,0]-[1441792,0,4112,2147483648,8192]
[0,0,67108864,32,2147483648,0,0,0,0,0,0,0,1048576,0,0,0]-[0,8,0,0,2162752]
[0,0,67108864,0,0,0,0,32768,0,0,0,0,0,0,0,0]-[524288,16448,3147780,56688707,130]
[0,0,0,0,0,0,8192,128,0,0,0,0,1048576,0,0,0]-[266240,2048,0,0,64]
[0,0,67108864,0,0,8388608,0,0,0,0,0,0,262144,0,0,0]-[150994946,2097152,0,0,0]
[0,0,0,0,0,0,32,0,0,0,0,0,64,0,0,0]-[0,0,589826,0,1048576]
[0,0,0,0,0,0,0,0,16777216,0,0,0,0,0,33554432,0]-[704776740,873015554,1745354760,150997060,2058]
[0,0,0,0,0,8192,0,0,8388608,0,0,0,8,0,0,0]-[536870912,0,0,17,128]
[0,0,67108864,0,0,256,0,0,0,0,0,0,0,1073741952,0,256]-[2097160,2048,8192,0,0]
[128,0,67108864,0,0,0,0,0,1048576,0,0,0,4194304,128,0,0]-[33554432,268435456,0,66,0]
[0,0,0,0,0,0,0,0,0,0,0,32,0,0,0,32768]-[16,0,67584,262144,0]
[0,0,0,0,0,8192,64,0,0,0,0,0,1048576,0,0,0]-[553648128,268435456,134217728,0,0]
[131072,0,67108864,0,0,0,0,0,134217728,0,0,0,1048576,128,0,0]-[2147483648,2151677952,0,1,0]
[0,0,0,0,0,0,0,16,0,0,0,0,1,0,0,0]-[32768,134220288,0,0,128]
[0,8388608,0,0,0,64,0,0,0,0,0,0,0,0,0,0]-[536870928,526864,0,8388608,1062]
[0,0,0,0,0,0,64,0,1,0,0,0,0,0,0,0]-[2048,537395200,512,0,0]
[136,0,67108864,0,0,0,0,0,8388608,0,0,0,0,0,0,0]-[32,32,67633152,0,0]
[0,0,67108864,16384,0,0,0,0,0,0,0,0,1048576,0,33554432,0]-[2,0,4096,1048832,0]
[0,0,67108864,0,0,0,0,0,0,0,4224,0,0,0,33554432,0]-[134217728,2048,0,134217728,2048]
[0,0,67108864,0,0,0,32,0,4096,0,0,0,0,0,0,0]-[0,0,66560,327680,0]
[0,0,0,0,0,0,0,0,262144,512,0,0,0,0,0,256]-[1048576,0,0,0,524291]
[128,0,0,0,0,2147483648,0,0,0,0,0,0,0,0,0,0]-[12599424,0,33556480,0,262176]
[0,0,0,0,0,0,0,16,0,0,1073741824,0,1048576,0,0,0]-[0,67109376,0,67108864,2097152]
[0,0,67108864,524288,0,0,4096,0,0,0,0,0,4,0,0,0]-[0,8,4196352,1048576,0]
[0,0,0,0,0,8192,0,0,1048576,2097152,0,0,0,0,0,0]-[2097152,0,537395200,0,256]
[0,0,0,0,0,256,0,0,0,536870912,0,0,0,0,0,0]-[1024,8192,8454176,67108864,0]
[0,0,67108864,67108864,262144,0,0,0,0,0,0,0,0,0,0,0]-[32768,17472,0,0,0]
[0,0,0,0,524288,0,8,0,0,0,0,0,0,0,0,0]-[0,1,8389120,0,8192]
[0,0,0,0,0,0,0,16,536870912,0,0,0,0,0,0,0]-[2147483648,0,16777216,268451840,16400]
[0,0,0,0,0,0,0,0,1073741824,0,268439552,0,0,128,0,0]-[1048576,0,2147483648,1075838976,0]
[0,0,67108864,0,0,0,0,0,0,0,0,0,1048576,0,33554432,0]-[144736262,2537593376,1348483588,39096696,2705600]
[0,0,0,0,0,0,0,128,0,0,0,0,8,0,0,0]-[0,532480,0,65536,16384]
[1073741824,0,0,0,0,0,0,0,1048576,524288,0,0,0,0,0,0]-[0,0,33554432,1207960064,0]
[0,0,67108864,0,0,0,0,0,0,0,0,0,1048584,536870912,0,0]-[0,0,65536,16,2097280]
[0,0,0,0,0,256,0,0,0,0,0,0,0,1048704,0,0]-[268436480,0,8388608,268435456,0]
[0,0,67108864,0,33554432,0,0,0,0,0,0,0,1048576,128,0,0]-[0,0,2097152,4,32832]
[0,4,67108864,0,0,0,512,0,0,0,0,0,0,0,0,0]-[134217732,66576,0,0,2]
[4,0,65536,0,0,0,0,0,0,0,0,0,0,0,0,0]-[35651584,0,512,0,512]
[0,0,0,32,0,0,0,0,0,0,0,0,0,128,0,0]-[305528849,268435744,3770433664,1084228140,2170944]
[0,128,0,0,0,0,0,0,0,0,0,262144,0,0,0,0]-[2147483648,536871168,0,8388608,0]
[0,0,67108864,0,0,0,0,16,16777216,0,0,0,0,33554432,0,0]-[1,0,32,16777218,0]
[0,0,0,0,0,0,2,16,0,0,0,0,0,0,0,0]-[0,512,0,67108928,16384]
[0,0,67108864,65536,67108864,0,0,0,0,0,0,0,0,0,0,0]-[32,64,32768,8192,0]
[0,0,0,0,0,0,0,16,0,512,0,0,0,0,0,512]-[0,201326592,2,0,1048576]
[0,33554432,67108864,0,0,0,0,0,0,0,0,0,0,0,33554432,0]-[134217728,67108864,0,64,524288]
[0,0,67108864,0,16777216,0,0,0,0,0,0,0,0,128,0,0]-[0,0,2149580832,20,0]
[0,0,0,0,0,256,0,16,0,0,4096,0,1048576,0,0,0]-[64,0,134221824,4096,4096]
[0,0,0,0,0,67108864,0,64,0,0,0,0,1048576,128,0,0]-[130,268435456,262144,0,0]
[0,0,0,0,0,0,0,0,1048576,0,0,0,1572864,0,0,0]-[2147483648,128,0,524320,0]
[0,0,0,0,0,0,0,0,0,0,0,1073741824,1048576,128,0,0]-[0,8388608,0,67112960,65536]
[0,0,0,0,0,0,2048,0,0,0,0,0,0,128,0,0]-[393216,1312,8388608,6144,2228224]
[0,0,0,0,0,0,0,16,0,0,0,0,32,0,0,0]-[2147483648,1572864,16777216,16448,48]
[0,1024,0,8388608,0,0,0,0,0,0,0,0,0,0,0,0]-[131585,0,0,33554432,0]
[0,1048576,0,0,0,0,0,0,134217728,0,0,0,0,0,0,0]-[268435456,201326848,0,0,0]
[0,0,0,0,0,0,64,0,16777216,0,0,0,0,0,268435456,0]-[16385,0,544,0,0]
[0,0,0,0,0,0,0,0,0,0,264192,0,0,0,0,0]-[0,0,0,545263616,512]
[0,0,67108864,0,0,0,0,16,0,0,4096,0,1048576,128,0,0]-[0,268503040,0,134217728,0]
[0,0,67108864,0,0,0,0,0,1114112,0,0,0,0,0,0,0]-[0,36,32768,4194304,0]
[0,0,0,0,67108864,0,0,0,1048576,0,1073741824,0,0,0,0,0]-[0,8388612,0,536871040,0]
[0,0,0,536870912,0,0,0,0,0,8,0,0,0,0,0,0]-[128,0,67108864,16781312,0]
[0,0,0,0,0,0,0,268435456,0,0,0,0,1048576,0,0,0]-[17825792,2149584384,889454659,335710432,2048]
[0,0,0,0,0,0,0,0,16384,0,0,0,1048576,0,0,0]-[0,2147483648,4,536870976,0]
[0,0,0,0,0,16,0,0,0,0,524288,0,0,128,0,0]-[0,65536,0,132,32]
[0,0,0,0,0,268435456,4,0,0,0,0,0,0,0,0,0]-[134742016,128,0,0,32768]
[0,0,67108864,16384,0,0,0,0,134217728,0,0,0,0,0,0,0]-[2,0,2048,1048576,131072]
[0,0,1073741824,0,0,0,0,0,17825792,0,0,0,0,0,0,0]-[33554433,0,262144,301991936,8448]
[0,0,0,0,0,0,0,0,0,0,0,524288,1310720,128,0,0]-[0,16779264,0,67108864,1024]
[0,0,0,0,0,0,0,0,0,0,0,16,0,0,0,4]-[0,134217728,134217728,32896,0]
[0,33554432,0,0,0,16384,0,0,0,0,0,8,0,0,0,0]-[16777728,0,256,16777216,0]
[0,0,0,0,0,0,0,0,1048576,0,524288,0,262144,0,0,0]-[2097408,0,32768,0,131072]
[0,0,0,0,0,0,0,2048,0,0,0,0,0,0,0,512]-[335544320,0,0,128,65536]
[0,0,0,0,0,8,0,0,0,0,4096,0,0,0,0,0]-[65536,553689348,65536,268437760,32]
[0,268435456,0,0,0,0,0,16,1048576,0,0,0,0,0,0,0]-[16,8388608,16777216,17,0]
[0,0,67108864,0,0,0,0,0,0,0,16,0,0,0,0,0]-[206145550,285253241,3221327360,9748,1181700]
[0,0,0,0,128,0,1073741824,0,0,0,4096,0,1048576,0,0,0]-[0,0,65552,16384,2097152]
[0,0,0,0,0,0,64,0,16777216,0,0,32,0,0,0,0]-[0,268436480,4194304,2048,0]
[0,0,0,0,0,0,0,16,0,0,0,0,33554432,128,0,0]-[16,268500992,0,0,262144]
[128,0,0,0,0,0,0,0,0,0,67108864,0,0,0,0,0]-[67239936,1024,536870912,16842976,135168]
[0,0,0,0,0,0,0,67108872,1048576,0,0,0,0,0,0,0]-[0,0,2240,8192,0]
[0,0,0,0,0,0,64,0,0,0,0,0,0,33554432,0,0]-[294912,524288,128,0,0]
[0,0,67108864,0,0,0,0,0,134217728,0,0,0,0,0,0,0]-[3185298175,1021836159,1446899487,1534408702,1826781]
[0,0,1024,0,0,8192,0,0,0,0,0,0,1048576,0,0,0]-[134217732,0,536870912,0,256]
[0,0,0,0,0,1,0,16,0,0,0,0,262144,0,0,0]-[540688,0,0,32,0]
[2097152,128,0,0,0,0,0,0,0,0,0,0,0,0,0,0]-[65792,0,0,16777472,0]
[0,0,0,0,0,0,2,32,0,0,0,0,1048576,0,0,0]-[1048576,32,0,16384,4096]
[0,0,67108864,0,0,128,0,16,0,0,0,0,0,0,0,0]-[0,67108872,32768,128,1048577]
[0,0,67108864,0,0,256,0,0,0,0,0,8388608,0,0,0,0]-[0,256,4096,4,131072]
[16,0,67108864,0,0,8192,0,0,0,0,0,0,0,0,0,0]-[32,65536,16,1024,0]
[0,0,0,0,0,0,0,0,1048576,0,4096,0,1048576,0,1024,0]-[65792,16,64,0,0]
[0,0,0,0,0,0,0,0,1048576,0,4096,0,0,0,256,0]-[0,33554432,0,268440064,0]
[0,0,0,0,0,0,128,16,0,0,0,0,0,0,0,0]-[512,134221826,32,2131968,16]
[128,0,0,0,0,256,0,0,0,0,0,0,262144,0,0,0]-[1048576,12288,0,67108864,0]
[0,0,0,0,536870912,0,0,0,0,0,0,0,1048832,0,0,0]-[0,514,8192,0,1024]
[0,0,0,0,0,0,0,0,0,0,0,131072,1114112,0,0,0]-[0,2097152,268435456,0,516]
[0,0,0,0,0,16384,0,0,1048576,0,0,0,0,0,0,0]-[129,33620480,541065216,1059,9344]
[256,128,0,0,67108864,256,0,0,0,0,0,0,0,536870912,0,0]-[0,16,1048704,0,4]
[0,0,67108864,0,0,256,0,0,0,262144,0,0,0,0,0,0]-[0,131104,0,65,0]
[0,0,0,0,0,0,0,0,1048576,0,4096,0,0,128,16,0]-[262144,0,1,2560,0]
[0,0,0,0,0,32,0,0,0,0,0,0,0,0,0,4096]-[0,524288,33554432,268500992,32768]
[0,0,2147483648,0,0,0,0,0,0,0,4096,0,0,128,0,0]-[0,257,0,2052,0]
[0,0,0,65540,0,0,0,0,0,0,0,0,0,0,0,0]-[1073741824,0,2048,64,64]
[0,0,67108864,16777216,0,0,0,0,0,0,0,0,0,536870912,0,0]-[2181038084,291504128,1024,4096,128]
[0,0,0,0,1048576,0,64,0,0,0,0,0,1048576,0,0,0]-[1081344,8,16,0,0]
[2147483648,0,0,0,0,536870912,0,0,0,0,4096,0,0,0,0,0]-[0,536870912,268435456,67108864,16384]
[0,0,67108928,0,0,0,0,0,0,0,0,0,256,0,0,0]-[0,4210688,16,65536,0]
[0,0,0,0,8192,0,0,0,16777216,0,0,0,1048576,0,0,0]-[4,0,9437184,0,2048]
[0,0,67108864,0,0,0,0,0,1024,0,0,0,0,0,0,0]-[34078785,2147514112,3221288500,4736,1213443]
[0,0,0,0,67108864,0,0,0,0,0,0,0,0,0,67108864,0]-[1140850688,1140850692,33622016,562044928,1049088]
[128,0,67108864,0,0,0,0,0,4,0,0,0,0,0,0,0]-[0,2048,50176,0,0]
[0,0,67108864,0,0,0,0,0,1048576,0,4096,0,262144,0,0,0]-[524288,67108865,0,0,2]
[128,0,0,0,0,0,0,0,0,0,0,0,2048,0,0,0]-[64,2048,0,1073741824,16]
[0,8388608,0,0,0,0,0,0,0,0,0,0,0,0,8,0]-[16,512,0,16777728,0]
[0,0,0,0,0,0,0,0,0,0,0,0,0,0,262144,256]-[65536,0,33554432,24576,0]
[0,0,0,0,8,0,0,0,0,0,0,0,262144,128,0,0]-[0,0,2097154,0,132096]
[0,0,0,0,0,16777216,0,0,0,33554432,0,0,0,0,0,0]-[0,33554434,262144,0,1025]
[64,0,67108864,0,0,16793600,0,0,1048576,0,0,0,0,0,0,0]-[1,33554432,0,1024,1024]
[0,0,0,0,0,134225920,0,0,0,0,0,0,0,0,0,0]-[4,0,0,65536,4224]
[1073741824,0,67108864,0,0,256,0,0,16777216,0,0,0,0,0,0,0]-[1,0,512,9,0]
[128,2097152,0,0,0,256,0,0,0,268435456,0,0,0,128,0,0]-[16384,2048,0,130,0]
[0,0,0,0,0,0,0,0,0,268435456,0,0,0,536870912,0,0]-[32,0,33816576,1024,0]
[0,0,0,0,0,0,0,0,1048576,0,0,0,0,65536,0,0]-[2113680,5505952,2248,1344811536,0]
[2,0,0,0,0,0,0,0,134217728,0,0,0,0,128,0,0]-[16384,67108864,0,268435456,524288]
[0,0,0,0,0,0,0,0,16777216,0,1024,0,0,0,0,0]-[67305472,0,0,0,2]
[0,0,0,0,0,0,0,24,0,0,0,33554432,0,0,0,0]-[0,0,1048576,268435456,6144]
[0,0,67108864,0,0,8388608,1048576,0,0,0,0,0,0,0,0,0]-[524288,0,0,64,20]
[0,0,0,0,0,0,0,0,0,0,0,2048,0,128,0,0]-[268470444,805306368,10489858,800,262660]
[0,0,0,0,0,0,128,0,0,0,4096,0,0,0,64,0]-[1075838976,0,512,0,8]
[0,0,0,0,0,2147483648,0,0,134217728,0,0,0,0,536870912,0,0]-[536870912,0,24,4096,0]
[0,256,0,0,0,256,0,0,0,0,0,0,0,128,0,0]-[0,0,536870912,65552,262144]
[0,0,67108864,0,0,0,0,0,67108864,0,0,32,0,0,0,0]-[64,33554432,0,1049600,0]
[8388608,0,0,0,67108864,0,0,0,0,0,4096,0,0,0,0,0]-[262144,0,276824064,0,2097152]
[0,0,67239936,0,0,0,0,0,0,0,0,0,0,0,524288,0]-[4194304,262144,0,2,2]
[128,0,67633152,0,0,0,0,0,0,0,0,0,262144,0,0,0]-[0,536891393,0,0,0]
[0,0,0,0,0,512,0,0,0,0,0,0,1048576,128,0,0]-[131072,16777216,0,0,192]
[0,0,0,0,0,0,33554432,16,0,0,0,0,1048576,128,0,0]-[16384,8388608,0,4096,32]
[2097152,0,67108864,0,0,0,0,536870912,0,0,0,0,0,0,0,0]-[5,2097152,0,1,0]
[0,0,1024,0,0,0,0,0,0,0,0,0,0,33554432,0,0]-[2097152,32,0,0,24]
[0,8,67108864,0,0,0,0,0,0,0,4096,0,0,0,0,0]-[67584,320,0,32768,2]
[0,0,0,0,0,0,0,0,1073741824,0,0,0,1048576,128,0,0]-[1,0,262144,65540,0]
[0,0,0,0,67108864,0,0,0,0,0,0,0,0,1073741824,0,0]-[0,268566544,1,0,0]
[0,0,0,0,0,33554432,0,0,1048576,0,0,0,0,0,0,0]-[196625,1065216,1073776784,34112,139265]
[0,128,0,0,0,256,0,0,1048576,0,0,128,0,0,0,0]-[0,1048576,1082130496,0,0]
[8388608,0,65536,0,0,0,0,0,0,0,0,0,0,128,0,0]-[0,1342177280,3,0,0]
[0,0,0,0,0,128,0,0,0,0,0,0,0,2048,0,0]-[0,0,0,67109120,32769]
[0,0,0,0,0,0,0,16,0,0,0,0,0,32896,0,0]-[0,8388608,0,80,32]
[0,0,0,0,0,536870912,0,0,1048576,0,0,0,0,0,0,0]-[16777216,18050,1078757504,1025,2097154]
[0,0,67108864,256,0,8192,0,0,0,0,0,0,1048576,0,0,0]-[2181103616,0,0,262144,0]
[0,0,128,0,0,0,0,0,1048576,33554432,0,0,0,0,0,0]-[256,32,262144,2,0]
[0,0,0,0,0,0,0,0,0,0,0,32,0,0,1024,0]-[0,0,1048704,0,524296]
[0,0,0,0,0,0,0,0,131072,0,4096,0,0,128,0,0]-[0,0,0,67588,2097152]
[0,0,67108864,0,67108864,0,0,0,0,0,0,0,256,0,0,0]-[0,4194304,0,17039376,0]
[65536,0,0,0,0,1024,0,0,0,0,0,0,0,0,0,0]-[1048576,4,0,8193,0]
[0,0,67108864,0,0,0,0,0,1048576,0,4096,0,0,2097152,0,0]-[0,32,0,4227072,128]
[0,0,0,0,0,0,0,0,0,0,0,0,256,0,16,0]-[67240064,0,2048,0,0]
[0,0,0,0,0,0,16777216,16,0,0,0,0,0,0,0,0]-[0,67174400,2048,268435456,0]
[0,0,67108864,0,67108864,64,0,0,0,0,0,0,0,128,0,0]-[0,64,2149580800,0,524288]
[0,0,0,0,0,256,0,16,1048576,0,0,1056,0,128,0,0]-[0,269484032,0,402653184,0]
[0,0,0,0,0,64,0,0,0,0,0,0,0,128,16,0]-[64,0,160,0,64]
[0,0,0,0,0,0,0,0,0,524288,4096,0,0,0,0,0]-[293865472,2147614784,16896,262144,4096]
[0,0,0,0,65536,0,0,0,1048576,0,0,32,0,0,0,0]-[16,262144,0,4194304,8192]
[0,0,67108864,0,0,256,0,0,0,0,0,0,0,536871040,0,0]-[0,16779264,0,0,524416]
[0,0,0,0,0,0,0,16,0,0,0,0,1048584,0,0,0]-[0,16,2624,0,0]
[0,0,0,0,8388608,0,0,0,0,0,0,0,67108864,0,0,0]-[512,0,262160,1,0]
[0,0,16777216,0,0,0,0,0,0,0,0,0,0,536870912,0,0]-[1024,1342443521,268568192,1344,128]
[0,0,0,0,0,256,0,0,134217728,0,0,0,0,128,268435456,0]-[16,0,1073741828,0,1024]
[0,0,0,0,67108864,0,0,0,0,0,0,0,1048576,0,0,0]-[1767361415,3620993663,1404140135,2809541565,3682988]
[0,0,67108864,0,0,0,0,0,0,0,0,0,1048576,0,0,1]-[2147516418,52,268435456,2,0]
[0,0,0,0,0,0,0,0,1048576,0,0,32,0,0,8192,0]-[2147483648,33554432,0,1107296256,0]
[0,0,67108864,0,0,0,0,0,0,0,0,0,0,2147483648,67108864,0]-[524288,0,2147485696,1048576,0]
[0,0,0,0,0,1,0,0,0,0,0,0,0,0,0,64]-[0,16,131072,512,524288]
[0,0,0,0,0,0,0,16,0,0,0,0,0,0,512,0]-[16,2560,0,33554432,0]
[0,0,0,0,0,0,0,0,0,2097152,0,0,0,4,32768,0]-[1,142606336,0,0,1048576]
[0,0,67108864,0,0,0,4096,0,16777216,0,0,0,0,0,0,0]-[524288,0,16896,0,64]
[0,0,67108864,0,0,0,0,8,0,0,0,0,0,128,0,0]-[34831,17173824,1075363872,136581342,2687172]
[0,0,0,0,0,0,0,0,1048576,0,0,32,8,128,0,0]-[2097152,0,0,268435456,139264]
[0,0,0,0,0,256,0,8,0,0,0,0,0,0,0,0]-[268446593,1322112,235148304,2955948416,596497]
[0,0,0,0,0,256,262144,0,0,0,0,0,0,0,0,0]-[0,32,0,81984,0]
[0,0,67108864,0,0,0,512,0,0,0,0,4194304,0,0,0,0]-[0,285212672,0,33024,0]
[0,0,0,0,0,64,0,0,0,0,0,0,64,128,0,0]-[16,1073743872,524288,0,1056]
[0,33554432,0,0,67108864,0,0,0,0,0,0,0,0,0,0,0]-[604241932,3288334340,16781316,1048576,2097153]
[0,0,16777216,0,0,0,0,0,0,0,0,0,0,0,0,64]-[67108864,0,1081344,131072,0]
[0,0,0,0,0,0,8388608,0,0,0,0,0,0,0,33554432,0]-[1049088,0,553648128,0,0]
[128,128,67108864,0,0,64,0,0,0,0,0,0,0,0,0,0]-[32,131168,0,0,0]
[0,0,67108864,0,0,0,0,0,0,0,4096,0,2,128,0,0]-[64,1056,0,262144,0]
[0,0,0,0,0,0,32768,16,1048576,0,0,0,0,128,0,0]-[0,65536,536903680,0,8192]
[0,0,67108864,0,0,0,64,0,1056768,0,0,0,0,128,0,0]-[0,65536,32,2097152,128]
[0,0,0,0,134217728,0,0,0,0,0,0,0,0,0,33554432,0]-[131072,67108864,4,16384,0]
[0,0,0,0,0,0,0,8388608,0,0,4096,0,0,128,0,0]-[1024,2048,0,2097184,0]
[0,0,0,1048576,0,0,0,268435456,0,0,0,0,0,0,0,512]-[67108882,0,0,0,65536]
[128,0,0,0,0,256,1048576,0,0,0,0,0,0,0,0,0]-[1048576,4096,16,262144,0]
[0,0,67108864,0,0,0,0,0,0,1,0,0,0,33554432,0,0]-[0,4194320,512,2097152,0]
[0,0,0,0,0,0,0,0,1048576,0,0,0,0,4096,0,0]-[33554432,164,32768,0,524288]
[128,0,0,0,0,0,65536,0,0,0,0,0,0,0,0,0]-[537921536,268451840,32770,16384,0]
[0,0,0,2,0,0,0,2147483648,0,0,0,0,0,0,0,0]-[8,512,0,67108866,0]
[0,0,0,0,0,8192,0,4096,0,0,0,0,0,0,0,0]-[2621440,4,262144,0,0]
[0,0,0,0,0,0,0,0,0,0,0,524288,1048576,0,0,0]-[262144,33554434,0,2283933712,262144]
[0,0,0,0,0,0,8192,0,0,0,0,0,0,0,0,4096]-[1114112,0,0,16,512]
[0,0,524288,0,0,0,0,0,0,0,4096,0,0,4,0,0]-[262144,536870912,512,33554432,0]
[0,0,0,0,0,0,32,0,0,0,33554432,0,0,0,0,0]-[65552,134217728,0,0,4096]
[0,0,0,0,0,0,0,0,524288,0,0,0,0,1024,0,0]-[0,1073743872,2097152,1048576,0]
[0,16777216,0,0,0,0,64,0,0,0,0,0,0,0,0,0]-[0,1057024,1024,0,0]
[0,0,0,0,0,0,0,0,0,0,4096,0,1048576,1048576,0,0]-[0,32772,0,67108864,2097152]
[0,0,67108864,0,0,256,65536,0,0,0,0,0,1048576,0,0,0]-[0,64,768,32768,2048]
[0,0,67108864,16,0,0,0,8,0,0,0,1,1048576,128,0,0]-[0,16777216,0,2097152,65664]
[0,0,0,0,0,0,32832,0,0,0,0,0,0,128,0,0]-[4,0,2,0,1056]
[128,0,67108864,2,0,0,0,0,0,0,0,0,0,0,0,0]-[67108864,256,0,16777216,16]
[0,0,0,0,0,0,0,8192,0,0,33554432,0,0,0,0,0]-[16777216,128,0,65568,0]
[0,0,0,0,0,0,65536,0,0,0,16384,0,0,0,0,0]-[32,8388608,0,1073741824,1]
[0,0,67108864,0,0,0,0,16,0,0,0,32768,0,0,0,0]-[0,268435456,2149580800,0,16384]
[0,0,0,0,0,131072,0,128,0,0,0,0,0,0,0,0]-[4096,2176,0,0,64]
[1024,0,67108864,0,0,0,0,0,0,0,0,0,0,0,0,0]-[71307268,33816600,1052720,74880,2097280]
[0,0,0,0,0,0,0,0,537919488,0,0,0,0,0,0,256]-[16,32,8,0,8192]
[0,0,67108864,0,0,0,0,134217728,0,0,0,0,0,128,0,0]-[0,2420244481,33554432,1310736,65536]
[0,0,0,0,67108864,0,0,0,1048576,0,0,0,0,128,4,0]-[262144,1073741824,8388736,0,0]
[0,0,0,0,0,0,0,0,0,1024,0,0,1048576,0,0,0]-[8650752,5243408,361767424,1073790999,295456]
[0,0,67108864,0,0,72,0,0,16777216,0,0,0,0,0,0,0]-[0,2147484160,0,65,0]
[0,0,0,0,0,256,0,0,1048576,0,0,0,0,134217728,0,0]-[65536,268435840,64,134217728,0]
[0,0,0,0,0,0,0,512,16777216,0,0,0,0,0,0,4]-[0,0,2147484736,16777216,0]
[0,0,0,0,0,0,0,0,16777216,0,0,0,0,0,8388608,0]-[256,8192,67108864,0,16384]
[0,0,67108864,0,0,0,0,268435472,134217728,0,8192,0,0,0,0,0]-[64,0,0,272,2048]
[0,1024,0,0,0,0,0,0,0,0,0,0,1048576,0,0,0]-[807403523,67111424,262144,69648,2097160]
[0,0,0,0,0,64,0,0,67108864,0,0,0,0,0,0,0]-[536870912,0,8396928,0,0]
[0,0,67108864,0,0,0,0,0,135266304,0,0,0,0,128,0,0]-[32773,805634304,1073782784,2097904,656576]
[0,0,0,0,0,256,0,0,135266304,0,0,0,0,0,0,0]-[81944,9502976,1082130456,287330576,17857]
[0,0,0,0,0,0,0,0,262144,0,4096,0,0,128,0,0]-[576,67108864,0,4,0]
[0,0,0,0,0,0,0,524288,0,0,0,0,4194304,0,0,0]-[0,0,513,4,64]
[0,0,0,0,0,0,0,0,0,0,0,0,1048576,2097280,0,0]-[2,83886080,0,67108864,0]
[0,0,67108864,0,0,0,0,0,0,528384,0,0,0,0,0,0]-[2097152,8,0,8704,0]
[128,0,0,0,0,0,0,65536,0,0,4096,0,1048576,0,0,0]-[0,0,0,0,2129930]
[0,0,0,16777216,0,0,0,16,0,0,0,0,0,0,0,0]-[8421376,18419730,540278912,2348826768,6320]
[0,0,0,0,0,0,134217792,0,0,0,0,0,0,134217728,0,0]-[0,0,0,655364,128]
[0,0,0,0,0,0,0,1,1048576,0,0,0,32768,0,0,0]-[2147483648,0,8320,4194304,0]
[0,0,0,0,67108864,0,0,0,0,0,0,16777216,0,0,0,0]-[0,2155872256,516,128,0]
[536870912,0,0,0,0,0,0,0,0,0,4096,0,0,0,0,0]-[279107,2300716368,134288064,67388416,65670]
[0,0,0,0,0,0,0,0,0,0,0,544,1048576,536870912,0,0]-[66560,0,0,2048,512]
[0,0,0,0,0,256,0,2048,0,0,0,0,0,536870912,0,0]-[0,8192,2097184,0,8192]
[0,0,16384,0,0,8192,0,0,0,0,0,0,0,0,0,0]-[536870916,2048,153092096,1090519040,128]
[0,0,67108864,0,0,65536,64,0,0,0,0,0,0,0,0,0]-[0,65600,65536,0,2048]
[0,0,67108864,0,0,0,0,0,0,1,0,0,263168,0,0,0]-[0,12292,0,256,0]
[268435456,0,67108864,0,0,256,0,0,0,1073741824,0,0,0,0,8,0]-[0,0,0,2147483908,1]
[0,0,0,0,2147483648,0,0,0,0,0,0,32,0,536870912,0,0]-[2684354560,0,32768,16384,0]
[0,8192,0,0,16777216,0,0,0,0,0,0,0,256,0,0,0]-[264,0,1073741824,8388608,0]
[0,0,0,0,0,0,524288,0,0,0,0,0,1,0,0,0]-[1048832,32,1,0,0]
[0,0,604241920,0,0,0,0,0,1048576,0,0,0,0,0,0,0]-[0,0,33589248,0,1024]
[0,8388608,0,0,0,8192,0,0,0,0,0,0,0,0,0,0]-[2,4,134217728,1090519040,32]
[0,0,67108864,0,0,256,0,16,1048576,0,0,0,0,0,0,0]-[2147483664,65568,16777280,136319041,8337]
[2048,0,0,0,0,0,0,0,1048576,0,0,0,262144,0,0,0]-[2097168,16384,0,256,524288]
[0,2048,0,0,0,0,0,0,1048576,0,0,0,0,0,0,0]-[2295940,16432,1074004033,67119648,139333]
[0,0,0,0,0,0,0,0,0,67108864,4096,0,1048576,0,0,0]-[278528,0,16,65536,20488]
[0,0,67108864,0,0,0,4194304,0,0,0,0,0,0,0,0,0]-[2281701440,2684354568,1078461952,16810088,2654340]
[0,0,0,0,0,0,0,0,0,0,32768,0,8,0,0,0]-[256,17825792,1024,0,0]
[0,0,0,65536,0,0,0,0,0,0,0,0,0,0,0,262144]-[8,0,2048,67108864,65536]
[128,0,0,0,0,0,0,0,0,0,0,536870912,0,0,0,0]-[138412608,0,0,1073750048,32]
[0,16777216,0,0,0,0,0,0,1048576,0,0,0,256,0,0,0]-[0,0,270336,64,1]
[0,0,0,1073741824,0,64,0,0,0,0,0,0,0,128,0,0]-[131072,0,2097156,32,0]
[0,0,1073741824,0,0,0,0,0,0,0,4096,0,1048576,0,0,0]-[295702528,67108864,0,4,4096]
[0,0,0,0,0,0,0,0,0,0,266240,0,1048576,0,0,0]-[16777216,4,134283264,196608,2]
[0,0,0,0,0,0,0,0,1048608,0,0,0,0,0,0,0]-[128,16384,0,8192,524288]
[16,0,0,0,0,0,8192,0,0,0,0,0,0,0,0,0]-[16384,2,4194304,128,0]
[0,128,524288,0,0,0,0,0,0,0,0,0,0,128,0,0]-[0,0,24576,1073745920,0]
[0,0,0,0,0,0,0,0,0,64,4096,0,1048584,0,0,0]-[268435456,0,0,8,136]
[0,0,2,0,0,0,0,0,0,0,0,0,0,536870912,0,0]-[16,0,0,64,16448]
[0,0,67108864,0,0,0,0,0,0,0,0,0,262144,0,8,0]-[0,33816576,0,68,0]
[0,0,0,0,0,256,0,0,16777216,0,0,0,0,128,0,0]-[148561,286327840,539099137,2099274,128]
[0,0,67108864,2147483648,0,0,0,0,0,0,4096,0,0,0,0,0]-[16842817,131072,301989888,33816576,0]
[0,0,0,0,0,0,0,16,0,8,0,0,0,0,0,0]-[16,4,134352960,33554496,2048]
[0,256,0,0,0,33554432,0,0,1048576,0,0,0,0,0,0,0]-[256,0,2048,16,1048576]
[0,0,67108864,0,0,0,8192,0,0,1073741824,0,0,0,0,0,0]-[0,16777216,0,272,1]
[0,128,0,0,0,256,8192,0,0,0,0,0,0,0,0,0]-[1048576,128,268435520,268437760,0]
[0,0,67108864,0,0,0,0,0,0,0,0,32,0,0,0,0]-[2611056751,3005538108,377094012,3414009343,3902963]
[0,128,67108864,0,0,0,8192,0,0,0,0,0,0,128,0,0]-[8,0,2105344,512,0]
[0,0,67108864,0,0,64,64,0,0,0,0,0,0,536870912,0,0]-[0,4368,0,0,4]
[524288,0,0,0,0,0,0,0,134217728,0,0,0,0,0,0,0]-[8404992,2048,0,0,256]
[0,0,0,32,0,0,0,0,135266304,0,0,0,0,0,0,0]-[16,0,16,288,0]
[128,0,0,0,0,0,0,0,0,0,0,0,0,128,0,0]-[1853246165,3079110003,2795168927,4111800574,4096108]
[0,0,0,33554432,0,2147483648,0,0,0,0,256,0,0,0,0,0]-[258,0,2147483648,1,0]
[0,0,0,0,0,0,0,0,0,0,4096,2097152,0,128,0,0]-[16384,0,0,268435456,32896]
[0,0,67108864,0,0,256,0,0,0,0,0,0,1048576,128,0,0]-[0,67110944,2097152,134217732,32960]
[0,0,0,0,0,0,0,0,0,0,4096,0,0,1048576,0,524288]-[16384,4,16384,67108864,0]
[0,0,0,0,0,0,0,0,0,0,16384,0,0,128,0,0]-[33554480,68160513,8519680,1612874754,262144]
[0,0,67108864,0,35651584,0,0,0,0,0,0,0,0,128,0,0]-[0,16777216,2621440,0,1024]
[0,128,67108864,536870912,0,0,0,0,0,0,0,0,0,0,0,0]-[0,8,0,565248,0]
[0,256,0,0,67108864,0,0,0,0,0,0,0,1048576,0,0,0]-[256,0,17827840,0,0]
[0,0,67108864,0,0,0,0,0,4096,0,0,0,0,536870912,0,0]-[33558528,0,24,1343488,0]
[0,0,0,0,0,256,0,0,1048576,0,0,0,0,1024,0,0]-[0,8388608,32,0,65]
[0,0,0,0,0,0,0,512,2048,0,0,0,0,128,0,0]-[192,0,0,536872960,0]
[0,0,67108864,0,0,0,2,0,0,0,0,0,1074790400,0,0,0]-[0,16388,0,2147483656,0]
[2048,0,67108864,0,0,0,16384,0,1048576,0,0,0,0,0,0,0]-[33554432,268435456,32768,256,0]
[0,0,67108864,0,0,0,0,0,128,0,0,0,262144,128,0,0]-[0,131072,2097152,2162688,0]
[128,0,67108864,0,67108864,0,0,0,135266304,0,0,0,0,128,0,0]-[2048,262400,0,16,0]
[128,0,0,0,0,2097152,0,0,0,0,0,0,0,0,0,0]-[0,1024,536870912,16385,0]
[0,0,0,0,0,0,0,0,1048576,0,0,0,1048576,0,536870912,0]-[0,1064992,262160,37752832,0]
[0,0,0,0,0,0,0,0,0,1024,0,0,0,0,0,128]-[4096,268435456,67108864,1073741824,0]
[0,0,67109376,0,0,0,0,0,0,0,0,0,0,536870912,0,0]-[4096,0,0,1081344,1]
[0,0,0,0,0,0,0,0,1048576,0,4096,0,0,0,0,0]-[3517803845,4291134845,1540182775,4268744626,2850222]
[0,0,8192,0,0,0,0,0,0,0,4096,0,1048576,128,0,0]-[2113600,0,0,67108864,0]
[0,0,0,0,0,65536,0,0,1048576,0,0,0,1048576,0,0,0]-[131072,16384,0,4194304,128]
[0,0,0,2147483648,0,0,0,0,1048576,0,0,0,0,128,0,0]-[0,0,160,0,8196]
[0,128,67108864,0,0,0,32768,0,33554432,0,0,0,0,0,0,0]-[524288,2097152,0,0,2052]
[0,0,67108864,0,0,0,0,16384,1048576,0,0,0,0,0,0,0]-[65536,0,524288,2,128]
[0,0,0,0,0,0,0,16,134217728,0,0,0,262144,128,0,0]-[16400,68159488,2097154,32,0]
[0,0,0,0,0,0,0,16,0,0,0,0,0,524416,0,0]-[0,1,1073741956,0,0]
[0,0,67108864,0,0,0,64,16,0,0,0,32,0,0,0,0]-[0,1,9216,16777216,0]
[0,0,0,0,0,0,0,128,1048576,0,16,0,1048576,0,0,0]-[33554432,0,0,268959744,4]
[0,0,67108864,0,16384,0,0,0,0,0,0,0,0,128,0,0]-[33554432,264256,32,4112,2098176]
[0,0,0,0,0,8388864,0,0,0,0,4096,0,1048576,0,0,0]-[268435456,0,69633,67109120,0]
[0,0,67108864,0,0,0,0,0,1048576,0,0,2,0,0,0,0]-[16777216,512,526344,5813888,1048640]
[0,0,67108864,0,0,1048576,0,0,8388608,0,0,0,0,0,0,0]-[12,0,1048592,0,0]
[2147483648,0,67108864,0,67108864,0,0,0,0,0,0,0,0,0,0,0]-[0,16,268443652,0,0]
[0,0,0,0,0,0,64,0,1048576,0,0,0,0,131072,0,0]-[2147483648,536870912,32,536870912,0]
[128,0,262144,0,0,0,0,0,0,0,0,0,0,0,0,0]-[2048,33556480,67117058,49216,4140]
[0,0,67108864,0,0,0,0,0,0,65536,4096,0,0,0,0,0]-[0,536870912,16,65792,0]
[128,0,0,0,16777216,0,0,0,0,0,0,0,0,0,0,0]-[2048,0,0,131200,20]
[0,0,0,0,0,0,64,16,1048576,0,4096,0,0,0,0,0]-[262144,0,1073741840,4194304,0]
[0,0,67108864,0,33554432,0,0,0,0,0,0,0,0,0,0,512]-[4,536870912,256,4096,0]
[0,0,0,0,0,0,0,0,0,0,128,0,1310720,128,0,0]-[2097152,2048,0,67108864,1024]
[0,0,0,0,0,67108864,0,0,0,0,4160,0,0,0,0,0]-[0,603979776,0,33554432,4096]
[0,0,67108864,0,16777216,256,0,0,0,0,0,0,1048576,0,0,0]-[2147483648,1024,1073741824,0,131072]
[0,0,67108864,0,0,0,0,2147483649,0,0,4096,0,1048576,0,0,0]-[0,0,33554432,4096,2129920]
[0,0,0,65536,0,0,0,16,0,0,0,0,0,128,33554432,0]-[2560,536870912,524288,0,0]
[0,0,0,32,0,256,0,0,0,0,0,0,1048576,0,0,0]-[268435456,4096,16,4,0]
[0,0,0,0,0,67108864,0,0,0,0,0,0,1048576,0,0,0]-[130,2147485698,604258306,542721,4096]
[0,0,67108864,0,0,8192,0,524288,0,0,0,0,0,0,0,0]-[2,0,524288,0,258]
[0,0,0,0,8192,0,0,0,0,0,0,0,0,0,65536,0]-[32,0,16777216,268468224,0]
[0,0,67108864,4194304,67108864,0,0,0,0,0,0,0,0,128,0,0]-[0,16908288,0,4096,4]
[128,0,67108864,0,8388608,0,0,0,0,0,0,0,0,0,0,0]-[0,2181038080,0,0,3]
[0,0,67108864,0,67108872,0,0,0,0,0,0,0,0,0,0,0]-[134217728,67108864,67584,0,0]
[0,0,0,0,0,0,0,0,0,0,512,0,0,524288,0,0]-[262162,0,0,8192,0]
[0,0,2048,0,8192,0,0,0,0,0,0,0,0,0,0,0]-[64,0,0,8650752,1]
[0,0,67108864,0,0,134217728,64,0,0,0,0,0,0,0,0,0]-[29360128,0,0,0,1048576]
[0,0,0,0,0,256,0,0,0,0,0,0,0,32768,0,0]-[16384,8,8,8192,0]
[0,0,67108864,0,0,0,0,0,0,0,0,512,0,0,524288,0]-[0,0,0,2147491840,2050]
[0,0,0,16384,0,64,0,0,0,0,0,0,0,0,0,0]-[18,2147483648,2048,0,0]
[0,0,67108864,0,0,0,0,0,0,0,4096,0,0,0,0,2]-[2048,2147622929,33619968,32768,130]
[0,0,67108864,33554432,0,0,64,0,134217728,0,0,0,0,0,0,0]-[2048,65544,0,2097152,0]
[0,0,0,0,0,256,0,0,0,0,0,0,1048832,0,0,0]-[0,512,262160,0,4096]
[2147483648,0,0,1048576,0,0,0,0,0,0,0,0,0,0,0,0]-[67108864,0,134217728,67108864,262144]
[0,0,67108864,32,0,0,0,0,0,0,0,0,1048576,128,0,0]-[0,0,2097152,512,2097216]
[0,0,67108864,0,0,0,8192,16,0,0,0,0,0,536870912,0,0]-[0,0,512,33554512,0]
[0,0,67108864,0,0,0,0,0,16777216,0,16,0,0,0,0,0]-[2,32,1280,0,0]
[0,128,256,0,0,0,0,0,0,0,0,0,0,0,0,0]-[151060480,32,67108928,16777216,262144]
[0,0,0,0,0,0,0,16777216,1048576,0,0,0,0,0,0,0]-[9258004,269762992,46768369,2858418818,324]
[0,67108864,0,0,0,0,0,0,0,0,0,0,0,0,8192,0]-[512,32,4718592,0,0]
[0,0,0,0,0,0,0,0,0,0,0,0,3145728,0,0,0]-[512,16,9437700,827488,768]
[0,0,0,0,0,134217728,0,0,1048576,0,0,0,0,0,67108864,0]-[0,33570816,8,67108864,0]
[0,8192,67108864,0,0,0,0,0,0,0,0,0,0,0,0,0]-[2374500429,2537740048,3491803660,2338627620,639060]
[0,0,67108864,0,0,8,0,0,0,0,4096,0,1048576,0,0,0]-[2101248,0,33554448,256,0]
[0,0,0,0,0,0,0,32,0,0,0,0,0,0,33554432,0]-[0,524544,0,20971520,0]
[0,0,67108864,0,0,0,0,0,0,0,4096,0,0,128,0,4096]-[0,1,1073741824,4,128]
[0,0,67108864,0,0,0,0,0,0,0,0,32,8388608,0,0,0]-[134217728,0,524288,35651584,32768]
[0,0,67108864,0,0,256,32768,0,0,0,0,0,0,0,0,0]-[524288,131072,0,65,2048]
[0,0,0,0,0,0,0,0,262144,0,0,0,8,0,0,0]-[0,8388608,2,0,524290]
[0,0,16777216,0,65536,0,0,0,0,0,0,0,0,0,0,0]-[0,2,134217728,1024,1024]
[0,0,0,0,0,0,0,16,1048576,0,0,32,1048576,0,0,0]-[0,0,16777216,97,0]
[0,0,0,0,0,0,536870912,0,0,0,0,0,262144,0,0,0]-[16778242,0,0,128,0]
[0,0,67108864,0,0,0,0,1024,1048576,0,0,0,0,0,0,0]-[0,65540,32800,1600,64]
[0,0,67108864,0,0,0,0,0,1048576,0,0,0,0,1048576,0,0]-[2181038081,536870912,0,35127297,0]
[0,0,67108864,0,0,8192,0,0,0,0,0,0,262144,0,0,0]-[168296456,47108,2129920,98304,258]
[0,0,0,0,0,0,0,1073741824,0,0,0,0,0,0,2097152,0]-[8,65664,0,0,4]
[0,0,0,0,0,0,64,0,0,0,4096,0,1048576,128,0,0]-[0,0,0,4608,2097184]
[0,0,128,0,0,0,0,0,0,0,128,0,0,0,0,0]-[0,0,1572864,67633152,0]
[0,0,0,8,0,0,0,0,0,0,528384,0,262144,0,0,0]-[16384,536870912,0,33554432,2]
[0,0,67108864,0,0,16384,0,0,1048576,0,0,0,1048576,0,0,0]-[1,33619968,33554432,0,0]
[128,0,0,0,0,0,0,0,1048704,0,0,0,0,0,0,0]-[262144,0,0,1081473,524288]
[0,0,0,0,0,64,64,16,0,0,0,0,0,0,0,0]-[2147532800,524288,4096,0,128]
[0,0,0,0,0,0,0,0,0,0,4096,134217728,0,0,0,0]-[2304,0,1107296320,8,160]
[0,536870912,67108864,0,0,0,0,16,0,0,0,0,0,0,0,0]-[0,520,0,2147483680,0]
[0,0,67108864,0,0,262144,8192,0,0,0,0,0,0,0,0,0]-[2147483648,131072,0,33554432,2048]
[0,0,67108864,0,0,0,0,1073741826,0,0,0,0,0,0,0,0]-[4194304,8704,0,0,2]
[0,0,67108864,0,0,0,0,0,1048576,0,0,0,65536,0,0,0]-[0,288,0,134259200,196]
[0,0,67108864,0,0,0,8192,0,0,0,0,0,16384,0,0,0]-[67108864,553664576,67108864,134217728,32768]
[128,128,67108864,0,0,8192,0,0,0,0,0,0,0,0,0,0]-[0,97,67108864,0,0]
[0,0,0,0,0,256,0,0,0,0,16384,256,0,0,0,0]-[0,0,0,16941056,262144]
[0,0,67108864,0,0,0,0,0,0,1048576,0,524288,0,0,0,0]-[0,268566528,2147483648,0,2]
[16,0,0,0,0,0,0,0,0,0,1073741824,0,0,0,0,0]-[0,512,0,67117056,2097152]
[0,268435456,67108864,0,0,8192,0,0,134217728,0,0,0,0,0,0,0]-[0,65800,0,0,2048]
[0,0,33554432,0,67108864,0,0,0,0,0,0,0,0,536871040,0,0]-[262144,1359085568,0,0,4]
[128,0,67108864,0,0,0,0,0,16777216,0,0,0,0,32,0,0]-[4194304,0,1024,32832,0]
[0,0,67108864,0,0,0,0,16,0,0,0,0,536870912,0,0,0]-[32768,67108864,0,2097153,0]
[1048576,0,0,0,0,64,64,0,135266304,0,0,0,0,0,0,0]-[32768,128,524288,64,0]
[0,0,67108864,0,0,0,0,0,1048576,0,0,0,0,0,16777216,0]-[0,0,0,5120,131328]
[0,0,512,0,0,0,0,16,0,0,0,0,0,0,0,0]-[1610612736,327680,1088,0,2049]
[128,0,0,0,0,0,0,0,0,16,0,0,0,0,0,0]-[134218240,0,0,65664,0]
[0,0,67108864,0,0,0,0,0,0,0,4096,0,0,0,32,0]-[0,8256,0,256,65536]
[0,0,0,0,0,0,0,0,134217728,4096,0,0,0,0,33554432,0]-[512,67108864,4,16416,524288]
[0,0,67108864,0,0,64,8192,0,1048576,0,0,0,0,0,0,0]-[33554432,536870912,0,4352,0]
[128,256,0,0,0,0,0,0,0,0,0,0,0,128,0,0]-[0,3072,8192,1073741824,0]
[0,0,0,0,16,512,0,0,0,0,0,0,0,0,0,0]-[33554496,128,0,16777216,0]
[0,0,0,0,0,0,0,0,0,0,16777232,0,32,0,0,0]-[134217728,0,263168,512,0]
[0,0,0,0,0,0,0,0,1048576,2097152,0,0,8388608,0,0,0]-[16384,262656,0,0,524288]
[0,0,0,0,0,256,0,0,0,2147483648,0,0,0,0,0,0]-[67174400,0,1,0,64]
[0,0,0,0,8192,0,0,16,0,0,0,0,0,0,0,0]-[0,0,2156920834,4096,18464]
[0,0,0,0,0,0,8192,16,0,0,0,0,0,0,65536,0]-[0,0,16777216,272,32]
[0,128,0,0,0,0,8388608,0,0,0,0,0,0,0,0,0]-[0,134742016,0,33554432,32768]
[0,0,0,0,0,0,0,16,4096,0,0,0,0,0,0,0]-[524288,65536,0,0,4128]
[0,0,67108864,0,0,0,0,0,0,2147483648,0,0,0,128,0,0]-[8,131072,0,20,0]
[0,0,2048,0,0,0,8192,16,0,0,0,0,0,0,0,0]-[0,0,4096,0,1048609]
[0,0,0,0,0,8192,0,0,1048576,0,0,0,0,0,0,16384]-[8,0,0,65536,4098]
[0,0,67108864,0,0,0,268435456,0,1048576,0,0,0,0,0,0,0]-[32768,66048,0,46688,132]
[0,16777216,67108864,0,0,8192,0,0,0,0,4096,0,0,0,0,0]-[8388608,4325376,16,0,0]
[0,0,67108864,0,0,0,0,0,0,0,0,0,0,128,4194304,0]-[8,4198664,2097168,0,131072]
[0,0,0,0,0,0,0,0,0,0,0,1048576,1048576,0,0,0]-[1310720,53250,68,524288,132]
[0,4096,0,0,0,0,0,0,0,0,4096,0,0,0,0,0]-[528384,8192,1073741825,32768,2101248]
[0,0,67108864,0,256,0,0,0,1048576,0,0,0,0,0,0,0]-[0,268435456,1077970976,1049664,4]
[0,256,0,0,0,0,0,0,1048576,0,4096,0,0,0,0,0]-[2304,33554432,0,33558528,0]
[0,0,0,0,0,8256,0,16,0,0,0,0,0,0,0,0]-[0,4096,4096,1,32]
[0,0,16777220,0,0,0,0,268435456,0,0,0,0,0,0,0,0]-[1024,262144,2,2147483648,0]
[0,0,0,0,0,256,0,0,0,0,0,0,0,0,4194304,0]-[0,512,134615040,262148,64]
[0,0,0,0,0,0,0,0,0,0,0,2,2147484672,0,0,0]-[0,512,16384,67108864,64]
[0,32768,0,0,0,0,0,0,1048576,0,0,0,0,0,0,0]-[81937,1074806916,33556528,1611141136,1048640]
[128,0,0,0,139264,0,0,0,0,0,0,0,0,0,0,0]-[1073741888,0,0,192,0]
[0,0,0,0,0,0,0,0,4,512,0,0,0,0,0,0]-[536870912,0,16,64,2048]
[0,0,67108864,0,32,1073741824,0,0,0,0,0,0,0,0,0,0]-[0,536870920,0,8192,256]
[0,0,0,0,0,320,64,0,0,0,0,0,0,0,0,0]-[0,8192,0,4096,8448]
[0,0,0,0,0,0,0,1048576,0,0,0,0,0,536870912,0,0]-[1207959552,4227072,2228736,1073872900,0]
[0,0,2097152,0,0,0,0,0,0,0,0,0,0,0,0,4096]-[256,1048576,131072,0,262144]
[128,0,0,0,0,0,0,0,0,256,0,0,0,0,0,0]-[0,0,0,1124139008,0]
[0,0,0,0,0,65536,0,0,4,0,0,0,0,0,0,0]-[1048576,256,0,512,8]
[0,0,67108864,256,67108864,0,0,0,2148532224,0,0,0,0,0,0,0]-[0,65536,1073741824,8192,128]
[0,0,0,0,67108864,0,0,0,16777216,0,0,0,1048576,0,0,0]-[128,33556482,0,0,0]
[0,0,67112960,0,0,0,0,0,0,0,131072,0,0,0,0,0]-[0,4096,4096,128,131072]
[0,0,67108864,0,2147483648,0,0,0,0,2147483648,0,0,0,0,0,0]-[0,8,16408,0,0]
[0,0,0,0,0,0,0,2147483648,0,0,0,0,0,536871040,0,0]-[64,131072,128,16,0]
[0,8388608,67108864,0,131072,0,0,0,0,0,0,0,0,0,0,0]-[33554432,2048,0,256,4]
[0,0,67108864,0,0,0,0,0,1048576,16777216,0,0,0,0,0,0]-[65536,33620016,524288,2148007937,131268]
[128,0,67108864,0,0,0,0,0,0,0,0,0,0,536871040,0,0]-[2112,268501248,0,80,131140]
[0,0,67108864,0,0,0,0,0,0,524288,4096,0,1048576,0,0,0]-[2097152,16777220,16,4096,65536]
[0,0,0,0,0,0,0,0,0,0,0,0,536870912,2048,0,0]-[131072,2147483712,0,65536,0]
[0,0,67108864,0,0,8192,0,0,4194304,0,0,0,1048576,0,0,0]-[16777216,4096,4096,0,16384]
[0,67108864,67108864,0,0,0,0,0,0,0,0,0,1048576,536870912,0,0]-[0,268435456,65536,2181038080,0]
[0,0,0,0,0,0,0,0,1048576,0,0,0,0,128,32,0]-[0,0,32769,144,0]
[0,0,0,0,0,32,0,0,0,0,0,0,262144,0,0,0]-[524544,3072,2,65792,524288]
[268435456,0,0,0,0,0,0,0,1048576,0,0,0,0,0,8,0]-[16779536,640,8193,1109393408,1024]
[0,0,0,0,0,0,0,0,0,0,0,0,1048576,16384,0,0]-[270795520,2181042180,0,23068674,4160]
[0,0,67108864,0,0,0,64,0,0,0,33558528,0,0,0,0,0]-[2097152,537001984,16,0,0]
[524288,0,0,0,0,0,4194304,0,0,0,0,0,0,0,0,0]-[0,64,2147483712,0,4096]
[0,0,4,0,0,0,0,268435456,0,0,0,0,0,0,0,0]-[0,134479872,0,2147483648,1048576]
[0,0,67108864,0,0,0,0,0,1048576,0,0,8,0,0,0,0]-[18874368,16,0,0,524288]
[0,0,67108864,0,2097152,0,0,0,0,0,0,0,1048576,0,0,0]-[1,268435497,65536,135266320,3145728]
[0,0,0,134217728,0,0,0,0,0,0,4096,0,1048584,0,0,0]-[1,0,1,131072,2097152]
[0,0,33554432,0,0,64,0,0,1048576,0,0,0,0,0,0,0]-[0,1073741824,0,1,68]
[0,0,0,0,1073741824,0,0,0,1048576,0,0,0,0,0,0,0]-[16640,1073741872,541065280,69208065,1056836]
[0,0,0,0,67108864,0,0,0,0,0,4096,0,0,0,33554432,0]-[262144,2164293632,8388736,4352,0]
[128,0,0,0,0,0,262144,0,0,0,0,0,0,0,0,0]-[37748736,262144,0,34619456,64]
[0,0,67108864,0,0,0,0,0,0,0,4096,0,134217728,0,0,0]-[0,2147614720,0,132,0]
[0,0,0,0,0,0,0,0,0,0,4096,0,537919488,0,0,0]-[6912,8192,8388608,65536,136]
[1073741824,0,0,0,0,0,0,0,0,0,0,0,0,0,536870912,0]-[134217728,1048576,33554432,512,0]
[262144,0,67108864,0,0,0,0,0,0,1,0,0,0,0,0,0]-[8,4104,0,256,0]
[0,0,0,0,0,0,0,0,0,0,128,0,1048576,0,0,0]-[0,8,4198400,0,4096]
[0,0,0,32768,0,256,0,0,0,0,0,0,0,0,0,0]-[67108872,0,553844993,2281701440,2049]
[0,0,67108864,32768,0,0,0,0,0,0,0,0,0,128,0,0]-[9,92160,68157440,524352,1152]
[128,0,0,0,0,0,0,8,0,0,0,0,0,0,0,0]-[4211360,151264352,2315291800,2149638353,3674197]
[0,128,0,0,2,0,0,0,0,0,0,0,0,0,0,0]-[536870912,2148007936,0,131072,0]
[0,1048576,0,0,32768,0,0,0,0,0,4096,0,0,0,0,0]-[1073741824,0,0,268435972,0]
[0,0,67108864,0,1,0,0,0,0,0,0,0,0,0,0,0]-[16777218,16,32772,33816576,1048576]
[0,0,0,0,0,0,0,0,0,0,4096,0,1024,0,0,0]-[285475584,33849344,1342193728,181248,16418]
[0,0,67108864,0,0,0,0,0,0,0,32,0,0,0,0,0]-[73996322,2952921600,1342185520,135300768,2048]
[0,0,67108864,0,524288,0,0,0,0,0,4096,0,1048576,0,536870912,0]-[0,33,16,33554432,0]
[0,0,0,262144,0,0,0,0,134217728,0,0,0,0,0,0,0]-[16,134234368,134283264,384,2048]
[0,0,67108864,0,0,16777216,0,0,0,0,4096,0,0,0,0,0]-[1,33816576,0,0,65536]
[130,0,0,0,0,0,0,0,0,0,0,0,1048576,128,0,0]-[131072,2048,8192,0,96]
[0,0,0,0,0,0,0,0,0,0,0,0,1048576,0,41943040,0]-[128,16777216,0,68157440,0]
[8,0,0,0,0,64,0,0,1048576,0,0,0,0,0,0,0]-[16777216,0,16777217,0,131072]
[0,0,0,0,0,0,0,4194304,0,0,0,0,0,16,0,0]-[8388608,16,0,0,8208]
[0,1073741824,0,0,0,64,0,0,0,0,0,0,0,0,0,0]-[8192,2048,4096,0,2]
[0,0,0,4096,0,0,0,0,16777216,0,0,0,0,0,0,0]-[1280,0,131072,32,0]
[0,2,0,0,0,0,0,0,0,0,0,0,1048576,0,0,0]-[8421376,67108864,0,0,8192]
[0,0,67108864,1024,0,0,0,0,1048576,0,0,0,0,0,0,0]-[33554436,0,4194352,1578129,1088]
[0,128,67108864,0,0,0,0,16,0,0,0,0,0,0,0,0]-[559118,121651212,35695620,7119872,2293776]
[0,0,67108864,0,0,8192,1048576,0,0,0,0,0,0,0,0,0]-[8,32768,0,262160,0]
[0,0,0,8192,0,0,0,0,536870912,0,0,0,0,0,0,0]-[2097152,2048,0,32768,8192]
[0,0,0,0,0,0,0,0,128,0,0,0,0,128,0,0]-[302284800,134479936,8706,1074266113,557120]
[0,0,0,0,0,0,0,0,1048576,0,0,0,134217728,128,0,0]-[33554432,1048576,1610620928,606079056,1056768]
[0,0,4096,0,0,0,0,0,1048576,0,0,0,0,128,0,0]-[35782800,276824320,8396928,1610612736,524288]
[0,0,67108864,0,32768,0,0,0,0,0,4096,0,0,0,0,0]-[1,71311680,512,328320,32770]
[0,0,0,0,0,64,0,0,1048576,0,2048,0,0,0,0,2048]-[0,256,2176,8192,0]
[0,0,67108864,0,0,0,8192,0,0,0,0,0,1048576,0,0,4096]-[2181038080,0,268435968,0,0]
[0,0,67108864,0,0,256,0,8,0,0,0,0,1048576,0,0,0]-[0,0,0,8320,526336]
[0,0,0,0,0,0,0,0,8388608,0,0,0,0,128,0,0]-[33825928,9568356,69746691,1084297216,8]
[128,0,0,0,0,0,0,134217728,0,0,0,0,0,0,0,0]-[2048,0,1024,268435456,131072]
[0,0,0,0,0,0,0,512,0,0,0,0,1048576,128,0,0]-[1024,0,1048580,537135232,4]
[268435584,0,67108864,0,0,0,0,8,1048576,1073741824,4096,0,0,536870912,8,0]-[0,0,0,2147483664,524292]
[0,0,67108864,4096,0,0,0,0,0,0,0,0,1048576,0,0,0]-[0,285212676,0,0,1048576]
[0,0,2,0,0,0,0,16777216,134217728,0,0,0,0,0,0,0]-[16,256,0,268435456,16384]
[0,0,67108864,268435456,0,0,0,16,0,0,0,0,0,536871040,0,0]-[64,65536,0,64,128]
[0,0,0,0,0,0,0,16,1048576,0,2097152,0,0,0,0,8]-[0,1048580,64,128,0]
[0,0,67108864,0,0,8192,0,0,0,32768,0,0,0,0,0,0]-[16842752,4096,0,16777216,0]
[0,0,0,0,0,0,0,0,0,1,0,0,1,0,0,0]-[0,0,134217728,2236416,0]
[0,268435456,0,0,0,0,0,0,0,0,0,0,1048576,128,0,0]-[0,2048,0,67109376,32768]
[0,0,67108864,0,0,0,64,0,0,0,0,1,0,0,0,0]-[0,67239936,0,1048576,2]
[0,0,0,0,0,256,1,0,0,0,4096,0,0,0,0,0]-[256,0,65536,256,4096]
[0,0,67108864,0,0,8388608,0,0,0,0,0,0,1048576,0,0,0]-[2129920,18464,4096,512,2097152]
[0,0,0,0,0,0,64,0,0,0,0,32768,0,0,0,0]-[32768,131078,0,0,0]
[0,0,67108864,0,0,0,0,0,0,0,262144,0,1048576,0,0,0]-[66,32768,33554432,0,0]
[128,0,0,0,0,0,0,0,135266304,0,0,0,0,0,0,0]-[16384,327936,545259528,1342177328,320]
[67108864,0,67108864,0,0,0,0,0,0,0,0,0,0,0,0,0]-[41947136,2214600728,268960272,2,2228354]
[0,0,0,0,0,0,0,16,0,0,0,0,0,512,0,0]-[68157440,0,0,4195328,0]
[0,0,67108864,0,0,0,0,0,0,0,0,0,1056768,0,0,0]-[2,0,2097152,33554436,0]
[0,0,0,0,32768,0,0,0,1048576,0,0,0,0,128,0,0]-[128,1610678528,128,606081600,0]
[0,0,67108864,0,67108864,0,0,0,0,0,0,16777216,1048576,0,0,0]-[4194304,2147483664,0,128,0]
[0,0,67108864,0,0,8192,0,0,0,0,0,0,1048576,268435456,0,0]-[0,64,2304,64,0]
[256,0,0,0,0,0,0,0,0,0,0,0,0,128,0,512]-[18,64,1048576,0,0]
[0,1048576,0,0,0,0,0,0,0,0,0,0,0,2,0,0]-[134217728,2,81920,0,0]
[0,1048576,0,0,0,0,0,0,16777216,0,0,32,0,0,0,0]-[134217730,512,64,0,0]
[0,0,16777216,0,0,0,0,0,0,0,4096,32,0,0,0,0]-[65536,263168,0,268435456,0]
[128,16,0,0,0,0,0,0,0,0,0,0,0,0,0,0]-[0,33685506,0,67108864,0]
[0,0,0,16,524288,0,0,0,1048576,0,0,0,0,0,0,0]-[128,262144,4194304,1024,0]
[0,0,16,0,0,0,0,0,1048576,0,0,0,0,128,0,0]-[0,0,0,1073743904,1048576]
[0,0,67108864,0,0,0,0,0,2,0,0,0,0,0,0,0]-[86085707,2690717700,1378421808,2181596313,591172]
[0,0,67108864,0,0,0,0,0,134219776,0,0,0,0,0,0,0]-[0,536870976,0,0,17408]
[0,0,0,0,0,0,8192,0,134225920,0,0,0,0,0,0,0]-[0,524288,0,4,36864]
[128,0,0,0,0,0,0,0,1048576,4,0,0,0,0,0,0]-[0,0,8421376,1048576,16]
[0,0,0,0,67108864,0,8192,0,0,0,0,0,0,128,0,0]-[34603009,0,537133056,32,32]
[536870912,0,67108864,0,0,0,0,0,0,0,4096,0,1048576,0,0,0]-[0,32,33554432,33554432,65536]
[0,0,67108864,0,0,256,0,0,135266304,0,0,0,1048576,0,0,0]-[0,0,0,4352,1088]
[0,131072,0,0,0,0,0,0,64,0,0,0,0,0,0,0]-[0,0,32896,16777216,262144]
[0,0,0,0,0,2048,0,0,1048576,0,0,0,0,0,0,0]-[256,536871040,4194304,0,0]
[0,0,0,0,0,0,2105360,0,0,0,0,0,0,0,0,0]-[524288,1073741888,0,2147483648,0]
[0,1,0,0,0,0,0,0,0,0,0,0,8,0,0,0]-[0,4,0,134742016,8]
[0,0,75497472,0,0,0,0,0,0,0,4096,0,0,0,0,0]-[4096,536879104,1073741824,768,130]
[0,0,67108864,0,0,0,0,0,1048576,0,0,0,0,0,0,32]-[4,536887296,8208,2181070912,1048576]
[0,0,67108864,0,0,8192,0,0,1048576,134217728,0,0,0,0,0,0]-[16842752,268435456,0,0,256]
[16,0,0,0,0,0,0,0,1048576,0,16,0,0,0,0,0]-[4,0,8421376,524288,0]
[0,0,67108864,0,0,0,0,0,0,0,0,0,0,2,0,0]-[2621448,2181052736,1647420,17073153,67648]
[0,0,16777216,0,0,0,0,0,134479872,0,0,0,0,0,0,0]-[8,68157440,0,0,1]
[1048576,0,0,0,0,0,0,0,0,0,0,0,262144,0,0,0]-[1048576,524288,33816584,16777216,524290]
[0,0,67108864,0,67108864,0,0,33554432,0,0,0,0,0,0,0,0]-[32,2048,33554432,0,524288]
[0,0,0,0,0,8192,0,0,1048576,0,0,0,1048576,536870912,0,0]-[2147483648,0,16777216,1,256]
[1073872896,0,67108864,0,0,0,0,0,0,0,0,0,0,0,33554432,0]-[134217728,2048,0,134217792,0]
[1073741824,0,67108864,0,0,16384,0,0,0,0,0,0,0,0,0,0]-[67141632,0,0,8196,0]
[0,0,67108864,0,0,0,0,0,16777216,0,0,32,0,0,0,0]-[134217731,2147484160,32800,2148533248,32768]
[0,0,0,0,0,268435456,0,0,536870912,0,0,0,0,0,0,0]-[258,0,32,16384,0]
[0,0,67108864,0,0,0,0,0,0,0,1,0,65536,0,0,0]-[0,4194304,528,16,0]
[0,0,0,0,0,134217728,0,0,4,0,0,0,0,0,0,0]-[134217728,0,0,8,8193]
[0,0,0,0,268435456,0,0,0,0,0,524288,0,0,0,0,0]-[0,67109001,0,0,0]
[0,0,67108864,0,0,64,0,0,1048576,0,1073741824,0,0,0,0,0]-[0,528,0,8193,0]
[0,0,0,0,0,256,64,0,1048576,0,0,0,0,0,0,0]-[2097153,0,0,536903680,0]
[0,0,67108864,0,0,0,64,0,1048576,0,0,0,0,128,0,0]-[35653636,537133312,1074274336,2101824,1156]
[0,0,0,0,0,0,0,0,0,0,2,0,268435456,128,0,0]-[513,0,0,16,1048576]
[0,0,0,0,0,0,8192,0,0,0,0,0,262144,0,0,0]-[270077952,758571075,856719360,643892516,538888]
[0,0,0,0,0,0,0,0,1048576,0,524288,0,1048576,0,0,0]-[131072,65536,17,1048592,0]
[0,0,0,0,0,0,512,0,0,0,4096,0,1048576,0,0,0]-[262144,8,0,4210688,2101282]
[128,0,0,0,0,0,0,0,16777216,0,0,0,0,128,0,0]-[545259520,13568,537018368,268435616,68]
[0,0,4194304,0,0,0,67108864,0,0,0,0,0,0,0,0,0]-[0,69632,128,2097152,0]
[0,0,0,0,0,0,0,0,1048576,0,0,1,1048576,0,0,0]-[128,16384,4194304,67108864,0]
[16,0,67108864,0,0,0,0,0,0,0,0,0,8,0,0,0]-[4194304,0,3584,0,0]
[0,0,33554432,0,0,0,0,8192,0,0,0,0,0,0,0,0]-[0,67633152,0,8,128]
[0,0,0,0,0,0,0,0,16777216,0,2147483648,0,0,0,0,0]-[2097152,4,4,536870912,0]
[0,1024,0,0,0,4194304,0,0,1048576,0,0,0,0,128,0,0]-[0,1073741824,1073741824,128,64]
[0,268435456,0,0,0,0,0,0,0,0,0,64,0,0,0,0]-[16,4160,8,0,0]
[0,0,0,0,0,0,2,0,0,0,0,2097152,0,0,0,0]-[2,0,67108864,268443648,0]
[0,256,0,0,0,0,0,0,0,0,0,0,0,0,8,0]-[4194432,130,0,0,0]
[0,8,0,0,0,0,0,0,0,0,67108864,0,0,128,0,0]-[0,8388672,1074003968,0,0]
[0,0,0,0,0,0,0,0,1048576,0,0,0,0,262272,0,0]-[0,262144,557056,536870944,0]
[128,0,0,0,0,256,0,0,0,0,0,0,1048576,0,0,0]-[1073758208,2147483648,67119106,16924881,0]
[0,0,16384,0,0,0,0,0,0,0,4096,0,0,128,0,0]-[2,2048,0,1207959552,0]
[128,0,67108864,0,0,0,0,0,0,0,0,67108864,0,0,0,0]-[64,1024,0,16777232,0]
[0,16777216,0,0,0,256,0,0,134217728,0,0,0,0,128,0,0]-[0,1048832,2097152,268435456,0]
[0,0,0,0,0,0,0,0,0,64,0,262144,0,0,0,0]-[0,553648256,0,4,0]
[0,0,0,0,8,0,0,0,0,0,0,0,1048576,128,0,0]-[2097216,0,0,2097152,262144]
[0,0,67108864,0,0,0,0,16,0,0,0,0,128,0,0,0]-[263168,2,0,131072,0]
[0,0,67108864,0,0,0,65536,0,16777216,0,0,0,0,128,0,0]-[0,1,0,2097188,0]
[0,0,0,0,0,256,0,0,0,0,0,0,1048640,128,0,0]-[0,1024,32,268437504,0]
[0,0,0,0,0,0,0,0,1048576,0,0,0,4096,0,0,0]-[8,67633153,0,0,0]
[128,0,67108864,0,0,0,0,0,0,0,0,0,1048576,128,0,0]-[0,67584,24576,208,4]
[0,0,0,0,2048,0,8192,0,0,0,0,0,0,0,16384,0]-[1073741826,512,8388608,0,0]
[0,0,0,0,2147483648,0,0,0,0,0,4096,0,0,0,0,0]-[66112,16785440,276840464,0,2162688]
[0,0,67108864,0,0,0,0,0,1048576,0,134217728,16,0,0,0,0]-[0,0,16,32896,256]
[0,0,0,0,0,0,0,0,0,0,0,0,0,134217728,33554432,0]-[1048576,4196484,268435456,0,0]
[128,0,0,0,0,0,0,0,1048576,0,0,0,0,2048,0,0]-[0,256,8388608,0,260]
[0,0,67108864,0,0,32,0,1073741824,0,0,0,0,0,0,0,0]-[2,4,0,128,32768]
[0,0,67108864,0,0,0,0,0,1048576,0,4096,0,1048576,0,0,0]-[2174812228,117440573,1107365936,37819298,2818182]
[0,0,0,0,0,0,0,16,1048576,0,0,16,0,0,0,0]-[2147483648,65536,0,2048,1048576]
[0,0,67108864,0,32,0,64,0,0,0,0,0,0,0,0,0]-[0,0,1073807360,2621440,0]
[8388608,0,0,0,0,0,64,0,0,0,0,0,0,0,0,0]-[606339072,1879049216,0,0,2048]
[0,0,0,0,0,0,8192,0,0,0,0,0,0,2097152,0,0]-[0,8320,16777220,65536,0]
[0,0,0,0,0,0,0,0,0,0,0,294912,0,128,0,0]-[16,1,0,268435456,8192]
[0,0,0,0,64,0,0,0,0,0,0,0,0,128,0,0]-[8,2048,3221225472,536875136,786464]
[128,0,0,0,16384,0,0,0,0,0,0,0,0,0,0,0]-[65536,32768,537395202,4194305,32]
[0,0,0,0,0,512,0,0,0,0,0,64,0,0,0,0]-[0,4160,1073741825,0,0]
[0,0,67108864,0,0,64,0,0,0,0,0,0,0,0,67108864,0]-[524288,67108864,2147483648,1048576,0]
[0,0,0,0,0,320,0,0,1048576,0,0,0,0,536870912,0,0]-[16,256,0,2147483648,64]
[0,0,67108864,8192,0,0,0,0,524288,0,0,0,0,0,0,0]-[2097152,67584,0,1024,0]
[64,0,67108864,0,0,0,0,0,0,0,0,0,0,0,0,0]-[2151682113,587661164,1179148300,135628337,85009]
[0,0,1024,0,0,256,0,0,1048576,0,0,0,0,0,0,0]-[2147483648,1048832,16777216,0,0]
[0,0,67108864,0,131072,0,0,0,0,0,0,0,64,128,0,0]-[0,536872960,16384,4,0]
[0,0,0,0,0,0,32,0,1048576,0,0,0,536870912,0,0,0]-[0,128,0,1536,524288]
[0,0,0,0,0,0,0,0,0,0,4096,268435456,0,0,0,0]-[262144,536879104,0,0,65536]
[0,0,0,0,8388608,256,0,16,0,0,0,0,0,16,0,0]-[0,0,16777280,0,12288]
[0,0,0,0,32768,0,0,0,0,0,0,0,0,0,4,0]-[1073750016,64,0,268435456,0]
[0,0,16384,16,0,0,0,0,0,0,0,0,0,0,0,0]-[0,128,0,4096,2228224]
[0,0,0,2048,0,0,0,0,1048576,0,0,0,0,0,0,0]-[0,537919488,1082130512,2618294915,0]
[0,0,0,0,0,32768,0,0,0,0,0,0,0,128,0,0]-[5243392,134627360,164128,4096,8224]
[128,0,0,16777216,0,0,0,24,0,0,0,0,0,0,0,0]-[0,0,32768,2147483776,4096]
[0,0,0,0,0,0,0,0,1048576,0,0,0,33554432,0,0,0]-[16777344,33554432,536871056,524800,0]
[0,0,67108864,0,0,0,0,16,0,0,0,0,0,0,33554432,0]-[17367041,879047725,3221229348,157324384,2115776]
[0,0,67108864,134217728,0,0,0,0,0,0,0,0,1048576,0,0,0]-[37750784,0,1342179328,262144,1]
[0,0,0,0,1073741824,0,0,0,0,0,0,0,1024,0,0,0]-[32,0,8650754,0,0]
[0,0,67108864,65536,0,0,0,0,0,0,0,0,4194304,0,0,0]-[64,0,33556480,0,65536]
[0,0,67108864,0,0,0,0,0,0,0,0,0,0,0,268435456,0]-[2374008903,2197960804,3491241764,2337342660,527379]
[0,0,0,0,0,0,0,0,0,0,0,65536,1310720,0,0,0]-[0,0,4096,4,266240]
[0,128,67108864,0,67108864,0,0,0,0,0,4096,0,1048576,0,0,0]-[0,67108864,65536,4608,0]
[0,32768,67108864,0,32768,0,0,0,0,0,0,0,0,0,0,0]-[0,1,33619972,0,0]
[0,0,67108864,0,67108864,0,0,0,0,0,0,0,0,536870912,0,0]-[0,268570644,1114624,256,2097156]
[0,0,0,0,0,65536,0,256,0,0,0,0,0,0,0,0]-[1140850688,0,0,4096,32768]
[0,0,0,0,0,0,0,0,0,0,4096,8,1048576,0,0,0]-[0,2151677952,0,268697600,36994]
[0,128,0,2048,67108864,0,0,0,0,0,0,0,0,0,0,0]-[0,131072,8388608,1048832,0]
[0,0,67108864,0,0,256,0,0,134217728,0,4096,16384,0,128,0,0]-[0,65536,4,2097152,1024]
[262144,0,0,0,16,0,0,0,1048576,0,0,0,0,512,0,0]-[0,4,64,1572864,0]
[16777216,0,8,0,0,0,0,16,0,0,0,0,0,128,0,0]-[16,65536,0,0,160]
[67108992,0,0,0,0,0,0,0,0,0,0,0,0,0,0,0]-[100927520,8192,524288,302055424,262144]
[0,0,0,0,0,0,0,0,0,0,0,0,0,536870912,16,0]-[0,32768,16,9455616,768]
[0,0,67108864,0,0,0,0,0,0,0,4096,0,0,0,0,4]-[8388608,16908288,268435456,1152,2130048]
[0,0,0,0,0,0,0,16,16384,0,0,0,0,0,0,0]-[8192,67371008,655360,524352,16384]
[0,0,0,0,268435456,0,0,0,1048576,0,0,0,0,128,0,0]-[0,0,0,67112960,1179648]
[0,0,0,0,0,0,0,0,4194304,0,0,0,8,0,0,0]-[33554448,134217728,64,0,0]
[0,0,0,0,0,0,0,0,256,0,0,0,0,536870912,0,0]-[0,0,131200,2147483648,524288]
[0,0,0,0,0,64,0,0,16777216,0,0,0,0,0,0,0]-[2684445398,2183662466,2156397802,17309761,3270]
[0,262144,0,0,0,8192,0,0,0,0,4096,0,0,0,0,0]-[524288,40960,64,0,0]
[0,0,67108864,0,0,0,0,0,0,0,0,524288,0,536870912,0,0]-[2,268632064,512,33554432,524288]
[0,0,67108864,0,67108864,0,0,0,0,0,64,0,0,0,0,0]-[0,67108880,32,4096,0]
[0,0,0,0,0,2097152,0,16,0,0,0,1073741824,0,0,0,0]-[0,512,32768,67108864,2097152]
[0,0,0,131072,0,0,0,0,0,0,0,0,0,0,0,16]-[41951232,134217728,0,0,0]
[0,0,0,1,0,0,0,0,0,16384,0,0,134217728,0,0,0]-[8388608,16777216,1048576,1073741824,0]
[0,0,0,0,32,0,0,0,1048576,0,0,0,1048576,0,0,0]-[262144,1065472,8192,0,0]
[128,0,0,0,0,0,0,0,0,0,4096,0,0,0,0,4096]-[262144,1024,0,268451840,0]
[0,0,0,0,0,0,0,524288,0,0,1073741824,0,0,0,0,0]-[16,0,262144,131072,128]
[8389632,0,0,0,0,0,0,0,0,0,0,0,0,128,0,0]-[0,536870912,131200,0,1048576]
[0,0,16777216,0,0,0,0,0,0,0,0,0,1048584,128,0,0]-[0,0,2105345,0,128]
[4096,0,0,0,0,0,8192,0,0,0,0,0,0,0,0,0]-[570425344,0,268439616,67108880,1]
[0,0,67108864,0,0,64,0,0,0,0,0,0,1048576,0,0,0]-[2210400327,2216737328,6305816,2299536203,3345607]
[0,0,67108864,131328,0,0,0,0,0,0,0,0,0,0,0,0]-[0,4352,0,4,128]
[0,0,67108864,0,0,0,0,16777216,1048576,0,0,0,1048576,0,0,0]-[0,33570816,0,4352,0]
[0,0,0,262144,0,0,0,0,0,0,0,32,0,0,0,0]-[134250496,0,0,0,160]
[0,0,67108864,0,0,0,0,0,1048576,0,8388608,2048,0,0,0,0]-[0,512,0,3,1]
[0,0,0,0,0,0,0,0,1064960,0,0,0,0,0,0,0]-[0,2214592512,131200,572557376,16640]
[0,0,67108864,32768,0,0,0,8,0,0,0,0,0,0,0,0]-[0,0,540672,32772,0]
[0,0,0,0,0,0,8192,0,1048576,512,0,0,0,128,0,0]-[0,256,32,2112,0]
[0,0,0,0,0,0,2048,0,1048576,0,0,0,16384,128,0,0]-[33816576,0,0,2048,524288]
[0,0,67108864,0,0,0,0,0,8388608,0,0,0,0,536871040,0,0]-[2,0,0,64,2097216]
[0,0,0,0,0,2147483648,0,0,0,0,4096,0,0,0,0,0]-[64,2684387588,134283777,1024,49162]
[0,0,67108864,0,0,8192,0,0,2048,0,0,0,0,0,0,0]-[188743680,4096,2097152,65536,2]
[0,64,0,0,0,0,0,0,134217728,0,0,0,0,0,0,0]-[1048576,16,0,262148,0]
[128,0,67108864,0,0,0,32768,0,0,0,0,0,0,0,0,0]-[32,16384,0,262144,2097152]
[0,0,0,0,0,268435456,0,0,0,0,0,0,1048584,0,0,0]-[4194304,0,2112,0,1]
[0,0,0,0,0,0,0,8,8388608,0,0,0,0,0,0,0]-[16777216,131072,134742016,0,0]
[0,0,67108864,0,0,8192,0,0,0,0,0,256,0,0,0,0]-[0,0,528384,32768,256]
[0,0,65536,0,0,8192,0,0,1048576,0,0,0,0,0,0,0]-[2097152,0,536903744,0,0]
[0,0,0,0,0,0,0,16,0,8192,0,0,0,128,0,0]-[16448,0,2129920,402653184,0]
[0,0,0,0,67108864,0,0,0,0,0,0,0,0,0,65536,0]-[262144,0,73728,128,0]
[0,0,67108864,134217728,0,0,0,0,0,0,0,65536,0,0,0,0]-[71303168,0,1342177280,0,0]
[0,0,67108864,0,0,0,0,524288,0,0,4096,0,0,128,0,0]-[1,536871168,0,66176,0]
[0,0,0,0,0,0,0,8,128,0,0,0,0,0,0,0]-[0,0,540672,134217728,8]
[131072,0,67108864,65536,0,0,0,0,0,0,64,0,0,0,0,0]-[8,1024,33554944,0,0]
[0,0,0,0,0,256,0,0,1048576,0,0,0,1048576,128,0,4096]-[131072,268500992,0,0,8192]
[0,0,0,1073741824,0,0,0,0,0,0,0,0,0,2176,0,0]-[32768,0,2,536872960,0]
[0,0,0,0,0,256,0,0,65536,0,0,0,0,128,0,0]-[268435456,1048576,4,2048,0]
[0,16384,0,0,0,8192,0,0,1048576,0,0,0,0,128,0,0]-[16,0,0,805306400,0]
[0,1,0,0,0,0,0,0,0,0,0,0,32,0,0,0]-[128,0,1024,268435456,65536]
[0,268435456,0,0,0,0,0,16,0,0,0,0,0,128,0,0]-[0,8388608,131072,16,2097152]
[128,0,0,0,0,1073741824,0,0,1048576,0,0,0,0,0,0,0]-[2048,262144,0,1107296256,0]
[0,0,2,0,0,0,0,16,0,0,0,0,1048576,0,0,0]-[0,8,0,201326848,0]
[0,0,67108864,0,0,0,0,0,0,0,528384,0,0,128,0,0]-[0,536870912,0,132,32768]
[0,0,0,0,0,0,0,0,0,0,1073741824,0,262144,0,0,0]-[524288,0,2,0,525312]
[0,4,67108864,0,0,256,0,0,0,0,0,0,0,0,0,0]-[2147483648,73728,0,0,1024]
[0,0,0,0,0,0,0,0,1048576,0,0,0,0,0,0,1024]-[16793984,1310740,1610612833,525377,524672]
[0,0,0,524288,0,0,0,0,0,0,0,0,262144,0,0,0]-[16,16384,0,33619968,0]
[0,0,0,0,0,32,8192,0,1048576,0,0,0,0,0,0,0]-[65537,0,262144,16,0]
[0,0,67108864,537133056,0,0,0,0,1048576,0,0,0,0,0,0,0]-[0,0,48,256,4]
[0,0,67108864,0,0,0,0,16777216,0,0,0,0,0,0,0,4]-[4194304,0,1073741824,1048577,0]
[0,0,0,0,0,0,0,512,32768,0,0,0,0,0,0,0]-[0,0,32,536870912,514]
[0,0,0,0,0,1048576,0,0,0,0,524288,0,0,0,0,0]-[16384,0,1048592,128,0]
[2048,0,0,0,0,0,0,16,0,0,0,0,0,0,1073741824,0]-[0,68157456,536870912,0,0]
[0,128,0,0,16,0,0,0,0,0,0,0,8,128,0,0]-[128,0,2105344,262144,0]
[0,256,0,0,0,8192,0,0,0,0,0,0,0,0,0,0]-[673185800,8192,553648132,1082228865,32]
[0,0,0,0,0,16384,0,0,0,0,0,0,0,128,0,0]-[709,0,537001984,262144,74912]
[0,0,16384,0,0,0,8192,0,0,0,0,0,1048576,0,0,0]-[0,32,0,512,262146]
[0,0,536870912,0,32,0,0,16,0,0,0,0,0,0,0,0]-[0,0,1073741824,17432576,0]
[0,0,0,0,67108864,2,33554432,0,0,0,0,0,0,0,0,0]-[134217728,0,1052800,0,0]
[0,0,67108864,0,0,0,0,0,134217728,0,0,131072,1048584,128,0,0]-[0,67108865,0,16,128]
[0,0,16384,0,0,0,0,0,0,0,0,0,8,0,0,0]-[268435456,8388612,0,262144,0]
[0,128,67108864,0,0,0,0,0,0,0,0,0,0,64,0,0]-[0,0,33628160,0,131072]
[0,0,0,0,0,0,0,0,0,16777216,16777216,0,0,0,33554432,0]-[0,2,4,8388640,0]
[0,8388608,0,0,0,0,0,0,0,0,0,0,8,0,0,0]-[33554960,16777216,0,1024,0]
[0,0,655360,0,0,0,0,0,0,0,0,0,0,0,0,0]-[262144,136314880,0,128,0]
[0,0,0,0,0,256,0,0,0,0,4096,0,262144,0,0,0]-[256,1024,1,67108864,0]
[0,0,0,1073741824,0,0,0,0,0,0,0,0,0,536870912,0,0]-[32768,0,0,134219776,512]
[134217728,0,0,0,0,0,0,0,0,0,4096,0,1048576,0,0,0]-[16384,0,0,4194308,8]
[0,0,67108864,0,67108865,0,0,0,0,0,0,0,0,0,0,0]-[0,49152,8704,0,0]
[2048,0,0,0,0,0,0,0,1048576,0,0,0,1048576,0,0,0]-[35651841,8404992,4202496,100696096,0]
[262144,0,0,0,0,0,64,0,0,0,0,0,0,0,0,0]-[0,4,0,524288,6144]
[0,0,0,0,4194304,0,1073741824,0,0,0,4096,0,1048576,0,0,0]-[16777216,0,65536,16384,2097152]
[0,0,0,0,0,0,0,0,8388608,8,4096,0,0,128,0,0]-[256,0,64,4194304,2]
[0,0,0,0,0,0,0,268435458,0,0,0,0,0,0,0,0]-[136,0,268435456,268435456,0]
[0,0,67108864,0,0,0,0,0,0,0,4096,0,262144,128,0,0]-[0,320,1073741824,0,32768]
[0,0,67108864,0,0,0,0,0,0,0,0,0,268435456,1073741952,0,0]-[2097152,0,8192,4,4]
[2048,33554432,0,0,0,0,0,0,1048576,0,0,0,0,0,0,0]-[5,8388608,8,0,0]
[0,0,2147483648,0,8192,0,0,0,0,0,0,0,0,0,0,0]-[545259600,258,0,8388608,4608]
[0,0,0,0,0,0,0,0,0,0,0,512,262144,0,0,0]-[256,1073741824,2097152,0,8192]
[0,0,67108864,0,0,0,0,0,4,0,4096,0,0,0,0,0]-[0,16777472,1073741824,1536,2]
[0,0,67108864,0,0,0,64,8,1048576,0,0,0,0,0,0,0]-[2048,0,1073741824,2129920,0]
[0,0,0,32768,0,256,0,0,16777216,0,0,0,0,0,0,0]-[256,4096,1,262144,0]
[0,0,0,0,67108864,0,0,16,0,0,0,0,0,0,0,0]-[1145433680,903633247,1636842210,2814801377,3152568]
[0,0,67108864,0,0,0,0,0,0,0,0,0,1048576,0,8,0]-[0,49152,0,272,0]
[0,0,0,0,262144,0,0,0,0,0,4096,0,1048576,128,0,0]-[262145,16777216,0,65536,0]
[0,0,67108864,0,0,0,0,0,0,0,8,32,0,0,0,0]-[134217729,0,67108896,0,0]
[0,0,0,0,0,0,0,0,0,0,8192,0,0,0,0,4]-[2147745824,0,0,0,131072]
[0,33554432,0,0,0,0,0,0,0,0,0,0,4194304,0,0,0]-[262144,67108864,8,0,128]
[0,128,0,0,0,256,0,0,1048576,0,0,32,0,0,0,0]-[65536,1048704,0,268437504,8192]
[0,0,0,0,0,33554432,0,0,0,0,0,0,0,128,0,0]-[35651585,1311008,1073741826,8650816,925696]
[0,0,0,0,0,536870912,0,0,0,0,0,0,0,128,0,0]-[302024202,2282094656,819459,540282896,2359300]
[0,0,67108864,0,0,0,0,0,134217728,0,0,0,0,262144,0,0]-[8388608,0,8,0,257]
[0,0,0,0,0,256,0,0,0,0,0,0,0,0,0,8]-[268435456,0,131072,262400,0]
[0,0,0,0,0,0,0,0,1048584,0,0,0,0,0,0,0]-[65921,0,0,2147483664,144]
[0,0,0,0,0,0,0,4194304,16777216,0,0,0,0,16,0,0]-[8388608,0,0,131072,8208]
[0,0,67108864,0,0,0,0,0,1048576,0,0,0,0,536870912,536870912,0]-[0,272629760,0,2147483664,0]
[0,0,0,0,0,0,0,0,17825792,0,256,0,1048576,0,0,0]-[0,0,64,268435459,0]
[0,0,67108864,0,0,0,0,0,0,0,4096,0,0,32,0,0]-[1,541097984,0,1024,16384]
[128,0,0,0,0,0,0,8,16777216,0,0,0,0,0,0,0]-[0,0,0,2415919104,528384]
[0,0,0,0,67108864,0,0,0,0,0,0,0,0,538968064,0,0]-[1073807360,0,2097152,0,512]
[0,0,67108864,16,0,0,0,0,0,0,0,0,262144,0,0,0]-[0,536879104,0,65536,131072]
[1073741824,0,67108864,0,0,0,0,0,0,0,4096,0,0,0,0,0]-[18944065,2684494136,1342194192,262156,2179200]
[0,0,67108864,0,0,0,131072,0,0,0,4096,0,0,0,0,0]-[0,603979776,0,0,16386]
[0,0,0,0,0,0,0,0,0,0,0,128,134217728,0,0,0]-[0,4096,0,537134080,0]
[0,0,0,1,0,0,8192,0,1048576,0,0,0,1048576,0,0,0]-[0,0,262144,100663312,0]
[0,0,67108864,16384,4,0,0,0,0,0,0,0,0,0,0,0]-[16777216,16777216,65536,1,0]
[0,0,67108864,0,0,0,0,0,0,0,4096,131072,0,0,0,0]-[69696,294969,301989904,4194304,128]
[0,0,0,131072,0,16384,64,0,0,0,0,0,0,0,0,0]-[0,512,536870912,0,1056]
[0,0,67109888,0,0,0,0,16,0,0,4096,0,0,0,0,0]-[0,4,0,33554560,16384]
[0,0,67108864,0,0,0,32,0,0,134217728,0,0,0,0,0,0]-[134217728,268435456,0,134283264,0]
[0,0,0,0,536870912,64,8192,0,0,0,0,0,0,0,0,0]-[0,384,0,64,32]
[2097152,0,0,0,0,0,0,0,1048576,0,4096,0,0,0,0,0]-[0,33554436,64,67112960,0]
[0,0,0,0,0,1048576,0,0,1048576,0,0,0,0,128,0,0]-[0,1048576,0,536872960,64]
[0,0,67108864,0,0,0,0,16,1048576,0,0,2048,0,0,0,0]-[0,0,2048,2147483728,0]
[0,0,0,0,0,0,0,16777216,0,0,67108864,0,0,0,0,0]-[0,1,268566528,1024,0]
[0,0,67108864,0,4,0,0,0,0,0,0,0,0,0,0,0]-[159433760,2165244488,308884496,253014681,1786967]
[4,256,0,0,0,0,8,0,0,0,0,0,0,0,0,0]-[167772160,0,0,268435456,16384]
[0,0,67108864,0,131072,0,0,0,0,0,0,0,0,0,0,0]-[2248706572,537459781,302006532,190395188,1336532]
[0,0,0,0,67108864,4096,0,16,0,0,0,0,0,0,0,0]-[512,16384,8192,536870912,0]
[0,0,0,0,0,256,0,0,8388608,0,0,0,1048576,0,0,0]-[262144,8388608,65552,0,0]
[0,0,67108864,0,0,0,0,0,8388608,0,0,0,1048576,128,0,0]-[2097218,0,0,0,64]
[0,0,67125248,0,0,0,0,0,1048576,0,0,0,0,128,0,0]-[5,0,1073741824,18,1179776]
[128,0,8192,0,0,0,0,0,1048576,0,0,0,0,0,0,0]-[262144,268435456,8,2,0]
[0,0,0,0,0,0,131072,0,1048576,0,0,0,0,128,0,0]-[4,0,1074003968,0,64]
[0,0,0,0,0,0,0,16,0,0,16,0,1048576,128,0,0]-[16384,67616,0,0,0]
[0,0,1024,0,0,0,0,0,0,0,2147484160,0,0,128,0,0]-[268435460,0,524288,0,2097152]
[0,0,0,0,0,0,0,16,134217728,0,0,0,1048576,128,0,0]-[16448,9504768,2097152,4096,128]
[0,128,0,0,0,0,64,0,0,0,0,0,0,0,0,0]-[3147778,787008,1141114000,1612845824,84096]
[1073741824,0,0,0,0,0,0,0,1048576,0,0,0,0,128,0,0]-[32769,0,32768,0,8192]
[0,1048576,0,0,0,0,0,0,0,0,536870912,0,0,0,0,0]-[67108864,8,0,0,262400]
[0,0,0,128,0,0,0,0,0,0,0,0,262144,0,0,0]-[524304,0,16777217,0,0]
[0,0,67108864,0,0,0,32,0,0,0,1048576,0,1048576,0,0,0]-[0,4,65536,2097152,1048576]
[0,1024,0,0,0,0,0,16,0,0,0,0,0,0,0,0]-[536870912,134217728,1074790528,268435712,64]
[0,0,0,0,0,32768,0,0,0,0,67108864,0,0,0,0,0]-[0,8396800,262144,1024,0]
[0,0,0,16,0,0,0,0,67108864,0,0,0,0,0,0,0]-[0,1073741826,537133056,0,0]
[0,16,67108864,0,0,0,64,0,1048576,0,0,0,0,0,0,0]-[2049,0,33554464,0,0]
[0,0,0,0,0,0,0,16,0,1024,0,0,0,0,0,0]-[0,512,16777216,4096,16384]
[2147483776,0,0,0,0,0,0,0,0,0,4096,0,0,0,0,0]-[0,67108881,0,67108864,0]
[0,0,67108864,2147483648,0,0,0,0,0,0,0,0,0,0,32768,0]-[1,131072,33554432,0,1048576]
[0,0,0,0,0,64,8388608,0,0,0,0,0,0,0,0,0]-[0,2147483648,0,0,1060]
[0,0,67108864,0,0,0,0,16,0,0,0,0,0,2147483648,0,0]-[524288,0,2147489792,0,0]
[0,0,0,0,0,0,0,0,1048576,0,0,131072,0,128,0,0]-[0,262144,0,1207959552,524288]
[0,128,0,0,0,0,0,16,0,0,0,8388608,1048576,0,0,0]-[0,32,0,256,262272]
[0,0,67108864,0,0,0,0,0,0,0,0,0,268435456,0,0,0]-[23138315,352390697,67155484,58032287,1068036]
[0,0,32,0,0,0,0,0,0,0,0,0,0,128,0,0]-[1049616,32,8388608,1074004016,0]
[0,0,0,0,0,0,32,0,1048576,0,0,0,0,0,33554432,0]-[16777216,1048576,0,268435456,1024]
[0,0,0,0,0,0,8396800,0,0,0,0,0,0,0,1,0]-[0,0,0,263168,2359296]
[0,0,67108864,0,0,0,0,0,0,0,4096,0,0,4194304,0,0]-[0,9216,16,512,0]
[0,0,67108864,0,0,8192,0,0,0,0,0,0,0,0,67108864,0]-[67108874,45088,67111200,8320,4]
[0,0,0,0,0,0,0,0,1048576,0,0,4,0,0,0,0]-[16843136,536871552,1073741824,1107297026,0]
[0,0,67108864,16842752,0,0,0,0,1048576,0,4096,0,0,0,0,0]-[2147483648,0,4718592,0,1024]
[0,0,0,0,0,0,0,0,0,4097,0,0,0,0,0,0]-[0,0,17170432,8192,0]
[0,0,0,0,0,0,2147483648,0,1048576,0,0,0,0,0,0,0]-[16384,1048580,0,1073741824,0]
[0,0,67108864,0,0,0,0,0,0,0,536870912,0,0,0,0,0]-[201852966,537320456,2215718708,169911944,98310]
[0,0,0,0,0,0,0,0,1179648,0,0,0,0,0,0,0]-[2147483904,12583328,537659424,576762432,524288]
[0,0,0,0,33554432,0,0,0,0,16777216,0,0,0,0,0,0]-[8,2,512,8,0]
[0,0,0,131072,0,0,0,0,134217728,0,0,0,1048576,0,0,0]-[536870912,0,0,2101248,1024]
[0,0,0,0,0,0,16384,0,0,0,0,0,0,8388608,0,0]-[8389124,0,32,0,0]
[0,0,0,0,0,0,0,0,1048576,0,256,0,0,0,0,0]-[33816576,0,0,32,1]
[128,0,131072,0,0,0,0,0,1048576,0,0,0,0,0,0,0]-[0,0,33554432,2415919104,256]
[0,0,8388608,0,0,0,0,0,0,0,0,0,0,0,0,256]-[0,130,134218240,0,0]
[0,0,0,0,0,0,65536,0,0,0,4096,0,0,0,0,0]-[526848,36,176160768,16640,32896]
[0,0,0,0,0,0,0,16,0,67108864,4096,0,0,0,0,0]-[0,67108880,134217728,2048,0]
[0,32,0,0,0,0,0,0,1048576,0,0,0,0,0,0,0]-[18833,41943056,16777368,1346900480,128]
[0,0,0,0,0,0,8192,0,0,0,0,256,0,0,0,0]-[131072,16777216,335548416,302057488,2049]
[0,0,0,0,0,0,8192,0,2048,0,0,0,0,0,0,0]-[67108864,16777216,536870912,0,16]
[0,0,0,0,0,0,8192,0,0,0,0,0,0,0,0,131072]-[268435456,671097152,262208,8,0]
[0,0,0,0,0,16,0,0,0,0,16,0,0,128,0,0]-[1073741824,0,520,0,8]
[0,0,67108864,0,134217728,0,0,0,1048576,0,0,0,65536,0,0,0]-[0,4194304,0,4113,0]
[0,0,0,0,0,0,0,0,1048576,0,0,0,0,0,32768,0]-[2164260897,1835008,21561344,554172416,1179648]
[0,0,0,0,67108864,256,0,0,0,0,0,0,8,0,0,0]-[67108864,0,16842753,0,0]
[0,0,0,0,0,0,0,0,16777216,0,0,0,0,1,0,0]-[8192,0,1088,4096,0]
[0,0,0,0,0,256,0,0,1048576,0,0,0,2097152,0,0,0]-[16,268435456,8650753,2214592768,256]
[0,0,16777216,2048,0,256,0,0,0,0,0,0,1048576,128,0,0]-[268435456,268435456,0,0,9216]
[128,2097152,67108864,0,0,0,0,0,0,0,0,0,0,128,0,0]-[0,262144,32768,24,0]
[0,0,67108864,0,0,0,0,4,0,0,0,0,1048576,0,0,0]-[2,4096,0,16777220,0]
[0,0,67108864,0,0,1024,0,0,1048576,0,0,0,0,0,0,0]-[0,33554436,0,8195,128]
[0,0,0,0,0,0,0,0,0,0,0,0,4194304,16777216,0,0]-[0,2097152,1024,128,32]
[2147483648,0,0,0,0,0,0,0,0,0,4096,0,0,0,131072,0]-[1073741824,0,128,301989888,0]
[0,0,0,0,0,64,0,0,0,0,0,0,2147483648,128,0,0]-[268435456,0,8192,64,128]
[0,128,1024,0,0,0,0,0,0,0,0,0,0,0,0,0]-[134218752,16388,67108864,301989888,270592]
[0,0,67108864,0,256,0,0,0,0,0,67108864,0,0,0,0,0]-[0,0,1140883456,0,4]
[0,0,0,65536,0,0,0,0,0,0,0,0,1048576,536870912,0,0]-[1048576,2048,0,33554432,128]
[0,0,16384,0,0,256,0,0,0,0,0,0,0,33554560,0,0]-[1024,0,0,67112960,131072]
[0,0,67108884,0,0,0,0,0,0,0,0,131072,0,128,0,0]-[32768,96,0,0,524288]
[0,65536,0,0,0,0,0,0,1048576,0,0,0,0,0,0,0]-[256,0,34817,537396257,128]
[128,0,0,0,0,0,64,0,1048576,0,0,0,0,0,0,0]-[33554432,262144,536879104,1073741824,256]
[0,0,0,0,0,0,0,4096,0,0,0,0,32,0,0,0]-[0,0,516,536870916,0]
[0,8192,67108864,0,0,0,0,0,0,0,8,0,0,0,0,0]-[0,2147501056,32768,0,0]
[524288,0,0,0,0,64,0,0,0,0,0,0,1048576,0,0,0]-[512,16,0,8193,0]
[0,0,67108864,4194304,0,0,0,0,0,0,0,0,1048576,0,0,0]-[0,28720,67109132,134217728,1]
[2048,0,0,0,0,0,0,0,0,0,0,0,262144,128,0,0]-[2097168,1050624,536903680,67174400,524288]
[0,0,0,0,0,8192,0,0,16777216,0,0,0,0,0,0,0]-[3955753222,3489763328,539231296,1092911525,29064]
[0,536870912,68157440,0,0,0,0,0,0,0,0,0,0,0,0,0]-[8392704,0,0,2,1]
[33554432,0,0,0,0,0,0,0,0,0,0,0,1048576,0,0,0]-[134217728,0,67108864,1142030376,0]
[128,0,67108864,0,16,0,0,0,0,0,0,0,0,0,0,0]-[2112,0,16384,16777216,4]
[0,0,67108864,0,0,0,8192,16,0,0,4096,0,0,128,4194304,0]-[1,553648129,0,0,0]
[0,0,0,0,0,0,0,0,1048576,0,268435456,0,0,128,0,0]-[262160,0,262144,0,4]
[0,0,67108868,0,0,0,0,0,0,0,0,0,0,0,0,16]-[0,279552,256,0,0]
[0,0,67108864,0,1024,0,0,0,0,0,0,0,0,0,0,0]-[0,71305225,530440,8192,2097280]
[0,2048,0,0,0,0,0,0,0,0,0,0,0,128,0,0]-[301992016,1073744128,524288,67371552,8196]
[0,0,67108864,0,8388608,0,0,0,0,0,0,0,0,4096,0,0]-[0,68,2147483648,524288,0]
[0,0,0,0,0,0,536870912,0,0,0,0,0,1048576,0,0,0]-[1744830592,2,16777314,262161,0]
[0,0,0,2,0,0,0,0,1048576,0,0,0,0,128,0,0]-[33554432,32,1,4096,0]
[0,0,0,0,67108864,0,0,0,0,0,4194304,0,0,0,0,0]-[134217728,8388608,65536,128,0]
[2147483648,0,0,0,0,0,0,0,0,0,32,0,0,128,0,0]-[0,0,4,67108872,8192]
[0,0,16384,0,0,0,0,0,0,0,0,0,32,0,0,0]-[1,129,0,0,131072]
[0,0,0,0,0,0,0,16,1048576,0,0,0,0,0,536870912,0]-[16,4,0,2147483680,0]
[0,0,67108864,0,0,8192,0,0,0,0,0,0,1048576,0,0,0]-[2346778695,2474704470,73422868,19767505,483718]
[128,0,67108864,0,0,0,0,0,0,0,0,0,0,0,0,512]-[100663360,256,1024,55640064,4]
[0,0,0,268435456,0,0,0,0,1048576,0,0,0,0,0,0,0]-[256,262144,38275073,2181038080,131072]
[0,0,67108864,0,0,0,0,0,1,0,0,0,0,0,0,0]-[222891112,2701753923,72876544,2701234725,16642]
[0,0,67108864,0,65536,0,0,0,0,1024,0,0,0,0,0,0]-[33554432,16384,0,256,2048]
[0,0,16384,0,0,0,0,0,1048576,8192,0,0,0,0,0,0]-[128,536870912,16779264,0,0]
[0,0,0,0,0,8192,64,0,0,4,0,0,1048576,0,0,0]-[2,4096,0,16777216,32]
[0,0,0,0,0,0,0,0,0,0,1,0,1048576,0,4,0]-[0,2,0,2147483648,9216]
[0,0,0,0,0,0,0,0,1048576,0,0,0,0,0,131072,0]-[16891921,8405120,13109256,1077969025,532480]
[0,0,0,0,0,0,0,0,0,0,4096,536870912,0,0,0,0]-[576,262432,66049,16388,4224]
[0,536870912,0,0,0,0,0,0,0,0,1073745920,0,0,0,0,0]-[0,67108864,513,67108864,0]
[0,0,67108864,131072,0,256,0,0,0,0,0,0,0,0,0,0]-[524288,32768,524288,2,0]
[0,0,0,0,0,0,64,0,0,0,0,0,128,0,0,0]-[1310720,0,589824,0,2048]
[268435456,0,0,0,0,256,0,0,0,0,0,32,0,0,0,0]-[65536,268435456,268435456,0,4096]
[0,0,67108864,0,67108864,0,0,8,0,0,4096,0,0,128,0,0]-[2048,262400,16384,262144,0]
[0,0,0,0,0,0,0,0,1048576,0,2097152,0,0,128,0,0]-[128,9699328,0,1073741952,8320]
[0,0,0,4194304,131072,0,0,0,134217728,0,0,0,0,0,0,0]-[0,8208,262144,0,4096]
[0,0,0,0,0,0,8192,0,536870912,67108864,0,0,0,0,0,0]-[33554432,0,134217728,67110912,0]
[0,0,67108992,0,0,0,0,0,0,0,0,0,268435456,128,0,0]-[1,1056,0,2,0]
[0,0,0,0,0,16384,0,8,0,0,0,0,0,0,0,0]-[4194816,0,0,262144,128]
[0,0,0,0,0,0,0,2048,1048576,0,0,0,0,0,0,0]-[2182627328,2147500032,262305,1064960,133248]
[0,0,67108864,0,0,67108864,64,0,0,0,0,0,0,128,33554432,0]-[2048,67108864,1074266112,0,0]
[0,67108864,67108864,0,0,256,0,0,0,0,0,0,262144,0,33554432,0]-[0,256,1342177284,0,0]
[0,256,0,0,0,64,0,0,0,0,0,0,0,0,0,0]-[0,2147483648,8396800,524288,0]
[0,0,0,0,0,0,0,0,0,512,0,0,1048576,128,0,0]-[262144,67110912,0,0,262144]
[0,0,67108880,0,131072,0,0,0,0,0,0,0,0,128,0,0]-[0,536872960,0,16,1048576]
[128,0,1024,0,0,0,0,0,1048576,0,0,0,0,0,0,0]-[131072,0,0,33554448,4]
[536870912,0,8388608,0,0,0,0,16,0,0,0,0,0,0,0,0]-[0,1048576,135680,0,0]
[0,0,0,0,0,0,0,0,0,0,0,1048576,0,0,0,524288]-[0,134217728,4,524800,0]
[0,0,1140850688,0,0,0,0,0,0,0,0,0,262144,0,0,0]-[0,67108864,33554432,32,524288]
[0,1048576,0,0,0,0,0,0,0,0,0,0,0,33554432,0,0]-[0,536871936,0,256,512]
[0,33554432,67108864,0,2147483648,0,0,0,0,0,4096,0,0,0,0,0]-[0,16777224,16400,0,0]
[0,0,0,0,0,0,0,0,0,0,0,0,1048576,128,536870912,0]-[192,0,0,2166800,0]
[128,0,0,0,33554432,0,0,16,0,0,0,0,0,0,0,0]-[16384,0,131072,33554433,0]
[128,0,67108864,0,0,0,0,16,1048576,0,0,0,0,0,0,0]-[0,268697600,32768,2181071059,131088]
[0,0,0,0,0,8192,0,0,0,0,0,0,16,0,0,0]-[0,0,16778240,0,384]
[0,0,67108864,0,0,0,0,0,0,0,0,0,0,0,4096,0]-[143228937,2233484044,3325041676,2623369,2148613]
[0,0,0,0,0,0,0,0,1048576,0,0,128,1048576,0,0,0]-[0,0,1610612832,524288,0]
[0,0,0,0,0,256,65536,0,1048576,64,0,0,0,128,0,0]-[262144,8388608,0,4096,131072]
[0,0,256,0,67108864,0,0,0,0,0,0,0,1048576,0,0,0]-[1073741824,0,1073741824,262145,0]
[0,0,67108864,0,0,0,0,8,0,0,4096,0,262144,0,0,0]-[16779264,262144,4096,32772,0]
[0,0,0,0,0,0,0,0,0,0,4096,0,0,128,0,0]-[3586097095,4291276157,3636417271,4277133246,3143086]
[0,0,67108864,0,0,0,0,0,0,0,128,0,0,536870912,0,0]-[134217728,262144,2415919104,0,0]
[0,0,0,0,67108864,0,0,0,134217728,0,0,134217728,0,128,0,0]-[2048,0,2,2097152,524288]
[0,0,0,0,0,0,0,16,1048576,0,536870912,0,1048576,0,0,0]-[49152,4,0,4096,0]
[0,0,268435456,0,0,8448,0,0,0,0,0,0,0,0,0,0]-[2097152,32768,536870912,0,128]
[0,0,0,0,0,64,0,16,1048576,0,0,0,0,536870912,0,0]-[16400,16,0,2147483712,128]
[0,0,0,0,0,256,0,0,1048576,0,0,0,32768,0,0,0]-[0,0,1073741824,2214592768,0]
[0,0,0,0,0,0,0,16,0,0,0,134217728,0,4,0,0]-[0,16,8388864,0,8192]
[0,0,0,32,0,256,0,16,0,0,0,0,0,0,0,0]-[2147483664,4096,0,256,0]
[0,0,1,0,0,0,0,0,0,0,65536,0,0,0,0,0]-[4210696,262148,8388641,2734688260,0]
[0,0,0,0,0,256,0,16384,0,0,0,0,0,0,0,0]-[269484288,73728,4096,2048,1024]
[0,0,0,0,0,67108864,0,16,0,0,0,0,0,0,0,0]-[16384,0,536870914,0,16]
[0,0,67108864,32,0,0,0,16,0,0,0,0,0,128,0,0]-[1,16777216,1073741824,2,0]
[0,0,67108864,0,0,320,0,0,0,0,0,0,0,0,0,0]-[2148008008,69344096,5408,2147483721,1574016]
[0,0,0,0,0,0,0,8,0,0,0,0,0,65536,0,0]-[0,134217984,0,33587200,0]
[0,0,0,0,0,0,8192,0,0,0,33554432,0,0,536871040,0,0]-[33554432,0,0,4128,32]
[0,0,67108864,0,0,0,0,256,0,0,4096,0,0,0,0,0]-[524289,1040,16,4554752,2097152]
[0,0,67108864,0,0,0,0,0,0,0,0,0,0,33554432,0,0]-[2254503983,73679404,36202020,20550952,68866]
[0,0,67108864,0,0,0,0,0,134217728,0,0,0,0,134217728,0,0]-[2049,72,65536,128,1040]
[0,0,0,0,0,0,0,0,0,0,0,0,0,268435584,0,0]-[2098180,553910272,2684485760,545259728,590912]
[0,0,67108864,65536,0,0,8192,0,0,0,0,0,0,0,0,0]-[8,0,34605056,0,0]
[0,0,67108864,0,0,0,0,0,256,0,0,0,1048576,536870912,0,0]-[0,16777220,65536,16,0]
[0,0,0,0,0,2097152,0,0,0,0,4096,0,0,0,0,0]-[66304,536870912,512,71565568,4128]
[0,128,0,0,0,0,0,0,134217728,0,0,0,0,0,33554432,0]-[2048,0,0,2113536,2048]
[0,0,0,0,0,0,0,32,1048576,0,4096,0,0,0,0,0]-[0,0,64,33280,128]
[0,0,0,0,0,0,64,0,0,0,0,0,0,0,33554432,0]-[1050624,604512390,1141641344,7999552,2099202]
[0,0,0,0,0,256,0,0,0,0,0,2,0,0,0,0]-[67240960,640,65536,67108864,64]
[0,0,0,0,0,0,1048640,0,0,0,0,0,0,0,0,0]-[1048576,4,0,32832,0]
[0,0,0,0,0,0,0,0,152043520,0,0,0,0,0,0,0]-[81936,0,1610612736,1342181376,256]
[0,0,83886080,0,0,0,0,0,0,0,0,0,0,0,0,0]-[2397117484,3072630039,2457458192,2169345513,3845495]
[1073741824,131072,0,0,0,0,0,0,0,0,0,0,1048576,0,0,0]-[512,0,260,0,1]
[0,0,0,0,0,0,0,0,134217728,0,0,0,0,0,0,8192]-[0,512,0,133120,65536]
[0,0,0,0,0,0,0,8,1048576,0,0,0,262144,128,0,0]-[294916,262144,0,0,0]
[0,0,0,0,0,0,0,0,0,0,0,8192,1048576,0,0,0]-[1075855616,268567552,25231362,557153,2052]
[0,0,0,0,0,536870912,0,8,0,0,0,0,0,0,0,0]-[1,0,0,536879104,2097152]
[0,0,0,0,0,33554432,0,8,0,0,0,0,0,0,0,0]-[8192,18560,1088,16,16]
[0,0,0,0,0,32,0,0,0,0,0,0,1048576,0,0,0]-[278530,9439244,33554433,50397184,41088]
[0,2,67108864,0,0,0,0,0,0,0,0,0,0,536870912,0,0]-[0,16,512,16,524288]
[0,0,0,0,0,134217728,65536,0,0,0,0,0,1048576,0,0,0]-[0,269549568,0,16777216,0]
[0,0,0,0,0,2147483648,0,0,0,0,0,0,4096,0,0,0]-[256,2097152,128,0,2048]
[0,0,67108864,0,1048576,0,0,0,0,0,0,0,1048576,0,0,0]-[2097152,2147491840,1114112,144,128]
[128,0,524288,0,0,0,0,0,0,0,0,0,0,8,0,0]-[0,2048,16384,1073750016,0]
[0,0,0,0,0,0,1073741824,0,0,0,0,0,0,128,0,4096]-[0,0,130,536870944,0]
[0,0,67108864,262144,0,0,0,0,0,0,0,32,1048576,0,0,0]-[64,0,33554432,0,1048578]
[0,0,0,0,0,0,0,256,1048576,0,0,0,0,128,0,0]-[131072,0,129,805308994,0]
[0,0,67108864,0,0,4194304,64,0,0,0,0,0,0,0,0,0]-[0,2147485696,4,134217728,0]
[0,0,67108864,0,0,8448,0,0,1048576,0,0,0,0,0,0,0]-[2097152,544,1073741832,41409,64]
[0,0,67108864,0,0,0,8192,268435472,0,0,0,8,0,0,0,0]-[0,0,0,336,2048]
[0,0,0,0,512,0,0,16,0,0,64,0,0,0,0,0]-[0,524288,8388608,0,2097168]
[0,0,0,0,0,0,0,0,0,0,0,0,0,536871552,0,0]-[16384,268566784,0,0,0]
[0,0,603979776,0,0,0,0,0,0,0,0,0,1310720,0,0,0]-[0,2151678016,0,0,2048]
[128,0,67108864,536870912,0,0,0,0,0,0,0,0,0,128,0,0]-[0,262144,32768,65568,0]
[0,0,128,0,0,0,8192,0,0,0,0,0,0,0,0,0]-[536870913,8192,0,65536,0]
[32768,0,0,0,0,0,536870912,0,1048576,0,0,0,0,0,0,0]-[0,32,16777216,3,0]
[0,0,0,0,0,0,0,0,0,134217728,0,0,1048576,0,0,0]-[134578688,32778,578,156160,0]
[0,0,262144,0,0,0,0,0,0,0,4096,0,0,0,0,0]-[64,4194320,8388608,0,0]
[0,0,67108864,512,1,0,0,0,0,0,0,0,262144,0,0,0]-[0,49152,0,1024,65536]
[0,0,0,0,16777216,0,0,0,0,0,4096,0,0,0,0,0]-[526337,33555456,8389120,131200,4096]
[0,0,0,0,0,0,0,0,0,536870912,4096,0,0,0,0,0]-[0,134217728,1048576,2097154,0]
[0,0,0,0,0,256,8192,0,1048576,0,4096,0,0,0,0,0]-[0,256,64,2304,0]
[0,0,0,0,0,0,0,0,0,0,4096,0,1048576,131072,0,0]-[16777216,16777224,134217728,100663300,2097152]
[0,0,0,0,0,0,0,16777216,0,0,0,0,0,128,0,0]-[282140,872549408,4096135,1554252434,368736]
[524288,0,0,0,131072,0,0,0,0,0,0,0,0,0,0,0]-[66052,2,0,0,0]
[0,8388608,0,0,0,0,0,0,0,0,0,0,1048584,0,0,0]-[2097152,2,0,0,270336]
[0,0,67108864,65536,67108864,0,0,0,0,0,0,0,0,2048,0,0]-[0,64,2147516416,8192,0]
[0,0,0,0,0,64,0,32,0,0,0,0,0,0,0,0]-[514,528640,136,0,128]
[0,0,67108864,0,0,8192,0,0,0,0,32,0,0,0,262144,0]-[0,536870912,8192,32,2048]
[0,0,0,0,0,0,0,16,0,0,0,32,1048576,128,0,0]-[64,0,0,2097152,1048608]
[1024,0,0,0,0,0,0,0,1048592,0,0,0,0,0,0,0]-[129,0,8,8192,0]
[0,0,0,33554432,67108864,0,0,0,0,0,0,0,0,0,0,0]-[278528,49168,1048576,4096,0]
[0,0,0,0,0,256,0,0,1048576,0,0,0,16384,128,0,0]-[0,0,1,402655232,0]
[0,0,67108864,0,0,0,0,0,0,32768,0,0,8,0,0,0]-[8454144,0,0,2097152,1048576]
[0,4,0,0,0,0,0,0,134217728,0,0,0,1048576,0,0,0]-[0,68157440,0,16777216,128]
[0,0,1024,0,0,0,0,0,0,0,0,0,0,0,33554432,0]-[0,256,16777216,4194304,8]
[1024,0,0,0,0,0,0,0,1048576,0,0,0,262144,0,0,0]-[0,536870916,128,0,256]
[0,0,0,0,67108864,256,2,0,0,0,0,0,0,0,0,0]-[2148532224,0,0,2147483648,4096]
[0,0,2147483648,0,0,0,0,0,16384,0,0,0,0,0,0,0]-[0,0,131072,33555008,0]
[128,0,0,0,67108864,0,0,0,0,0,4096,0,0,128,0,0]-[279040,0,0,128,0]
[128,0,67108864,0,8388608,0,0,0,16777216,0,0,0,0,0,0,0]-[0,0,16384,16777217,64]
[0,0,0,0,0,0,8192,0,0,0,0,0,0,0,67108864,0]-[0,128,0,0,1051136]
[0,0,67109888,0,0,256,0,0,0,0,0,0,0,0,0,0]-[2097152,64,1024,40961,540672]
[0,0,67108864,0,0,0,0,1024,0,0,0,0,0,128,0,0]-[1,68608,0,0,0]
[0,0,67108864,0,0,0,0,0,2097152,0,0,0,0,0,0,0]-[185073734,33927168,2216699948,2198349237,524499]
[0,0,67108864,0,67108864,0,2,0,0,0,0,0,0,128,0,0]-[0,1,1073741824,262160,0]
[0,0,0,0,536870912,256,0,16,0,0,0,0,0,0,0,0]-[0,4096,8388608,2147483648,8192]
[0,0,0,0,0,256,0,0,0,0,0,0,0,1048576,0,0]-[262144,0,266240,262144,0]
[0,0,524288,0,0,0,0,0,0,0,0,0,256,0,0,0]-[1048576,16384,262144,262144,0]
[0,32,0,0,0,0,0,0,0,0,0,0,537919488,0,0,0]-[32769,33554434,0,0,0]
[0,0,0,0,0,256,0,0,0,0,0,0,65536,0,0,0]-[1376256,65536,196676,264192,1089]
[0,0,0,0,0,0,0,0,0,1536,0,0,1048576,536870912,0,0]-[1024,0,32,2048,512]
[0,0,268435456,0,0,0,0,0,0,0,4096,262144,1048576,0,0,0]-[0,32768,0,131076,128]
[0,0,67108864,0,0,16384,0,0,0,0,0,0,1048576,128,0,0]-[1,65536,0,0,66688]
[0,128,67108864,0,0,0,0,0,0,0,0,0,131072,0,0,0]-[134217728,0,1073742080,16777216,0]
[0,0,67108864,0,0,0,4,0,0,0,0,0,1048576,0,0,0]-[32768,32,0,4,2]
[0,0,8388608,0,0,0,0,0,0,0,0,0,1048576,128,0,0]-[2097152,32,0,0,262208]
[0,524288,67108864,0,0,0,0,16,0,0,0,0,65536,0,0,0]-[0,0,2097152,64,2099200]
[0,0,0,0,0,0,0,0,136314880,0,0,0,0,0,0,0]-[6,36864,17301504,75506688,0]
[0,131072,0,0,0,0,0,0,0,0,0,0,0,0,0,32768]-[268435968,0,65536,0,512]
[0,0,0,0,0,256,0,0,0,0,0,0,0,0,16777216,0]-[0,131072,536871936,2,0]
[0,0,0,0,0,256,0,0,2048,0,4096,0,0,0,0,0]-[68157440,65536,4,0,0]
[0,0,0,0,0,0,4096,0,0,0,0,0,134217728,0,0,0]-[8,0,0,262144,266240]
[0,0,67112960,0,0,0,0,0,0,0,0,0,0,128,262144,0]-[0,0,2097152,128,2228224]
[0,0,0,131072,0,0,0,0,0,0,0,32,1048576,0,0,0]-[536870912,16896,0,2097152,32]
[0,0,0,512,1,0,0,0,67108864,0,0,0,0,0,0,0]-[0,32768,0,1073742848,524288]
[0,0,67108864,0,0,0,0,0,0,0,0,0,65536,128,0,0]-[0,0,2129920,576,2097156]
[0,128,67108864,0,0,0,0,0,1048576,0,0,0,0,0,0,262144]-[0,32,1073741824,0,384]
[0,0,0,0,0,0,8192,8,0,0,128,0,0,0,0,0]-[1073758210,0,0,2097152,0]
[128,1073741824,1024,0,0,0,0,0,1048576,0,0,0,0,0,0,0]-[131072,0,32768,129,0]
[0,0,67108864,0,0,0,8192,0,1048576,0,0,0,8388608,0,0,0]-[0,0,33554432,1536,256]
[128,0,0,0,0,0,0,0,0,0,4096,0,262144,0,0,0]-[264704,262144,0,16384,4096]
[0,0,0,8388608,0,0,0,0,0,0,1073741824,0,0,0,0,0]-[20,0,2147483664,0,0]
[0,0,0,0,67108864,0,0,16,16777216,0,0,0,0,0,0,0]-[2147483648,32,64,2147483648,12336]
[0,0,0,0,0,256,0,0,17825792,0,0,0,0,0,0,0]-[16,33555200,1082130496,2550140928,64]
[0,0,67108864,0,0,0,0,0,17825792,0,0,0,0,128,0,0]-[1,288,32,134222016,192]
[8192,128,0,0,0,0,0,0,0,0,0,0,0,0,262144,0]-[0,16777220,32768,16384,0]
[0,0,0,0,0,0,0,0,2048,0,0,0,0,2147483776,0,0]-[131072,64,0,6,0]
[0,0,0,16777216,0,0,0,0,0,0,0,0,0,268435456,0,0]-[2281702400,512,0,0,0]
[0,0,67108864,0,0,64,8192,0,0,0,0,0,0,128,0,0]-[1,131073,4,0,0]
[0,0,0,0,0,0,0,0,0,2048,4096,0,8,0,0,0]-[0,16777216,592,0,0]
[0,0,67108864,0,0,0,8192,0,0,0,0,0,256,0,0,0]-[0,16777216,0,96,1]
[0,0,67108864,0,0,0,0,0,0,0,4096,0,0,0,0,256]-[8912896,21234736,33554432,33554432,2097152]
[0,0,0,0,0,0,0,0,1048704,0,4096,0,0,0,0,0]-[0,4194304,80,0,128]
[0,0,0,0,0,8192,0,0,0,0,4097,0,0,0,0,0]-[0,0,64,327808,0]
[0,0,0,0,0,0,32768,0,0,0,0,0,0,136,0,0]-[24,2048,0,2,0]
[1048576,0,0,0,0,0,0,0,0,0,0,0,1048576,0,0,0]-[1048578,50344064,33820928,1094803780,8332]
[0,0,33554432,0,0,0,256,0,0,0,0,0,0,0,0,0]-[16384,0,272,1073741824,0]
[0,0,0,0,256,256,0,0,0,0,0,0,0,0,0,0]-[67109376,512,65536,2415919360,8192]
[0,0,0,0,0,0,0,16,0,0,0,0,0,16384,0,0]-[17039872,8,1048576,2,12288]
[0,16777216,67108864,0,0,0,0,0,0,0,0,0,0,0,0,0]-[210243589,541465172,2484204084,2199487045,213329]
[0,0,67108864,0,0,0,2048,0,0,0,131072,0,1048576,0,512,0]-[8388608,0,0,4194304,2097216]
[0,0,67108864,0,0,0,268435456,0,0,0,0,0,0,128,0,0]-[2,805371904,16384,4160,2097152]
[0,0,0,0,0,0,0,0,1048576,0,0,8388608,0,128,0,0]-[262144,1073741856,0,0,128]
[128,0,0,0,67108864,0,0,0,0,0,0,0,8388608,0,0,0]-[4472832,0,8388608,0,0]
[0,0,0,0,0,0,0,24,0,0,0,0,0,0,0,0]-[1900296723,158718784,3893923812,2989030619,3545721]
[0,0,0,0,0,0,0,16,0,0,128,0,0,0,0,0]-[4194304,1050632,2147782656,2214723616,4104]
[0,0,0,65536,0,0,0,0,1048576,0,0,0,536870912,0,0,0]-[0,0,2080,67108928,0]
[0,0,67108864,0,0,0,0,0,0,1073741824,65536,0,0,0,0,0]-[67108864,0,4096,258,0]
[0,0,0,0,0,0,0,16,0,0,0,0,0,128,67117056,0]-[0,0,2147614720,268435456,262144]
[0,0,0,0,0,0,8192,0,0,0,0,0,1048576,0,0,0]-[2996295495,395508395,2145663853,2657614716,3423099]
[0,0,67108864,0,2097152,0,0,16,0,0,0,0,0,0,0,0]-[0,32,4096,128,1048576]
[0,0,0,128,0,0,8192,0,1048576,0,0,0,0,0,0,0]-[0,128,0,288,1]
[0,2048,0,0,0,0,0,8,0,0,0,0,0,0,0,0]-[4096,150994944,0,2097152,0]
[0,0,0,0,0,0,0,0,1048576,0,0,32,262144,0,0,0]-[0,536870912,16777345,0,1024]
[2097152,0,0,0,0,8192,0,0,0,0,0,0,0,0,0,0]-[256,0,32768,25165824,0]
[0,0,0,0,0,33554432,0,0,16777216,0,0,0,0,128,0,0]-[0,256,2,64,524288]
[0,0,67108864,0,256,0,0,0,0,0,0,0,0,128,0,0]-[0,536870912,2147483648,20,0]
[0,0,67108864,0,67108864,0,0,16,0,0,0,0,1048576,0,0,0]-[0,72192,4096,4112,2097152]
[128,0,0,0,0,0,0,0,0,0,0,0,0,0,0,8]-[33554432,65536,132096,0,0]
[0,32768,0,0,0,0,0,0,0,0,0,0,0,128,0,0]-[33555096,545325313,671780,1074071744,4]
[1048576,33554432,0,0,0,0,0,0,0,0,0,0,0,0,0,0]-[262208,0,134742016,64,0]
[0,0,0,0,0,0,0,0,0,0,0,0,1048576,0,1,0]-[0,16777216,572522502,524288,788496]
[1073741824,0,0,0,131072,0,0,16,0,0,0,0,0,0,0,0]-[0,524288,2147483648,1,8192]
[0,0,0,0,0,0,0,0,0,256,4096,0,0,0,0,0]-[18944,32768,1073741952,335562752,2]
[0,256,0,0,0,0,0,0,0,0,4096,0,0,128,0,0]-[0,131072,128,67109376,0]
[0,0,0,0,0,256,32,0,1048576,0,0,0,0,128,0,0]-[262160,1048576,0,268435456,0]
[0,0,67108864,0,0,0,0,0,1048576,0,0,0,0,0,0,2048]-[0,344576,1073741824,1573408,655364]
[0,33554432,0,0,0,0,8192,0,0,0,0,0,0,0,0,0]-[603979776,1208221696,0,0,524312]
[0,2,0,0,0,0,0,16,0,0,0,0,0,0,0,0]-[17318912,2,2158231552,2147485696,16]
[0,0,67108864,0,0,0,0,0,0,67108864,0,0,0,128,0,0]-[0,64,0,134217728,2097216]
[0,0,0,0,0,0,0,0,1048576,0,0,0,0,128,0,256]-[32768,1048576,524288,2097152,0]
[0,0,67108864,256,0,0,0,0,0,0,0,0,0,0,33554432,0]-[0,4,0,4456512,0]
[0,0,1073741824,0,0,256,0,0,0,0,0,0,0,0,0,0]-[1057089,268438528,276955396,4352,401408]
[0,0,67108864,0,4,0,0,0,16777216,0,0,0,0,0,0,0]-[0,512,65536,16777217,0]
[0,0,67108864,0,0,0,0,0,0,16777216,0,0,0,128,0,0]-[35651660,3072,2150105088,4136,132]
[0,0,67108864,0,0,1073742080,0,0,0,0,0,0,0,0,0,0]-[0,32776,0,40960,0]
[0,0,0,0,0,256,0,0,0,16777216,0,0,0,0,0,0]-[848,65536,0,0,0]
[1048704,0,67108864,0,0,0,0,0,0,0,0,0,0,0,0,0]-[67108864,0,33554440,21037074,0]
[131072,0,0,0,0,256,0,0,1048576,0,0,0,0,128,0,0]-[0,0,1073741825,67108864,131072]
[0,0,0,0,0,256,0,0,0,0,0,8,0,0,0,0]-[2148926720,0,17043456,0,0]
[0,0,67108864,0,0,0,0,0,0,0,0,8,0,128,0,0]-[35651584,268435776,0,262672,32896]
[128,0,0,0,0,0,8,0,0,0,8192,0,0,0,0,0]-[0,256,131072,16384,524288]
[0,128,0,0,0,0,64,0,16777216,0,0,0,0,0,0,0]-[1048576,131136,0,1048576,0]
[0,0,0,0,1073741824,0,0,0,0,0,0,0,0,128,0,0]-[2097154,604045344,8781826,4,557088]
[0,0,0,0,1048576,0,64,0,0,0,4096,1048576,1048576,0,0,0]-[2359296,0,65552,0,0]
[0,128,0,0,0,0,0,0,0,0,0,0,2097152,0,0,0]-[512,512,4,294976,0]
[16777216,0,67108864,0,0,0,0,0,0,0,0,0,0,0,0,0]-[134217760,274745404,102815780,644,1065152]
[0,0,0,0,67108864,64,0,0,0,0,4096,0,0,0,0,0]-[16896,0,4224,0,0]
[0,0,2147483648,0,67108864,0,0,0,0,0,0,0,0,0,0,0]-[536870916,0,0,4,1]
[0,0,67108864,0,0,1048576,0,0,1048576,0,0,0,1048576,128,0,0]-[0,0,1073741824,194,0]
[4352,0,0,0,0,0,0,0,0,0,0,0,1048576,0,0,0]-[32769,0,134217728,2097152,0]
[0,0,0,0,0,0,0,0,0,0,8392704,0,0,0,0,0]-[285481216,67371028,134217728,4327424,0]
[1073741824,0,0,0,0,0,0,536870912,0,0,0,0,0,0,0,0]-[2684878848,138412032,0,8200,512]
[0,0,0,0,0,0,0,0,0,16384,0,0,1048576,0,0,0]-[143654912,67117056,169869328,536875264,434176]
[1073741824,0,0,0,0,0,0,0,0,0,0,128,0,0,0,0]-[0,0,1073741888,0,262208]
[0,0,67108864,0,0,0,0,0,0,0,4096,0,0,536871040,0,0]-[6,268435456,1048576,16,655364]
[0,0,0,0,33554432,0,0,0,33554432,0,4096,8388608,0,0,0,0]-[0,4194312,0,100663296,0]
[0,0,0,0,0,0,0,0,0,0,1024,0,0,0,16384,0]-[67190784,0,0,4,0]
[0,0,0,0,67108864,0,0,0,0,0,32768,0,0,0,0,0]-[256,16777216,32,0,4]
[0,0,0,0,0,0,0,131072,16386,0,0,0,0,0,0,0]-[512,16,131072,536870912,0]
[0,0,0,16384,0,0,0,8,0,0,4096,0,0,0,0,0]-[16384,32768,0,32768,8]
[0,8192,0,0,0,0,0,0,256,0,4096,0,0,0,0,0]-[268500992,0,0,268435584,0]
[0,0,67108864,1024,0,0,0,0,0,0,0,0,0,128,0,0]-[41943040,2096,1075912704,524424,0]
[0,0,0,0,0,16448,0,0,1048576,0,0,0,0,0,0,0]-[0,0,8388608,2684354624,0]
[0,0,0,0,0,0,0,536870912,0,0,0,131072,0,0,0,0]-[0,134250496,0,0,6144]
[0,0,67108864,0,0,64,0,65536,0,0,0,0,0,0,0,0]-[0,2147484416,4096,0,2]
[128,0,0,0,0,0,8388608,0,0,0,0,0,0,128,0,0]-[0,0,0,67371008,2359296]
[0,0,0,0,0,0,64,16,0,0,0,0,8,0,0,0]-[0,135266320,0,0,32]
[0,0,68157440,0,0,0,0,0,0,0,0,0,0,0,33554432,0]-[0,8,268435456,64,524288]
[0,0,0,0,0,0,0,8,0,0,4096,0,0,0,0,0]-[1359247878,189173024,1207980736,33851788,2427020]
[0,0,0,0,0,0,0,0,1048576,512,0,33554432,0,0,0,0]-[2113536,262656,0,0,0]
[0,0,0,0,0,0,262144,0,0,0,4096,0,0,0,0,0]-[4194304,262144,65536,81920,1049089]
[0,0,128,0,0,0,0,0,0,0,1073741824,0,0,0,0,0]-[134218752,0,0,16384,1]
[0,0,0,0,0,0,0,8,0,0,0,0,1048576,0,536870912,0]-[0,33554432,0,136314880,8]
[0,0,0,0,0,0,8192,0,0,0,0,16777216,0,0,0,0]-[605028352,128,335544320,67110960,1]
[0,0,67108864,0,0,0,64,0,536870912,0,0,0,0,536870912,0,0]-[32,294912,0,1024,0]
[0,256,0,0,0,0,0,16777216,0,0,0,0,0,128,0,0]-[8,2080,0,8388608,0]
[0,0,0,0,0,0,0,0,0,0,67108864,0,0,0,0,1024]-[20,0,0,2147745792,0]
[0,0,0,0,0,0,33554432,0,0,0,0,0,0,0,0,256]-[16386,0,2048,1048576,0]
[0,0,67108864,0,0,0,0,16777216,0,0,0,0,0,0,0,256]-[0,0,524544,2097152,65536]
[0,0,67108864,0,0,64,67108864,0,0,0,0,0,0,0,0,0]-[0,2147489792,0,8192,0]
[0,128,0,0,0,0,0,0,0,0,4096,8192,0,0,0,0]-[0,1,1082130496,0,0]
[0,0,0,0,0,0,0,0,0,0,0,32,2,128,0,0]-[2097152,0,16386,2048,0]
[0,0,0,0,0,0,32769,0,0,0,0,0,0,0,0,0]-[0,524288,24576,16777216,0]
[0,0,0,0,0,0,0,0,16777216,4194304,0,0,0,0,0,0]-[4194304,0,0,4096,264]
[536870912,0,67108864,0,0,0,0,16,0,0,4096,0,0,0,0,0]-[0,16,4608,33554432,0]
[128,0,67108864,0,0,0,0,0,0,0,0,4194304,0,0,0,0]-[4194304,2048,0,48,0]
[0,0,0,0,2,0,64,16,0,1024,0,0,1048576,0,0,0]-[0,512,0,4096,16416]
[0,0,0,0,0,0,0,0,0,0,4096,2147483648,1048576,128,0,0]-[0,268437504,262144,134217728,0]
[0,0,67108864,0,0,0,0,0,0,4096,0,0,0,0,0,0]-[2284328972,2151731248,1177092100,2282791462,622661]
[0,0,0,0,0,0,0,32,4194304,0,4096,0,0,128,0,0]-[0,256,0,67108992,32768]
[0,0,0,0,0,0,8192,0,16777216,0,0,0,0,0,0,131072]-[2147483648,1,0,32,32]
[0,0,0,0,65536,64,0,16,1048576,0,0,0,0,0,0,0]-[16400,16,0,1,0]
[0,0,67108864,0,0,0,0,0,0,4194304,0,0,1048576,0,0,0]-[16777216,0,2097152,0,2113536]
[128,0,67108864,0,0,0,0,0,1090519040,0,0,0,0,0,0,0]-[8388608,4097,0,262144,0]
[0,0,0,524288,0,0,0,0,0,0,0,0,0,0,67108864,0]-[16785408,69632,256,2097280,512]
[4194304,0,0,0,0,0,0,0,0,0,0,0,0,134217728,0,0]-[0,8388608,272,268435456,0]
[0,0,67108864,0,0,0,0,0,0,4,0,32,0,0,0,0]-[134217728,2147483648,0,2147491840,0]
[0,0,0,0,0,0,64,0,0,0,0,0,0,0,8388608,0]-[8208,268435456,32768,0,0]
[0,0,0,0,0,0,0,16,0,0,0,0,1310720,0,0,0]-[4194304,68163652,1075838980,572530944,8192]
[0,0,0,0,0,0,0,536870912,0,0,0,0,134217728,0,0,0]-[0,4096,524288,64,262144]
[0,8388608,0,0,0,0,0,0,0,0,131072,0,0,0,0,0]-[1024,0,33554436,32768,0]
[0,0,67108864,0,0,0,0,0,0,0,0,4096,8,0,0,0]-[68,0,0,384,0]
[0,524288,67108864,0,0,0,0,0,0,0,0,0,0,128,0,0]-[0,16777472,8192,2097152,0]
[16,0,75497472,0,0,0,0,0,0,0,0,0,0,128,4194304,0]-[33554432,3072,0,2097152,0]
[0,0,67108864,0,0,0,0,256,1048576,0,0,0,0,536871040,0,0]-[0,0,16,1048577,256]
[32768,0,0,0,0,0,8192,0,1048576,0,0,0,0,0,0,0]-[0,256,262144,64,1]
[0,0,0,0,0,0,0,134217728,0,0,4096,0,0,0,0,0]-[268442113,2147491872,167854208,369295360,65664]
[0,0,0,268435456,0,0,0,0,0,0,4096,0,0,536870912,0,0]-[1073741824,1024,33554432,1024,0]
[0,16384,0,0,0,0,0,0,1048576,0,0,0,0,16809984,0,0]-[128,0,16785408,0,4]
[0,2147483648,67108864,67108864,0,0,0,0,1048576,0,0,0,0,0,0,0]-[33619968,0,16,0,4]
[128,0,0,67108864,0,0,0,2,0,0,0,0,0,0,0,0]-[131072,1024,33554432,1073741824,0]
[128,0,0,0,0,0,0,0,1048576,0,0,256,262144,128,0,0]-[16384,0,536870912,32,131072]
[0,0,0,0,0,0,0,0,0,262144,0,0,0,0,4,0]-[16777216,0,640,134217728,0]
[128,0,0,0,2,0,0,0,0,0,0,0,0,128,0,0]-[512,0,0,1073741842,0]
[0,0,67108864,545259520,0,0,0,0,0,0,0,0,0,0,0,0]-[4,0,2147483648,1048576,64]
[0,0,67108864,134217728,0,0,0,0,0,0,0,32,0,0,536870912,0]-[134217728,0,33554464,33554432,0]
[8388608,0,0,0,0,0,0,0,1048576,0,0,0,0,0,0,64]-[16384,128,1090519040,0,0]
[0,0,0,0,0,0,0,0,0,0,4096,0,0,1152,0,0]-[262657,0,0,0,32768]
[0,0,0,0,8192,0,0,0,4194304,0,0,0,0,0,0,0]-[0,545259520,67108864,268435456,0]
[4194304,0,67108864,0,0,0,0,16,0,0,0,0,0,0,0,0]-[64,8,256,134217728,2048]
[0,0,67108864,0,536870912,0,0,0,1048576,0,0,0,0,0,0,0]-[0,536871424,0,2097152,256]
[0,0,0,0,0,0,0,1073741824,0,0,0,0,16777216,0,0,0]-[33554432,65536,0,2048,2]
[0,0,0,0,0,0,0,0,135266304,0,4096,0,0,0,0,0]-[346112,536870928,1115684865,272636160,0]
[0,0,0,512,1,0,0,0,0,0,0,0,0,0,0,0]-[546312272,2173231142,536949289,3903145088,589824]
[0,128,0,0,0,8192,0,32,1048576,0,0,134217728,0,0,0,0]-[256,0,64,0,384]
[0,0,0,0,0,2048,0,0,0,0,0,0,0,128,0,0]-[1562,268436480,545521665,2600,32832]
[0,0,67108864,0,0,32,0,536870912,0,0,4096,0,0,0,0,0]-[0,12,16384,33554432,0]
[0,0,67108864,0,0,0,0,0,0,0,0,0,0,128,0,32]-[68,0,8192,64,0]
[0,276824064,0,0,0,536870912,0,0,0,0,4096,0,1048576,0,0,0]-[0,32768,33554433,4096,0]
[0,16,0,0,0,0,0,0,0,0,4096,0,0,0,0,0]-[3229626368,132192,2147483648,69206016,0]
[0,0,67108864,0,0,0,0,0,0,0,8392704,4096,0,0,0,0]-[64,0,0,33152,0]
[128,0,67108864,0,0,0,0,16,0,0,0,0,0,128,0,0]-[0,67584,0,160,0]
[0,0,0,0,0,0,8192,0,0,134217728,0,0,2048,0,0,0]-[2147491840,128,0,0,2048]
[0,0,0,0,0,64,8192,0,0,0,0,2048,0,0,0,0]-[32768,512,8388608,0,2]
[0,0,0,0,0,524288,0,256,134217728,0,0,0,0,128,0,0]-[268435456,536871168,2097152,0,0]
[0,0,0,0,0,0,0,0,0,0,20480,0,0,0,0,0]-[2048,67108944,16896,2048,32]
[128,128,67108864,0,0,0,0,0,0,2147483648,4096,0,0,0,0,0]-[8388608,131105,0,0,0]
[0,0,0,0,0,256,0,0,0,0,0,0,0,0,0,32]-[0,8390272,1342177281,268435456,4097]
[0,0,67108864,0,0,8192,0,0,0,0,4096,0,0,0,33554432,0]-[2097152,2147483648,0,32768,128]
[0,0,67108864,0,0,0,0,0,1048576,0,8192,0,0,536870912,0,0]-[0,272,0,0,524292]
[0,0,0,0,67108864,0,0,8388608,0,0,0,0,0,0,0,0]-[1140858880,1073745920,2,4096,8]
[0,0,8388608,0,0,0,0,0,0,0,0,0,269484032,0,0,0]-[16777216,2,1,8,0]
[0,0,0,0,0,0,0,0,1048576,0,0,1073741824,0,0,0,0]-[2181185536,8405008,1098907744,1612749042,1048592]
[128,0,0,0,0,256,0,16,0,0,0,0,0,0,0,0]-[0,0,1024,163842,0]
[0,0,0,0,0,256,64,0,0,0,0,0,0,128,0,0]-[2098176,335544384,2097152,536870976,131200]
[0,0,67108864,0,33554432,0,0,0,1048576,0,0,0,0,0,0,0]-[0,0,4718592,32,320]
[0,0,0,0,0,2,0,0,1048576,0,0,0,1048576,0,0,0]-[32768,16384,262144,67109376,8192]
[0,0,0,0,0,0,0,0,0,0,0,0,0,67108992,0,0]-[512,0,1572992,0,0]
[0,0,67108864,0,0,0,0,16,1048576,0,4096,0,0,0,0,0]-[16844801,541327392,16,37782912,128]
[0,0,0,0,0,256,0,16,0,0,0,0,1048576,0,262144,0]-[0,0,2097152,2147483648,12288]
[0,0,0,0,67108864,0,0,0,1048576,64,0,0,1048576,128,0,0]-[278528,8388608,0,4096,0]
[2097152,0,0,0,0,0,0,0,16777216,0,0,0,1048576,0,0,0]-[0,0,34,65,0]
[0,0,0,0,67108864,0,0,0,1048576,0,16777216,0,0,0,0,0]-[16640,0,2048,536870912,0]
[0,0,0,0,0,0,0,0,0,256,0,0,0,128,32,0]-[131072,0,8388608,0,32772]
[0,0,0,0,0,0,0,0,0,0,1073741824,0,1048576,0,0,0]-[43272192,41943684,33835544,2231533573,17024]
[0,0,0,524288,0,0,0,0,0,0,0,0,1048576,0,0,0]-[17039360,65672,406853636,2097152,0]
[0,0,0,0,0,64,16384,0,1048576,0,0,0,0,0,0,0]-[16,400,0,0,0]
[0,256,0,0,0,0,8192,0,0,0,0,0,1048576,0,0,0]-[0,0,83886084,0,2048]
[268435456,0,0,0,0,0,0,0,1048576,1073741824,0,0,0,128,8,0]-[0,32,0,603979776,1024]
[0,0,67108864,0,0,0,0,0,0,0,4096,536870912,1048576,0,0,0]-[0,67108896,0,4194304,128]
[0,0,67108864,4,0,256,0,0,0,0,0,0,0,0,0,0]-[0,256,4,2147483652,0]
[0,0,0,33554432,0,0,64,0,0,0,4096,0,0,128,0,0]-[2359297,131072,0,0,0]
[0,0,0,0,0,536870912,0,0,0,2147483648,0,0,0,0,0,0]-[65600,0,0,1073872896,0]
[134217728,0,67108864,0,0,0,0,0,0,0,4096,0,0,536870912,0,0]-[0,272,0,0,2097280]
[128,0,0,0,0,0,0,0,1081344,0,0,0,0,0,0,0]-[262144,0,33554432,1048576,256]
[0,131072,0,0,0,0,0,0,0,262144,0,0,1048576,0,0,0]-[1,67108864,134217728,0,8192]
[0,0,67108864,16777216,0,0,0,0,0,0,0,0,262144,0,0,0]-[167772160,0,0,32772,0]
[0,0,0,0,0,0,0,0,1048576,0,0,0,0,384,0,0]-[16384,0,524288,1073742336,1048576]
[0,0,67108864,0,0,0,0,16,0,0,0,0,0,0,1107296256,0]-[0,268505088,2048,0,0]
[2147483648,0,67108864,0,0,0,8192,0,0,0,0,0,0,0,0,0]-[67108864,1,268435460,0,0]
[0,0,0,0,16,0,0,0,0,0,0,0,0,0,536870912,0]-[134217728,8404993,0,0,0]
[0,0,0,0,0,0,0,0,16777216,0,4096,0,0,128,0,0]-[16641,16777504,16512,302125448,128]
[0,0,67108864,0,0,0,0,0,0,0,0,0,4194304,536870912,0,0]-[70,0,512,0,0]
[0,0,0,0,0,0,0,0,0,0,0,0,4096,128,0,0]-[1344275983,2148534544,3758227461,1436811334,132]
[0,0,4096,0,0,0,0,0,134217728,0,0,0,0,0,0,0]-[268435456,256,1073741824,16777216,0]
[0,0,0,0,0,0,0,0,1048576,2097664,0,33554432,0,0,0,0]-[16384,8651264,0,0,0]
[128,0,0,0,64,0,0,0,0,0,0,0,1048576,0,0,0]-[0,2,0,0,1081352]
[0,0,67108864,0,0,320,0,0,16777216,0,0,0,0,0,0,0]-[1,0,256,16777216,524288]
[0,0,67108864,0,0,0,0,8,0,0,4096,256,0,0,0,0]-[0,16777216,4096,294912,0]
[0,0,0,0,0,0,0,0,0,262144,0,0,1024,128,0,0]-[268435588,262144,0,0,0]
[128,0,0,0,0,32768,0,0,0,0,0,0,1048576,0,0,0]-[4194304,0,536870912,33,0]
[32,0,0,0,0,0,0,0,0,0,4096,0,0,0,0,0]-[0,536870912,0,16644,0]
[0,0,67108864,0,0,0,0,0,0,0,4096,0,1048576,128,0,0]-[18874437,2499815457,269484548,134288174,2311302]
[0,0,0,0,0,0,0,0,0,0,0,0,0,536871040,4,0]-[2,0,128,16,524288]
[0,0,0,0,0,256,0,0,0,0,4096,0,1048576,0,0,0]-[2552579905,117482536,1484853335,67852580,151680]
[0,0,0,0,0,64,0,0,0,0,0,0,0,134217728,0,0]-[65536,2176,128,0,0]
[0,0,0,0,0,0,0,16777216,135266304,0,0,0,0,0,0,0]-[0,1048576,536870920,4096,0]
[0,0,0,0,0,8256,0,0,0,0,0,0,0,0,0,0]-[2978040450,3225982994,25730105,8921153,11431]
[0,0,67108864,0,0,0,0,268435472,0,0,0,0,0,0,0,0]-[67112960,16384,32,0,0]
[128,0,0,4194304,0,0,0,0,0,0,0,0,4194304,0,0,0]-[0,0,1024,136,32]
[0,0,0,2048,0,0,0,0,0,0,0,0,0,128,0,0]-[144,545259808,1048580,75501696,64]
[0,0,0,0,0,64,0,0,0,4,0,0,0,0,0,0]-[2147491842,0,128,0,0]
[0,0,0,0,0,0,0,0,1048576,8192,0,0,0,0,0,0]-[67712,578830336,1627654160,101722128,1056769]
[0,0,0,0,0,0,0,0,0,0,0,0,1048576,256,0,0]-[134217984,3221356544,142618632,10485824,768]
[0,0,0,0,2,64,0,0,0,0,0,0,0,0,0,0]-[0,2,32768,0,40960]
[0,0,0,0,0,8388864,0,16,1048576,0,0,0,1048576,128,0,0]-[0,9437184,0,67112960,0]
[0,0,0,0,0,0,0,0,0,0,4096,0,1048576,0,0,2048]-[0,33554440,0,100663296,0]
[128,0,0,0,0,256,0,0,0,1,0,0,0,0,0,0]-[0,0,8,16513,0]
[0,0,67174400,0,0,0,0,0,1048576,0,0,0,0,0,0,0]-[16777217,65536,33556512,134747200,0]
[0,32768,0,0,0,0,0,8,0,0,0,0,0,0,0,0]-[268435456,128,2048,128,0]
[128,0,0,0,0,0,0,0,0,0,0,2,0,0,0,0]-[4210688,4096,524288,67108880,1048580]
[0,0,0,0,0,0,0,0,0,0,0,0,33554432,128,0,0]-[262160,268435456,0,2,262144]
[0,268435456,0,0,0,0,0,0,1048576,0,0,0,0,0,0,0]-[2148008336,8388624,558213128,268995089,262146]
[0,0,67108864,0,0,128,0,0,0,0,0,0,0,0,0,0]-[90177632,67185225,6341376,50594276,3328275]
[0,0,0,0,0,0,0,0,64,0,0,0,0,2147483648,0,0]-[67125248,1048576,4096,0,0]
[0,0,0,0,0,4096,0,0,536870912,0,0,0,0,0,0,0]-[256,16384,256,524288,0]
[0,0,0,0,0,0,0,0,0,0,0,0,1048576,2147483776,0,0]-[269615234,0,0,2097156,0]
[0,0,0,0,0,0,0,0,4194304,0,0,32,262144,128,0,0]-[1536,262144,0,128,0]
[0,0,0,0,0,0,0,16,0,16777216,4096,0,0,0,0,0]-[0,32,512,0,16416]
[0,0,67108864,0,0,0,0,0,17825792,0,67108864,0,0,0,0,0]-[0,0,0,35652128,0]
[0,0,67108864,0,0,64,0,16,0,0,0,0,0,0,0,0]-[2172747840,541071888,531488,2148008003,131200]
[0,0,67108864,16,0,0,0,0,0,0,0,0,1048576,0,0,0]-[25202690,67127300,4198400,139526916,1049600]
[0,0,0,0,0,1,0,0,0,0,0,0,262144,0,0,0]-[0,536875008,2,0,524288]
[2147483648,0,0,0,0,0,0,0,134217728,0,0,0,0,0,0,32]-[0,545259520,16,0,16384]
[0,0,0,0,0,0,64,0,0,0,0,0,0,0,0,65536]-[262144,8,0,4194304,2048]
[0,0,0,0,0,0,0,256,0,0,0,1,0,0,0,0]-[0,538968192,536870912,0,0]
[0,0,0,0,64,256,0,0,0,0,0,0,1048576,0,0,0]-[0,65536,2162688,67108864,0]
[0,0,67108864,0,0,0,2147483648,0,0,0,0,0,262144,128,0,0]-[65,0,2147483648,512,0]
[0,0,262144,0,0,0,0,0,16777216,0,4096,0,0,0,0,0]-[64,4194304,1082130432,0,0]
[0,0,0,0,0,0,0,0,0,65536,0,32,0,0,0,0]-[0,2147484800,36866,1073741824,2097152]
[0,0,0,0,0,0,0,0,1048576,0,32,0,262144,0,0,0]-[0,0,536871040,4194304,8192]
[0,0,0,33554432,0,0,0,0,0,0,0,1048576,0,0,0,0]-[32,0,0,134221824,8]
[0,0,0,0,0,0,0,0,0,0,0,131072,0,0,4,0]-[0,8,1048576,1073741824,524288]
[0,0,67108864,0,0,0,16777216,0,0,0,0,0,1048576,0,0,0]-[0,0,2101248,1048576,32770]
[0,0,67108864,0,0,0,8192,0,0,0,0,0,0,4224,0,0]-[64,64,2147483648,0,131072]
[0,0,67108864,0,0,256,0,0,0,16785408,0,0,0,0,0,0]-[524296,0,0,8,128]
[0,0,16777216,0,0,0,0,0,0,0,0,0,262144,0,0,0]-[270532608,536909827,34635906,66848,1057794]
[0,0,0,0,0,512,0,0,1048576,0,0,0,0,0,0,0]-[256,33554432,262208,1342177282,4]
[0,0,65536,0,0,0,0,0,1048578,0,0,0,0,0,0,0]-[128,541130880,33554432,16,0]
[1048576,0,67108864,0,0,64,0,0,135266304,0,0,0,0,0,0,0]-[32768,0,524288,8256,0]
[0,131072,67108864,0,0,0,0,0,0,0,0,0,0,0,0,0]-[2148014089,2233472553,3496022792,134852725,3146119]
[0,0,0,0,0,0,0,0,1048576,0,0,67108864,0,128,0,0]-[0,0,0,536870960,128]
[0,0,67108864,0,0,0,0,0,0,0,4096,0,0,0,1048576,0]-[0,33554440,4608,0,0]
[0,0,0,0,0,0,64,0,0,0,0,0,0,0,64,0]-[0,2099200,0,33554432,512]
[0,0,0,0,0,0,134217728,0,1048576,0,0,0,0,128,0,2048]-[144,0,0,4608,0]
[8,0,67108864,0,0,0,0,0,0,0,0,0,0,0,0,262144]-[0,268443649,0,524288,0]
[0,0,0,0,0,0,0,0,0,0,2,0,0,0,524288,0]-[513,0,262208,0,0]
[0,0,0,0,0,0,0,0,0,4194304,0,262144,0,0,0,0]-[16,513,524288,0,0]
[0,0,0,0,67108864,0,0,0,0,0,0,0,131072,0,0,0]-[134218240,268468224,16787456,0,2097152]
[0,0,0,0,0,0,0,16,0,0,33554432,0,1048576,0,0,0]-[0,512,0,4096,270336]
[0,0,0,32,0,0,0,0,0,0,4096,0,1048576,0,0,0]-[262144,67108872,4096,100663808,2195464]
[0,16384,67108864,0,0,0,0,0,0,0,0,0,0,0,0,0]-[2181566561,536916517,268444704,4755713,524356]
[0,0,67108864,0,0,0,64,0,134217728,0,0,0,0,0,0,0]-[2050,69704,8192,1024,0]
[0,0,0,0,0,0,2147483648,0,0,0,0,0,2048,0,0,0]-[536887296,16785412,0,17047552,0]
[0,0,67109120,0,0,0,0,0,0,0,0,0,1048576,0,0,0]-[0,8208,0,66,0]
[0,0,0,0,0,0,0,8,1048576,0,0,0,0,16,0,0]-[0,128,136,16,0]
[0,0,0,0,0,1,0,0,0,0,0,0,0,2097152,0,0]-[0,50331648,0,0,12]
[0,0,0,0,0,0,0,0,0,0,4096,0,0,32768,0,0]-[8192,268437504,0,0,262144]
[0,0,0,0,0,0,0,0,0,0,4096,0,1048832,0,0,0]-[2304,2147483648,1073741840,67305992,4130]
[0,0,0,262144,0,8192,0,0,0,0,0,0,1048576,0,0,0]-[0,0,67108896,2048,4]
[262144,0,0,0,0,0,0,0,0,0,0,16384,0,0,0,0]-[528,0,1048576,0,512]
[0,0,0,0,0,4194304,0,0,0,0,2097152,0,0,0,0,0]-[134217728,8388608,0,163840,0]
[0,0,0,2048,16777216,0,0,0,0,0,0,0,0,0,0,0]-[671088640,2048,2048,0,64]
[4,0,0,0,0,0,0,0,1048576,0,0,0,8,0,0,0]-[0,0,33562625,1,0]
[0,0,67108864,0,0,1024,0,0,1048576,0,0,262144,0,0,0,0]-[0,256,0,0,145]
[0,0,0,0,0,8192,0,0,65536,0,0,0,0,0,0,0]-[8388640,545259520,0,0,0]
[0,0,0,0,0,0,16777216,0,0,0,0,0,16,0,0,0]-[0,0,16777216,0,32898]
[67108864,0,0,65536,0,0,268435456,0,0,0,0,0,0,0,0,0]-[136,0,4096,16384,0]
[0,0,0,128,0,0,0,0,0,0,0,0,1048576,0,0,0]-[293732416,51723,4096,2334261256,360456]
[0,0,0,0,0,64,0,1073741824,1048576,0,0,0,0,0,0,0]-[0,1048576,526336,8192,0]
[8,0,0,0,0,0,0,8192,0,0,0,0,0,0,0,0]-[0,16384,16777216,8519680,0]
[0,0,0,0,0,0,0,16,1048576,0,8192,0,0,0,0,0]-[16777216,0,16,541065216,0]
[256,0,0,0,0,0,0,0,0,0,0,1,0,0,0,0]-[8,128,536870912,0,32768]
[0,0,0,0,0,0,0,0,0,0,0,0,0,32896,0,0]-[262148,68157440,0,2101280,2097152]
[128,0,0,0,0,0,0,0,0,0,0,0,0,1048576,0,0]-[67125248,0,8389632,131114,0]
[128,0,67109888,0,0,0,0,0,0,0,0,0,0,0,0,0]-[0,2048,8,1048608,0]
[0,0,67108864,0,2048,0,0,0,0,134217728,0,0,0,0,0,0]-[32,268435456,0,8224,0]
[128,0,0,0,0,0,0,0,0,0,0,0,65536,0,0,0]-[279040,3328,0,1074896896,68]
[0,0,1024,65536,0,0,0,0,0,0,0,0,0,0,16,0]-[1342177280,0,2097152,67108864,0]
[0,128,0,0,0,0,0,0,4,0,0,0,1048576,0,0,0]-[130,512,0,4096,0]
[0,0,0,0,0,0,0,0,0,0,0,0,0,536870912,0,16384]-[1048576,4,0,256,4]
[0,16384,67108864,0,0,0,0,0,32,0,0,0,0,0,0,0]-[0,32,268435456,128,524288]
[0,0,0,0,67108864,0,64,0,0,0,0,0,0,0,67108864,0]-[0,4,65536,537919488,0]
[0,0,0,0,0,0,0,8,1048576,0,0,0,0,536871040,0,0]-[16388,256,0,0,192]
[0,0,0,8,0,0,0,0,1048576,0,0,0,0,0,0,0]-[17105028,537919520,536913928,100704320,0]
[0,0,67108864,16,0,0,0,8,0,0,0,0,1310720,0,0,0]-[16809986,0,4096,0,0]
[0,0,67108864,0,0,512,0,0,0,0,0,0,0,0,0,2]-[4194304,16384,0,16,1024]
[0,0,0,0,128,0,0,0,0,0,0,0,256,0,0,0]-[258,65536,0,32768,0]
[2048,0,0,0,0,0,0,16,1048576,0,0,0,0,0,0,0]-[16,1048592,32768,67108864,144]
[0,0,67108864,0,0,0,32768,0,0,0,4096,0,0,0,0,0]-[8388608,4,16384,256,0]
[0,0,0,0,16777216,0,0,0,1048576,0,0,0,1048576,128,0,0]-[0,0,1073741824,268435458,131072]
[0,0,67108864,0,0,0,0,0,524288,0,0,0,0,0,0,0]-[2789212481,2315406888,1077418752,3146864,819220]
[0,0,0,0,0,0,0,0,0,0,0,0,0,128,0,1024]-[34734080,64,1073872896,0,1028]
[0,32,0,0,0,0,0,0,1074790400,0,0,0,0,128,0,0]-[0,1610612992,0,2097152,0]
[8320,0,0,0,0,0,0,0,0,0,0,0,0,128,0,0]-[0,0,0,268435544,0]
[128,0,67108864,0,0,0,0,0,1056768,0,0,0,0,0,0,0]-[0,0,33554432,33554496,524288]
[128,0,0,0,0,0,0,0,17825792,0,0,0,0,0,0,0]-[16793856,1073742080,541065217,2418051395,524544]
[0,0,0,0,0,0,0,0,0,0,0,0,1048584,0,0,0]-[4074984323,113414183,1675700811,1566244889,3229135]
[0,0,67108864,268435456,0,1048576,0,0,0,0,0,0,0,0,0,0]-[8,0,67108880,0,131072]
[33554432,0,67108864,0,0,0,0,0,0,0,0,0,0,536870912,0,0]-[2052,0,1024,0,4]
[0,0,0,0,0,0,0,16,0,0,0,0,4194304,0,0,0]-[553648134,8912896,2183266321,33554498,8192]
[256,0,67108864,0,0,0,0,0,0,0,4096,0,0,0,0,0]-[2097152,67108944,1342193664,66560,81922]
[0,0,0,0,0,8192,0,0,0,0,4096,524288,0,0,0,0]-[65536,0,8388608,65536,128]
[0,0,67108864,0,0,0,0,16,0,0,0,0,0,0,8,0]-[2148007936,0,256,0,2097152]
[262144,0,0,0,0,0,0,0,0,0,0,0,0,0,0,32768]-[0,128,67117056,268435456,0]
[0,2097152,0,0,0,0,8192,0,0,0,0,0,0,0,0,0]-[0,0,0,67584,17]
[0,0,0,0,268435456,0,0,0,134217728,0,0,0,0,0,0,0]-[1179648,16,0,2048,0]
[0,0,0,0,0,0,64,0,0,64,0,0,0,0,0,0]-[12582912,0,524288,2684502272,0]
[0,0,67108864,1,0,0,0,0,0,2097152,0,0,0,0,0,0]-[0,0,1048576,1048576,2176]
[64,0,0,0,0,0,0,16,0,0,0,0,1048576,128,0,0]-[0,8388608,0,67108880,262144]
[0,0,0,0,0,0,0,8,0,256,0,0,0,128,0,4096]-[16386,0,1073741824,4,0]
[0,0,0,0,0,0,0,0,0,4096,512,0,0,128,0,0]-[512,0,2147483648,2052,0]
[0,0,67108864,0,0,64,0,0,0,0,0,1024,0,0,0,0]-[64,4096,0,64,2]
[536870912,0,67108864,0,0,256,0,0,0,0,0,0,0,0,0,0]-[4,16,33554432,0,65536]
[128,0,0,0,0,0,268435456,0,0,0,0,0,0,0,0,0]-[96,2097154,524288,3221356576,0]
[0,0,0,0,0,0,8192,0,16777216,0,0,0,1048576,0,0,0]-[0,40962,2097696,268437600,262160]
[0,0,0,0,0,2048,0,8,0,0,0,0,0,0,0,0]-[16,1024,16,16448,0]
[0,0,0,0,0,0,0,0,0,0,0,0,1048576,0,33554432,4]-[2816,0,4,0,0]
[0,0,0,0,0,256,0,0,0,0,0,0,0,1024,4194304,0]-[67108864,0,134283264,0,64]
[0,0,0,0,0,0,32768,0,1048576,0,0,0,0,128,0,0]-[128,0,536903680,0,139268]
[0,0,0,0,0,0,0,0,16777216,0,0,0,8,0,0,0]-[71303296,41472,2147681410,33587209,540810]
[1024,0,4096,0,0,0,0,0,0,0,0,0,0,0,0,0]-[0,1310728,1048576,0,0]
[0,0,256,0,0,8192,0,0,0,0,0,0,0,0,0,0]-[0,0,18,32,16]
[0,0,4096,0,0,0,0,0,135266304,0,0,0,0,128,0,0]-[0,8388864,1073741824,0,128]
[0,0,0,0,0,0,8192,0,0,0,4096,0,0,0,33554432,0]-[1048576,536870912,419430404,0,2056]
[0,0,0,0,0,2,0,0,0,0,0,0,0,32,0,0]-[0,537919488,4224,0,0]
[0,0,0,0,0,0,0,0,262144,0,0,0,0,128,262144,0]-[0,536870912,8226,0,0]
[0,0,0,0,0,0,0,0,0,0,0,0,1048576,128,4,0]-[0,0,9437184,1073741824,524288]
[0,0,0,128,0,0,0,0,0,0,0,16777216,0,0,0,0]-[520,16384,0,0,65536]
[0,0,0,0,0,0,0,0,0,2147483648,4096,0,0,0,0,0]-[8404992,131073,0,335577088,16384]
[0,0,67108864,0,0,0,1024,0,0,0,0,0,1048584,0,0,0]-[0,32772,8192,16,0]
[0,0,67108864,0,8388608,0,0,0,0,0,4096,0,0,0,0,0]-[0,9,0,33554560,0]
[0,0,0,0,67108864,0,64,0,0,0,0,0,1048576,0,0,0]-[278528,67108864,69632,1048576,0]
[0,0,67108864,0,0,0,24576,0,0,0,0,0,0,0,0,0]-[1,131072,268435456,64,0]
[0,0,67108864,0,0,0,0,1073741824,0,268435456,0,0,0,0,0,0]-[36,0,0,16,64]
[0,0,67108864,0,0,0,0,0,0,0,0,0,1310720,536870912,0,0]-[0,16795652,0,65792,1026]
[0,0,1024,0,0,0,0,16384,0,0,4096,0,1048576,0,0,0]-[268435456,0,4096,67174400,0]
[128,0,0,0,0,0,0,262144,1048576,0,0,0,0,0,0,0]-[0,0,536911880,0,0]
[2048,0,64,16,0,0,0,0,0,0,0,0,0,0,0,0]-[256,16384,4194304,65536,0]
[0,0,67109888,0,0,0,0,0,2,0,0,0,256,0,0,0]-[4096,0,0,129,64]
[0,0,67108864,0,0,0,0,0,0,0,0,32768,0,0,0,0]-[8949792,84164608,33554432,2315326018,67585]
[128,0,1073741824,0,0,0,0,0,0,0,0,0,0,0,0,0]-[4456448,268436480,8388608,16785408,528400]
[0,0,2,0,0,0,0,0,0,0,0,0,262144,0,0,0]-[268452096,0,32768,0,0]
[0,0,67108864,0,0,0,0,0,0,0,4096,0,0,128,0,131072]-[0,536871232,0,8,0]
[0,0,0,0,0,256,64,8,0,0,0,0,0,0,0,0]-[16384,131072,524288,32768,0]
[0,0,0,0,0,0,0,0,64,0,0,0,0,0,0,65536]-[0,34078720,0,2147483648,1]
[0,0,0,0,0,256,0,0,0,2,0,0,0,0,4,0]-[0,0,67108866,4194304,512]
[0,0,0,0,0,256,0,0,0,512,0,0,0,536870912,0,0]-[16384,0,1024,16,16384]
[0,0,0,0,0,0,0,0,0,0,0,524320,262144,0,0,0]-[536870976,0,0,1074790400,0]
[0,0,67108864,0,0,0,0,0,0,0,1073741824,0,0,8192,0,0]-[0,4,0,16777220,256]
[0,0,67108864,0,0,0,512,0,0,0,0,0,0,128,0,0]-[68,0,2147483652,262164,2097152]
[0,0,1073741824,0,0,0,0,0,0,0,16384,0,0,0,0,0]-[8448,0,8388608,536870912,0]
[0,0,0,0,0,0,134217728,0,8,0,0,0,0,0,0,0]-[256,0,536870912,2147483656,0]
[0,0,0,0,0,8192,0,0,0,0,0,0,0,16512,0,0]-[8,0,0,1082130560,0]
[0,0,67108864,0,0,64,0,0,0,0,4194304,0,0,0,0,0]-[0,8192,16,258,0]
[0,33554432,67108864,0,0,0,0,0,0,0,0,0,8,0,0,0]-[8,512,1073742864,0,273]
[0,0,0,0,67108864,0,0,0,1048576,2097152,0,0,0,0,0,0]-[0,0,25165825,512,0]
[0,0,0,0,4194304,64,0,0,1048576,0,0,0,0,0,0,0]-[0,256,8390656,0,1024]
[0,0,1024,0,0,8192,0,0,1048576,0,0,0,0,0,16,0]-[0,0,4194304,268435968,1]
[128,0,67108864,0,0,0,524288,0,0,0,0,0,0,128,0,0]-[33554496,262144,0,65536,524288]
[0,0,0,0,0,0,0,0,0,0,0,131072,128,0,67108864,0]-[67108864,0,262144,537919488,0]
[0,0,268435456,0,0,256,0,0,0,0,0,0,0,0,0,0]-[0,512,65600,67108864,0]
[128,0,0,0,0,0,0,0,0,0,0,8,0,0,0,0]-[0,147456,128,0,262144]
[0,0,0,0,0,0,2048,0,0,0,67108864,0,0,0,1024,0]-[2147614720,1024,0,16,0]
[0,0,0,0,0,256,512,0,0,0,0,0,0,0,0,0]-[0,0,536870912,553648256,16384]
[0,0,0,1,0,0,0,0,0,0,0,0,0,0,8192,0]-[16777344,0,1048576,1073741824,0]
[0,0,0,0,0,0,0,0,134217728,0,0,0,0,0,0,4]-[8,256,10,0,0]
[0,0,67108864,0,0,0,0,0,0,2048,4096,0,0,0,33554432,0]-[0,536870912,0,4456448,2]
[0,134217728,0,0,0,0,0,0,2048,0,0,0,0,0,0,0]-[0,536870912,0,134217984,8]
[2,0,0,0,65536,0,0,0,0,0,0,0,1048576,0,0,0]-[16386,67108864,0,16777216,0]
[0,8192,0,0,0,0,0,0,0,0,0,0,0,0,0,2]-[4,512,131072,0,524288]
[0,0,524288,0,0,0,0,0,512,0,0,0,0,0,0,0]-[1048576,536870912,4096,0,8192]
[0,65536,0,0,0,0,65536,0,0,0,0,0,0,0,0,0]-[536870912,16384,2,0,16384]
[0,0,67108864,0,0,16,0,64,0,0,0,16777216,0,0,0,0]-[0,2415919104,32,2147483648,0]
[0,0,0,4096,0,0,64,0,0,0,0,0,0,0,0,0]-[1073741824,0,147456,0,512]
[2097152,0,0,0,0,0,0,0,0,0,4096,0,0,128,0,0]-[1048576,0,2147483652,538968080,131076]
[0,0,67108864,0,0,0,0,0,0,0,8392704,0,1048576,0,0,0]-[8388672,0,0,65792,0]
[0,0,1140850688,0,0,0,0,0,0,0,0,0,1048576,0,0,0]-[18878468,81920,268437524,16777472,65536]
[0,0,67108864,0,0,0,0,0,0,0,4096,0,269484032,0,0,0]-[0,16777224,0,33554436,0]
[0,0,0,0,0,0,16,0,0,0,0,64,0,0,0,0]-[16,1073741888,0,0,4096]
[0,0,2097152,0,0,0,0,0,0,0,0,0,0,0,0,128]-[0,2147483776,67239936,0,0]
[128,0,67108864,65536,0,0,0,0,0,0,4096,0,0,0,0,0]-[75497472,2049,0,262144,2228480]
[0,0,0,0,0,0,0,8,16777216,0,4096,0,0,0,0,0]-[0,16777216,16384,0,136]
[268435456,0,67108864,0,0,0,0,0,1048576,1,0,0,0,0,8,0]-[2048,16,0,2105344,0]
[0,0,0,0,0,320,0,0,134217728,0,4096,0,0,128,0,0]-[268435968,256,8388608,0,0]
[0,0,67108864,0,0,0,0,4096,0,0,0,0,0,0,33554432,0]-[2621440,268435456,8448,4104,64]
[0,0,64,0,0,0,0,0,0,0,0,524288,67108864,0,0,0]-[65536,73730,0,0,0]
[0,0,67108864,0,0,32,0,0,0,0,0,0,0,536870912,0,0]-[6,2048,0,33554432,0]
[0,0,67108864,0,0,0,0,0,1048576,0,0,0,0,65664,0,0]-[1,327680,524320,0,1048576]
[0,0,67108864,0,0,0,0,0,1048576,0,0,0,264,0,0,0]-[1,0,0,524304,1024]
[0,0,0,0,0,0,0,0,1048576,0,0,0,262144,0,268435456,0]-[16,0,32768,71304192,525312]
[0,0,0,32768,0,0,0,0,0,0,4096,0,0,0,0,0]-[8388608,131072,1,262144,0]
[0,128,0,0,0,0,0,0,0,0,0,0,0,0,0,32768]-[134217728,1179778,80,0,270336]
[0,0,67108864,0,0,0,0,8,0,0,4096,0,1048576,0,0,0]-[16777216,16777216,0,33554436,0]
[32768,0,67108864,32,0,0,0,0,0,0,0,0,1048832,128,0,0]-[1,16777216,8192,512,0]
[128,0,8192,0,0,0,0,0,0,0,0,0,0,128,0,0]-[16448,0,0,128,131072]
[0,0,0,2048,0,0,262144,0,0,0,0,0,0,0,0,0]-[128,8388800,0,0,0]
[0,0,67108864,0,0,256,0,0,1048576,0,0,0,0,0,0,0]-[2150434845,386221048,1128819832,2306454001,1723857]
[0,0,0,2048,0,0,0,8,0,0,0,0,0,0,0,0]-[160,32,33554432,0,0]
[128,0,0,1024,0,0,0,0,0,0,0,0,0,0,0,0]-[0,0,536871936,2151677952,0]
[0,0,0,0,0,0,0,0,0,0,4096,0,1310728,0,0,0]-[268500992,64,41959425,0,2]
[0,0,67108864,0,0,0,64,0,262144,0,0,0,0,0,4096,0]-[2147483648,0,1140850688,256,0]
[0,0,0,0,0,0,0,0,0,16,4096,0,0,0,0,0]-[0,536870912,33554433,0,2097152]
[2048,0,0,0,0,0,0,0,0,0,0,16777216,0,128,0,0]-[0,8388608,8192,0,36]
[0,0,0,512,67108865,0,0,0,0,0,0,0,0,0,0,0]-[0,16384,66048,536870912,0]
[0,0,0,0,0,0,0,0,1048576,0,0,0,0,0,262144,0]-[65792,36,33554496,2685411328,663568]
[0,0,0,0,0,0,64,0,0,1024,0,0,1048576,0,0,0]-[0,0,8192,4096,16416]
[0,0,0,0,0,0,8192,16,0,0,0,32,1048576,0,33554432,0]-[0,0,16777216,96,2048]
[0,0,0,0,0,0,0,524288,134217728,0,0,0,0,128,0,0]-[268435456,2049,0,268435456,0]
[0,0,0,0,0,8192,0,0,0,0,0,0,0,134217728,0,0]-[218128902,3221225472,67109888,1083179008,12]
[0,0,0,0,0,524288,0,0,0,0,0,0,262144,0,0,0]-[2621472,2,8388864,536870912,128]
[8388608,1048576,0,0,0,0,0,0,0,0,0,0,0,0,0,0]-[524288,2099200,16777216,0,0]
[16,0,67108864,0,67108864,0,0,0,0,0,0,0,0,0,0,0]-[0,1,33554432,8193,0]
[0,0,0,0,0,0,262144,0,1048576,0,0,0,1048576,128,0,0]-[163841,0,0,16,0]
[0,268435456,67108864,0,32768,0,0,0,0,0,0,0,0,0,0,0]-[0,32768,512,4097,0]
[0,0,0,0,0,0,64,0,0,0,262144,0,0,0,0,0]-[0,0,0,537001984,2050]
[0,0,0,0,0,0,64,0,32768,0,0,1073741824,0,0,0,0]-[1073741824,8388608,0,67108880,0]
[0,0,0,0,0,0,0,262144,0,0,0,0,0,0,33554432,0]-[4,0,285212672,0,2]
[0,0,128,0,33554432,0,0,0,0,0,0,0,0,0,32768,0]-[8192,0,524288,603979776,0]
[0,0,0,0,0,0,0,0,0,512,0,0,0,0,1073741824,0]-[0,4096,2147483652,2048,0]
[128,0,131072,0,0,0,0,0,0,0,0,0,0,128,0,0]-[1048704,32,2,0,0]
[0,0,67108864,4194304,0,0,0,16,0,0,0,0,0,0,0,0]-[524288,0,256,32,1]
[0,0,0,0,0,0,0,0,0,0,0,0,1048704,0,0,0]-[545260096,2424307713,151003152,1581105,512]
[0,0,4,0,0,0,8192,0,0,0,0,0,0,0,0,0]-[1073881088,0,33554436,262144,262152]
[0,0,0,0,0,0,0,0,0,0,0,4,0,128,0,0]-[16793864,2097152,524320,256,0]
[2147483648,0,67108864,128,0,0,0,0,0,0,0,0,0,0,0,0]-[67108864,536870912,8192,0,16]
[0,0,0,0,0,64,0,8192,1048576,0,0,0,0,0,0,0]-[16,0,2048,536870912,128]
[0,0,0,0,0,8192,0,0,0,4,0,0,0,0,0,0]-[536870912,8192,32768,1073774592,0]
[0,0,0,512,1,0,0,0,16777216,0,0,0,0,0,0,0]-[0,2147483648,536870912,2147483648,524288]
[33554432,0,0,0,0,0,0,16,0,0,0,0,0,0,0,0]-[4194305,16777216,0,131072,0]
[0,0,0,0,0,0,2147483648,0,0,0,0,0,0,128,0,0]-[1064984,16777216,8388608,1074004114,270336]
[0,0,0,0,2,8192,0,0,0,0,0,0,0,0,0,0]-[536870912,2147483648,0,1073741840,0]
[0,0,67108864,1024,16384,0,0,0,0,0,0,0,0,0,0,0]-[0,0,4096,524308,0]
[0,8388608,67108864,0,0,0,0,0,0,0,0,0,0,0,33554432,0]-[32,8,4,0,524288]
[0,0,0,0,0,0,0,264,0,0,0,0,1048576,0,0,0]-[32768,0,134217728,2097152,8]
[0,0,0,0,0,0,0,0,0,16,0,0,0,0,0,1024]-[1073741824,0,34603024,0,0]
[0,0,2214592512,0,0,0,0,0,1048576,0,0,0,0,0,0,0]-[0,82448,0,134218752,1024]
[0,0,67108864,512,1,0,0,0,0,0,0,0,1048576,0,0,0]-[10489856,16417,69632,2149580816,65536]
[8388608,0,67108864,0,0,0,0,0,0,0,0,0,0,0,0,0]-[2242385928,589416744,1445025296,2167672882,3688528]
[0,0,0,0,0,0,0,0,134217728,8,32,0,0,0,0,0]-[2048,0,2,16793600,0]
[0,0,0,0,0,0,536870912,16,0,0,0,0,0,0,0,0]-[67375104,32,19922944,131072,0]
[128,0,0,0,0,0,0,0,0,0,0,0,0,0,0,32]-[262720,268435456,8192,4358144,0]
[0,0,0,0,67108864,2147483648,0,0,0,0,0,0,0,0,16,0]-[0,16,164,0,0]
[0,0,67108864,0,0,8192,0,16,0,0,0,0,0,0,0,0]-[266930188,2684368980,3716128,17633481,16512]
[0,32,0,0,0,0,0,0,0,0,0,0,0,128,0,0]-[33587200,67108864,2686582784,1610874912,262336]
[0,0,67108864,0,0,1024,0,0,0,0,0,0,0,128,0,0]-[0,50602020,69271588,17104897,131072]
[0,0,0,0,0,0,64,0,0,0,8388608,0,1073741824,0,0,0]-[32768,128,512,2097152,0]
[0,0,1024,0,0,8388608,0,0,0,0,0,0,0,0,0,0]-[268435456,2097152,8388608,67108864,0]
[0,0,0,67108864,0,0,0,0,1048576,0,0,0,0,0,0,0]-[4,1048612,16785409,536873009,128]
[128,0,0,0,0,0,4194304,0,1048576,8,0,0,1048576,0,0,0]-[0,0,536870912,32800,524288]
[0,0,0,0,0,0,0,0,0,0,0,0,0,128,32768,0]-[65536,0,0,33685504,512]
[0,0,0,2147483648,0,0,0,0,2,0,0,0,0,0,0,0]-[16809984,134217728,268435456,0,0]
[0,0,0,0,0,268435456,0,16,0,0,1073741824,0,0,0,0,0]-[0,16,2147484160,67108864,0]
[0,0,0,0,0,0,0,0,0,0,0,0,0,524416,0,0]-[270683144,2112,11403399,0,32768]
[0,0,67108864,0,0,0,64,0,0,0,0,32,0,0,0,0]-[1,0,67118112,20447232,65666]
[128,0,0,0,0,0,0,16,0,0,0,0,1048576,0,262144,0]-[262144,0,0,20971520,64]
[0,0,0,0,0,2147491840,0,16,1048576,0,0,0,0,128,0,0]-[0,8388608,0,268435488,8192]
[0,0,0,0,0,0,8192,0,0,0,0,0,0,0,0,128]-[0,16785922,606076928,0,256]
[0,64,0,0,0,8192,0,0,0,0,0,0,1048576,0,0,0]-[134217728,0,536870912,8421376,0]
[0,0,67108864,32,0,0,0,0,1048576,0,0,0,0,0,0,0]-[2149580800,536871680,33554440,8224,144]
[0,0,67108864,0,0,0,0,0,0,0,67108864,0,0,0,0,2048]-[0,64,67108864,134218752,0]
[0,0,67108864,0,0,0,4,16,0,0,4096,0,8,0,0,0]-[524288,0,0,33554816,0]
[0,0,0,4194304,0,0,0,0,0,0,0,0,0,1024,0,0]-[1073872896,2147483650,0,0,0]
[0,0,0,0,0,0,0,0,134217728,0,0,0,262144,128,0,0]-[268451856,605030401,538968066,2097184,525312]
[0,0,67108864,0,0,0,0,0,0,0,0,0,32,0,67108864,0]-[0,0,1048580,4,2]
[0,0,67108864,0,0,0,2,0,0,0,0,0,0,1073741824,0,0]-[32,2304,0,0,4]
[0,0,0,0,0,0,0,0,0,0,4096,0,1048576,33554432,524288,0]-[0,0,33554432,4194304,65544]
[128,0,0,0,0,0,64,0,0,0,0,0,0,128,0,0]-[1049089,537004032,540800,268435456,0]
[0,0,0,0,0,512,0,0,0,0,4,0,0,0,0,0]-[139264,0,570425344,0,0]
[0,0,67108864,0,0,0,2048,0,1048576,0,0,0,0,0,0,0]-[35651584,272908548,4227088,141037569,655684]
[0,0,0,0,0,0,0,512,0,524288,0,0,0,0,0,0]-[2048,16384,0,64,4096]
[0,0,0,0,0,0,0,0,0,0,0,0,393216,0,0,0]-[2097152,134218112,285212672,2162688,0]
[32768,0,65536,0,0,0,0,0,1048576,0,0,0,1048576,0,0,0]-[16777344,65536,0,16,0]
[0,0,524288,0,0,0,0,0,0,0,0,0,0,536870912,0,0]-[262144,17,131712,0,0]
[0,0,0,0,0,0,0,0,0,0,524288,0,0,0,0,512]-[0,536870912,256,2048,131072]
[0,0,0,0,268435456,0,0,0,135266304,0,0,0,0,128,0,0]-[0,0,8192,67109376,131072]
[0,0,0,65536,0,262144,0,0,0,0,0,0,0,0,0,0]-[136,0,2099200,0,0]
[0,0,0,0,0,0,64,0,0,0,2147483648,0,0,0,0,0]-[32,262144,262144,0,4]
[0,0,0,0,67108864,0,0,0,4194304,0,0,0,0,0,0,0]-[8192,268439552,1073742337,2105344,0]
[0,0,536870912,0,0,0,0,0,1048576,0,0,0,0,128,0,0]-[149,0,8396800,2,1049728]
[0,0,0,0,0,0,0,16,1048576,0,0,128,0,0,0,0]-[16777216,0,32,537396226,64]
[0,0,0,4096,0,64,33554432,0,0,0,0,0,0,0,0,0]-[16402,0,4096,0,0]
[0,128,0,0,0,0,0,0,0,0,0,0,0,0,2,0]-[131200,0,2098176,262144,0]
[0,0,0,0,0,0,64,0,1048576,0,4096,0,0,0,0,0]-[2377729,536870916,1107296400,4227328,0]
[0,0,67108864,0,0,0,0,8,1048576,0,0,2147483648,0,0,0,0]-[1,0,2048,2147483650,0]
[0,0,0,268435456,0,0,0,0,0,0,0,0,0,128,0,0]-[12,262144,532481,0,917536]
[0,0,0,0,0,0,0,0,0,0,4096,0,0,131072,65536,0]-[256,0,128,12,0]
[0,0,67108864,0,0,0,0,0,16777216,0,4096,0,1048576,128,0,0]-[1,16777216,0,4104,0]
[0,0,0,0,0,0,64,128,0,0,0,0,0,0,512,0]-[65536,262144,536870912,0,32768]
[0,0,67108864,0,0,0,0,0,0,0,0,32,16384,128,0,0]-[32776,0,32768,2097152,0]
[0,0,0,0,32768,8192,0,524288,0,0,0,0,0,0,0,0]-[0,2147483648,536870912,0,258]
[0,0,0,0,0,0,0,0,1048576,0,0,0,0,128,2147483648,0]-[4,1073807360,1082654721,0,128]
[128,0,0,0,0,0,0,0,0,0,0,0,0,33554560,0,0]-[0,262144,0,1073741864,0]
[0,0,0,0,0,0,0,0,0,0,1052672,0,0,0,0,0]-[0,2701164544,128,67109376,2]
[0,0,67109888,0,0,0,0,0,128,0,0,0,0,0,0,0]-[0,4160,0,32768,524288]
[0,0,524288,0,0,2,0,0,0,0,4096,0,0,0,0,0]-[0,536870913,4224,0,0]
[0,0,67108864,0,0,0,2,0,0,0,0,0,1048576,0,0,0]-[134217728,0,1074790400,262144,0]
[0,0,0,0,0,64,0,0,0,1024,4096,0,0,0,0,0]-[0,0,0,6144,49152]
[0,0,67108864,0,0,0,8192,0,0,0,0,0,0,536870912,0,0]-[32832,4196352,2099200,1024,64]
[0,0,0,0,262144,0,0,0,0,0,0,0,0,2147483648,0,0]-[512,524288,0,6,0]
[0,0,0,0,0,0,0,0,0,0,0,0,0,128,131072,0]-[603979798,536871937,1182728,1078231168,512]
[0,0,0,0,0,8192,0,0,0,0,0,0,0,2048,0,0]-[0,1073742084,4194306,285212673,0]
[0,0,67108864,0,0,1048832,0,0,0,0,0,0,0,0,0,0]-[8,0,8,32896,0]
[128,0,0,0,0,0,0,0,0,0,4096,0,1048576,0,0,0]-[1074020928,33587233,41959440,272875520,2101288]
[0,0,0,8192,0,0,0,0,0,0,0,0,0,16384,0,0]-[0,0,0,40960,12288]
[0,0,0,0,0,0,0,0,134217728,0,0,131072,0,0,0,0]-[65600,0,0,0,524296]
[1073741824,0,0,0,0,0,0,0,134217728,0,0,0,0,0,0,0]-[0,32,1048576,262144,4096]
[0,0,0,0,0,0,0,0,0,0,0,262144,8,0,0,0]-[0,0,1096,0,32]
[0,0,0,0,0,0,0,2048,0,0,0,0,0,128,0,0]-[301989952,2147483666,6586530,805306500,663684]
[0,0,67108864,0,0,64,0,0,1048576,0,0,32,0,128,0,0]-[2147483648,16,0,2148007936,0]
[0,0,67109888,0,0,0,0,0,8388608,0,0,0,0,0,0,0]-[0,0,69730304,65536,0]
[0,0,67108864,0,0,0,0,0,1048576,8192,0,0,1048576,0,0,0]-[16777216,33554432,0,2097152,1024]
[0,0,0,0,0,0,0,16,0,0,0,0,1048576,8192,67108864,0]-[0,67108896,0,0,266240]
[128,0,1024,0,0,0,0,0,0,0,0,0,0,128,0,0]-[131072,0,32768,128,32]
[0,0,0,0,0,1,0,0,2048,0,0,0,0,0,0,0]-[131072,536870912,131072,256,0]
[0,0,0,2048,0,256,0,0,0,0,0,0,1048576,0,0,0]-[268435456,268435456,4096,134217728,0]
[0,0,67108864,0,0,0,16384,0,134217728,0,0,0,0,128,0,0]-[8,0,0,2097152,525312]
[0,0,0,0,0,32,0,16,0,0,0,0,0,0,0,0]-[16794112,26740744,16777218,301998464,0]
[0,0,0,0,0,0,0,0,1048576,0,0,0,67108864,0,0,0]-[262416,48,9177233,3758097281,131072]
[0,0,0,0,0,0,0,0,0,0,0,0,262144,524288,0,0]-[65536,0,1024,0,32776]
[0,0,0,0,0,0,0,67108864,0,0,0,0,256,0,0,0]-[0,545554432,0,0,0]
[0,0,0,0,0,0,0,16,0,0,0,8192,0,0,0,0]-[2148040720,67117056,164,131072,270336]
[0,0,0,0,0,0,536870912,0,16777216,0,0,0,1048576,0,0,0]-[0,0,66,268435456,256]
[0,0,67108864,2048,0,0,0,0,0,0,0,0,1048576,128,0,0]-[0,2080,0,12,64]
[0,2,0,0,0,0,0,0,262144,0,0,0,0,0,0,0]-[1024,2,2,0,524288]
[262144,0,4096,0,0,0,0,16,0,0,0,0,0,0,0,0]-[0,1,16,139264,0]
[0,0,0,0,0,0,0,0,0,0,0,0,0,0,33554432,32768]-[134217728,0,134217728,2097184,0]
[0,0,0,0,0,0,0,0,1048576,0,0,32,1048576,0,0,0]-[2198044672,16544,2145,2451054592,132224]
[0,0,0,0,0,0,128,0,16777216,0,0,0,0,0,0,0]-[0,16777216,262656,16777217,528392]
[16777216,0,0,128,0,0,0,0,16777216,0,4096,0,0,0,0,0]-[0,0,1,33687552,0]
[0,0,0,0,0,0,0,0,0,0,0,128,1048576,128,0,0]-[0,0,546308096,2,0]
[0,0,0,0,0,0,0,262144,0,0,1024,0,0,0,0,0]-[0,134217736,1048584,0,0]
[0,0,536870912,0,0,0,33554432,0,0,0,0,0,0,0,0,0]-[2147483648,512,0,512,262144]
[0,0,0,0,16,0,0,0,1048576,0,0,0,0,128,0,0]-[33554560,262144,129,536875072,8324]
[0,0,16777216,0,0,0,0,0,2048,0,0,0,0,0,0,0]-[8192,0,131584,0,128]
[0,262144,0,0,0,0,0,0,16777216,0,0,0,0,0,0,0]-[532480,0,64,268435456,0]
[0,0,67108864,0,0,0,262144,0,0,0,0,0,4,0,0,0]-[33554432,536870912,33554432,65536,0]
[0,0,0,0,0,0,0,32,0,0,4096,0,0,128,0,0]-[512,0,8388736,0,65536]
[0,0,0,0,33554432,0,0,0,0,0,0,0,0,131072,0,0]-[8396800,1049600,2228416,67371010,2976]
[0,0,67108864,0,0,0,64,0,0,0,4096,0,0,0,0,2]-[2048,0,33554944,0,2]
[0,0,67108864,0,0,0,0,0,1048576,0,0,2048,0,0,0,0]-[16875520,16912,33554464,3,0]
[0,0,0,0,0,0,0,0,1048576,0,0,0,0,128,0,512]-[262272,536871168,8650880,134220448,0]
[0,33554432,0,0,0,0,0,0,1048576,0,0,32,0,0,0,0]-[16777216,0,16777217,32,0]
[0,128,1140850688,0,0,0,0,0,0,0,4096,0,0,0,0,0]-[4096,67108864,33554432,262144,0]
[0,536870912,67108864,0,0,0,0,0,0,0,0,0,0,0,0,0]-[209719360,67109200,8704,2654755,131331]
[0,0,0,0,0,0,0,0,2147483648,0,0,32,0,0,0,0]-[44040192,0,0,0,4096]
[2097152,0,0,0,0,0,0,0,0,0,0,0,8,0,0,0]-[0,0,144,0,48]
[0,0,32768,0,0,0,0,0,0,0,0,0,1048576,2,0,0]-[0,4096,0,0,9224]
[0,0,83886080,16384,0,0,0,268435456,0,0,4096,0,0,0,0,0]-[8388608,1024,268435456,0,2]
[16777216,0,0,0,0,0,0,0,134217728,0,4096,0,0,128,0,0]-[576,65,0,0,0]
[0,0,67108864,0,0,0,128,0,0,0,0,0,1048576,0,0,0]-[4097,268435456,0,8,0]
[0,0,0,8388608,0,0,0,0,128,0,4096,0,0,0,0,0]-[1,4194304,0,2048,65536]
[0,0,0,0,0,0,0,16,0,134217728,0,0,0,0,0,0]-[32768,268435456,131648,134234240,1052800]
[0,0,0,0,0,0,0,0,0,0,4352,0,0,0,0,0]-[16842752,256,0,131072,0]
[0,0,0,0,0,0,524288,0,0,0,0,0,4194304,0,0,0]-[0,0,2228232,33554432,0]
[128,0,67108864,0,0,0,0,0,0,524288,0,0,0,0,0,0]-[4194368,3072,0,17825856,64]
[0,0,0,0,0,64,64,0,0,0,0,0,0,0,0,0]-[2185611266,671650704,570528,537401664,133286]
[0,0,65536,0,0,0,0,0,0,0,0,0,0,536870912,0,0]-[2,4096,67110400,1073741824,0]
[0,0,67108864,0,0,0,0,0,0,0,4096,0,8388608,0,33554432,0]-[134217728,0,2148007936,0,524288]
[0,0,0,0,4096,64,0,0,0,0,0,0,0,0,0,0]-[0,524288,0,8388609,2]
[0,0,67108864,0,0,16640,0,0,0,0,0,0,0,0,0,0]-[2097217,512,4195584,16777217,1153]
[0,0,0,0,0,0,0,0,0,1048576,4096,32,1048576,0,0,0]-[0,0,33554432,16384,32800]
[0,0,67108864,0,0,0,8192,0,0,0,0,536870912,0,268435584,0,0]-[8,0,3145728,128,0]
[0,0,67108864,0,0,0,0,0,134217728,0,0,0,2097152,0,0,0]-[0,512,33554432,262144,32768]
[262144,0,67108864,0,0,0,0,0,0,0,0,0,0,0,0,0]-[2172649513,2181068821,67651612,5055432,2181126]
[0,0,0,0,0,0,8192,0,0,0,0,0,0,0,65536,0]-[131072,131072,0,64,512]
[0,524288,67108864,0,0,0,0,0,0,2147483648,0,0,0,0,0,0]-[4194304,268439552,0,8192,0]
[0,0,0,0,0,0,0,0,269484032,0,0,0,0,128,0,0]-[32768,327936,536870913,16,128]
[0,0,67108864,0,0,0,0,0,0,0,0,0,536870912,0,0,0]-[107511845,2252653649,2153843712,2149656441,704705]
[0,0,0,0,0,0,4,0,0,0,0,0,0,134217728,0,0]-[0,134283296,0,0,524288]
[0,0,67108864,0,0,0,0,0,134217728,0,0,0,262144,128,0,131072]-[0,603981825,0,0,0]
[0,0,16777216,0,65536,0,64,0,0,0,0,0,0,0,0,0]-[0,536870912,0,256,6144]
[0,0,0,0,0,0,0,0,0,0,0,1024,1310720,0,0,0]-[0,1052674,0,0,2]
[0,0,2048,0,0,0,8192,0,0,0,0,0,0,0,0,0]-[131072,536871168,16777728,69632,2048]
[0,0,67108864,8388608,0,1024,0,0,0,0,4096,0,1048576,16512,0,0]-[0,33554444,65536,0,0]
[0,134217728,67108864,0,0,0,0,0,0,0,0,0,256,0,0,0]-[0,0,67633152,16777216,1024]
[0,0,0,0,0,262272,0,0,0,0,0,0,0,0,0,0]-[16777216,67109378,1207992321,0,0]
[0,0,0,0,0,0,0,0,0,0,0,32,0,0,0,4]-[8388624,0,134219776,0,0]
[0,0,0,0,0,0,0,16,8192,0,0,0,1048576,0,0,0]-[0,0,0,16400,2097184]
[0,0,67108864,0,0,8448,0,0,0,0,0,0,0,128,0,0]-[2097160,0,524288,65536,0]
[0,134217728,0,0,0,0,0,0,0,0,0,0,1048576,0,0,0]-[16384,0,8192,0,1032]
[0,0,0,0,0,0,0,0,134217728,0,268435456,0,0,0,0,0]-[81920,0,6,0,0]
[4,0,0,0,0,0,0,0,0,0,512,0,0,0,0,0]-[268443649,32,0,0,0]
[0,8,0,0,131072,0,0,0,0,0,0,0,0,0,0,0]-[33280,524288,0,16777216,0]
[0,0,67108864,0,0,0,0,0,0,0,4096,0,1048576,32768,0,0]-[16777216,0,65536,4104,0]
[0,0,0,0,0,0,0,0,16,0,0,524288,0,128,0,0]-[0,67108864,8388608,65568,0]
[0,128,0,0,0,0,0,0,0,262144,0,0,1048576,0,0,0]-[134217728,0,67108864,2050,0]
[0,0,0,0,0,0,32768,0,0,0,0,0,0,8,0,0]-[16,2048,0,131074,0]
[0,0,0,0,0,8192,0,0,0,0,4096,0,0,16384,0,0]-[134217730,0,262144,16,0]
[0,0,0,0,0,2147483648,0,16,1048576,0,0,0,0,128,0,0]-[0,8388608,536870912,32,8192]
[128,0,0,0,262144,0,0,0,1048576,0,0,0,0,0,0,0]-[0,65792,536870920,32769,0]
[0,0,0,0,0,32,0,0,0,1,0,0,0,0,0,0]-[32,0,0,301990016,0]
[0,0,0,0,0,0,0,0,0,0,0,512,1048576,0,0,0]-[0,2,0,2147483648,32770]
[0,0,0,0,0,0,268435456,4096,0,0,4096,0,0,0,0,0]-[16384,536870912,64,0,32]
[0,0,8,1,0,0,0,0,0,0,0,0,0,0,0,0]-[0,4,83886080,8192,0]
[0,0,0,0,0,0,0,0,0,0,67108864,1073741824,0,0,0,0]-[0,512,512,603979776,0]
[128,0,67108864,0,0,0,0,8388608,0,0,0,0,0,128,0,0]-[0,536870944,0,262144,1048576]
[0,0,16384,0,0,0,0,0,0,0,0,524288,0,0,0,0]-[131088,0,536936448,0,0]
[0,0,0,0,0,0,0,0,1048576,0,0,0,8192,128,0,0]-[0,32,8650752,0,1024]
[0,0,0,0,0,0,0,0,1048576,268435456,1073741824,0,0,0,0,0]-[0,640,8,67141632,0]
[0,0,0,0,67108864,0,0,0,262144,0,0,0,0,0,0,0]-[0,0,268435584,512,4]
[0,0,134217728,0,0,256,0,0,0,0,0,0,0,0,0,0]-[1024,0,16777217,2147485700,256]
[0,0,0,0,0,0,0,536870912,0,0,0,16777216,0,128,0,0]-[0,0,2684485632,536870912,0]
[0,128,0,0,0,0,0,0,0,0,262144,32,0,0,0,0]-[131074,0,0,1073750016,0]
[524288,0,67108864,0,0,0,0,0,1048576,0,0,0,0,128,0,0]-[2147483648,16,4194304,1,0]
[130,0,0,0,0,0,0,0,1048576,0,0,0,0,0,0,0]-[131072,0,8192,1,64]
[0,0,0,0,0,0,0,2097152,0,0,0,0,1048576,128,0,0]-[2359297,16842784,0,4,8192]
[0,0,1024,0,0,64,0,0,0,0,0,0,0,0,0,0]-[335577092,4,134746144,167774208,2086]
[0,0,128,0,0,0,268435456,0,0,0,0,16,0,0,0,0]-[2048,2,0,1048608,0]
[0,0,0,0,0,0,0,0,16777216,0,0,0,0,0,512,0]-[41943040,0,0,131328,0]
[0,0,8,0,0,0,0,0,0,0,0,0,0,160,0,0]-[1048576,65536,8388608,0,128]
[128,0,0,0,0,0,0,0,134217728,0,0,0,0,128,33554432,0]-[2560,2304,536870912,0,0]
[0,0,0,32,262144,0,0,0,0,0,0,0,0,128,0,0]-[33816577,16777216,0,0,0]
[1048576,0,0,0,0,0,0,16,0,0,0,0,0,0,0,0]-[68224512,2,262148,16777218,0]
[0,0,0,0,0,0,0,16,9437184,0,0,0,0,0,0,0]-[0,16,16810048,0,0]
[0,1024,16384,0,0,0,0,0,0,0,0,0,0,0,0,0]-[134217728,1,0,67108864,131072]
[128,0,131072,0,0,0,0,8,0,0,0,0,0,0,0,0]-[128,32,67108866,0,0]
[0,0,0,0,0,0,0,16,1048576,0,67108864,0,0,128,0,0]-[16384,8388608,8421376,0,0]
[0,0,0,0,0,0,0,0,1048576,0,0,0,0,4,0,0]-[2420113408,1048578,1073741824,32,4096]
[0,0,0,0,0,0,0,512,1048576,0,0,0,0,0,0,0]-[67242112,2113664,1074792456,2751473986,12]
[1048576,0,0,0,0,0,8192,134217728,0,0,0,0,0,0,0,0]-[67108864,0,262144,65552,0]
[0,0,67108864,0,0,0,0,0,0,0,0,0,1048576,0,512,0]-[8388608,0,0,134217984,64]
[0,0,0,0,0,0,8388608,0,0,0,0,0,1,0,0,0]-[545259520,0,0,8388608,8]
[0,0,0,0,0,0,0,256,0,0,0,0,1048576,0,33554432,0]-[1048576,32,0,134217728,8]
[0,0,0,0,0,256,0,1073741824,134217728,0,0,0,0,0,0,0]-[0,0,8,16793600,2048]
[0,0,0,0,16,0,0,16,0,0,0,0,0,0,268435456,0]-[268436480,0,524288,1024,0]
[0,0,67108864,0,32,0,0,536870912,0,0,0,0,8,0,0,0]-[0,536870920,2048,0,256]
[0,4,67108864,0,0,0,0,0,0,0,4096,0,0,0,0,0]-[2298478592,74772,16384,33554432,1026]
[0,0,0,0,0,0,8192,16,0,0,0,0,0,0,0,0]-[3025530945,756836425,2837191268,3193969136,1325177]
[0,0,67108864,16777216,0,0,0,0,0,0,0,0,0,0,67108864,0]-[0,16384,268435456,4,1024]
[0,0,0,0,0,0,0,16,0,0,0,0,0,0,1,0]-[0,589824,0,136314880,0]
[0,0,67108864,0,0,0,8192,0,0,0,0,0,8388608,128,0,0]-[0,262144,0,0,557120]
[0,0,0,268435456,0,0,0,0,0,16,0,0,0,0,0,0]-[0,0,2064,0,393216]
[0,0,67108864,0,0,0,0,0,1074790400,0,0,0,0,0,33554432,0]-[0,541065472,0,2097152,0]
[0,32,0,0,0,0,0,8,0,0,0,0,0,0,0,0]-[1073745920,134217728,0,2097152,0]
[0,128,0,0,0,0,0,0,134217728,0,0,0,0,0,8,0]-[8388608,3,0,0,256]
[65536,0,0,0,0,256,0,0,0,0,0,0,0,2048,0,0]-[1048576,256,0,268435456,4096]
[0,524288,0,0,0,0,0,0,8388608,0,0,0,0,0,0,0]-[0,8388672,0,33562624,0]
[0,0,67108864,0,0,0,0,0,0,2147483648,4096,0,1048576,0,0,0]-[8388608,67108897,33554432,4,81920]
[0,128,67108864,0,0,0,0,0,0,0,0,0,0,0,0,0]-[803837998,2272193149,1467088148,2206119906,2869652]
[0,0,67108864,0,65536,0,0,0,0,0,1048576,0,1048576,0,0,0]-[2,67108864,0,16777728,0]
[128,0,0,0,0,0,0,0,16777216,16777216,0,0,0,0,0,0]-[0,268436480,0,33685504,0]
[65536,0,0,0,0,0,0,0,0,0,4096,0,0,0,0,0]-[69768,262272,10485760,0,0]
[0,34078720,0,0,0,0,0,0,1048576,0,0,0,0,0,0,0]-[524288,16777216,2,0,262144]
[0,0,524288,0,0,0,0,0,134217728,0,4096,0,0,0,0,0]-[276840960,0,0,0,0]
[131200,0,67108864,0,0,256,0,0,0,0,0,0,0,0,0,0]-[0,2048,0,73792,0]
[0,0,67108864,0,0,0,0,0,0,0,4096,0,1048576,0,4194304,0]-[16777216,32,0,33554432,65536]
[0,0,0,0,0,0,0,0,1048576,0,0,0,1114112,0,0,0]-[65536,0,64,1073752066,0]
[4,0,0,0,0,0,0,0,0,0,0,0,0,536870912,0,0]-[64,0,512,1073741824,16384]
[33554432,0,0,0,0,0,524288,0,0,0,0,0,0,0,0,0]-[8,0,0,65536,1032]
[0,0,0,1,0,0,0,0,16777216,0,0,0,0,0,8192,0]-[128,33554434,1048576,1073741824,2]
[0,0,0,16777216,0,0,0,0,16777216,0,0,0,0,0,0,0]-[3388997632,512,2147483650,4,0]
[0,0,0,0,0,0,0,8388624,1048576,0,0,0,0,0,0,0]-[16384,0,2048,100663296,0]
[0,0,0,0,0,512,0,0,0,0,67108864,0,0,0,0,0]-[16,1032,512,0,0]
[0,0,0,0,0,0,0,0,0,0,0,0,134217728,2,0,0]-[16,0,131072,0,384]
[0,0,0,4,0,0,0,0,131072,0,0,0,1048576,0,33554432,0]-[0,0,134217728,6291456,8]
[0,0,0,0,0,0,0,256,134217728,0,0,0,0,0,0,0]-[536870928,1048898,537002497,0,6144]
[0,4,0,0,0,0,0,0,1048576,0,0,0,0,128,0,0]-[0,1610612768,262272,2624,0]
[8,0,0,0,0,0,0,0,0,0,134217728,0,0,0,0,0]-[2684354560,512,0,0,2048]
[128,0,1140850688,0,0,64,0,0,0,0,0,0,0,0,0,0]-[0,2149580816,524288,0,0]
[0,0,0,0,0,0,32,0,2048,0,0,0,262144,0,0,0]-[1048832,139264,0,0,0]
[130,0,0,0,0,0,0,0,1048576,2097152,0,0,0,128,0,0]-[278528,262144,0,2,0]
[0,0,0,268435456,0,0,0,8,0,0,0,0,0,0,0,0]-[1073774592,134217728,0,2097152,0]
[0,0,0,0,0,0,0,16,0,16384,0,0,0,0,0,0]-[0,0,66,320,262144]
[0,0,0,0,0,0,0,32,0,0,0,0,8,0,0,0]-[520,822083584,1664,1073741824,4368]
[0,0,67108864,16777216,0,0,0,0,0,0,0,0,1048576,0,0,0]-[8388674,268550656,4194304,1052676,33920]
[0,0,67108864,0,0,8192,0,0,0,0,0,33554432,0,0,0,0]-[16777218,0,2097156,16777344,256]
[0,0,8192,0,0,0,8192,0,0,0,0,0,262144,0,0,0]-[262144,2359296,0,4,0]
[0,0,524288,0,65536,0,0,0,0,0,0,0,0,0,0,0]-[65536,269486080,0,0,0]
[128,0,1024,134217728,0,0,0,0,0,0,0,524288,0,0,0,0]-[0,65536,8388608,16842752,0]
[0,0,67633152,0,0,256,0,0,0,0,0,0,0,0,0,0]-[0,32,1024,8,2048]
[0,128,0,0,0,0,0,0,1048576,0,0,0,0,536870912,0,0]-[0,4,128,2181038080,0]
[0,0,0,0,0,0,0,2147483648,1048576,0,0,0,0,0,0,0]-[16768,536887428,2120,100663314,0]
[0,0,67125248,0,0,0,0,0,0,0,0,32,0,0,0,0]-[134250497,0,0,0,2097152]
[0,0,0,0,0,0,0,8,0,0,0,0,0,0,131072,0]-[32772,0,0,32768,512]
[0,0,67109376,0,0,0,0,0,0,0,0,256,0,0,0,0]-[0,0,0,33849344,2048]
[0,0,0,0,0,0,0,0,0,0,0,32,0,32,0,0]-[2684354562,16777216,131072,8192,2097280]
[0,0,67108864,8192,0,64,0,0,0,0,0,0,0,0,0,0]-[0,65536,512,33792,0]
[0,0,0,0,0,0,8192,0,0,1,0,0,0,0,0,0]-[0,0,16777220,65600,0]
[0,0,0,0,0,0,0,0,0,268435456,0,0,1048576,0,0,0]-[545276098,11604623,1107562522,3271819664,266376]
[1073741824,0,0,0,0,0,0,0,0,0,0,32,0,0,0,0]-[1088,2415919232,33687552,3221815296,36928]
[0,0,67108864,0,8192,0,64,0,0,0,0,0,8,128,0,0]-[6,0,0,69632,0]
[0,0,67117056,0,0,0,0,0,0,2,0,0,0,0,0,0]-[8,2097160,0,4,0]
[0,0,0,0,0,0,0,0,1048576,0,0,0,262144,0,4096,0]-[0,0,0,67109920,256]
[0,0,0,0,4194304,256,0,0,134217728,0,0,0,0,0,0,0]-[0,8388608,4,0,1025]
[0,0,0,0,0,0,0,4096,0,0,0,0,0,1,1024,0]-[524288,268435456,278528,0,0]
[0,0,8192,0,0,8192,0,0,0,0,0,0,0,0,0,0]-[536870912,16777216,559376,134375457,0]
[128,0,67108864,0,0,0,0,0,1048576,0,0,0,0,0,0,0]-[60885029,839209297,34121752,2186322675,3801431]
[0,0,524288,0,0,0,0,0,0,0,0,0,8,128,0,0]-[268435456,0,0,134219776,128]
[0,0,0,0,8,0,0,0,1048576,0,0,0,0,0,0,0]-[256,1048848,536871488,646972992,132640]
[0,0,67108864,0,0,0,0,0,0,0,0,0,1048584,0,0,128]-[0,32772,8192,0,2]
[0,0,0,0,0,0,8192,16,0,2097152,0,0,0,128,0,0]-[0,1048608,8388608,0,2097152]
[0,0,32768,0,0,0,0,0,1048576,0,4,0,0,0,0,0]-[256,0,0,136839168,0]
[0,0,0,0,0,536870912,0,0,0,0,0,2,0,0,0,0]-[4194304,1024,0,16,8]
[0,0,67108864,0,0,64,0,0,262144,0,0,0,0,0,0,0]-[32768,2048,4096,532480,128]
[0,0,0,0,0,0,0,0,16777216,8,0,0,0,0,0,0]-[570425600,0,131072,0,0]
[0,0,67108864,0,65536,0,8192,0,0,0,0,0,0,0,0,0]-[33554433,0,0,65536,2048]
[0,0,0,0,0,0,0,0,128,0,4096,0,1048576,0,0,0]-[8388609,0,134217728,0,32768]
[0,0,134217728,0,0,0,0,16,0,0,4096,0,0,0,0,0]-[0,268435456,2164260864,2147483648,0]
[0,0,0,0,67108864,0,0,0,1048576,32,0,0,0,0,0,0]-[33587200,0,536870912,0,1]
[0,0,67108864,0,67108864,0,0,0,0,0,0,0,262144,0,0,0]-[65568,147780,36732928,4464640,128]
[0,32,67108864,0,0,0,0,16,1048576,0,0,0,0,0,0,0]-[32768,16,0,16,128]
[0,0,0,0,0,0,0,0,0,0,4096,0,0,0,4194304,0]-[0,2147483648,4097,262144,0]
[0,0,0,0,0,0,8192,0,0,0,0,1024,0,0,0,0]-[8193,67108864,268701696,32,8]
[0,0,16384,0,0,0,0,16,0,0,2048,0,0,128,0,0]-[0,65536,8388608,16,2097152]
[0,0,0,0,0,12288,0,0,0,0,0,0,0,0,0,0]-[704643076,8192,64,1073741953,16392]
[128,33554432,0,0,0,0,0,0,1048576,0,0,0,0,536871040,0,0]-[262144,0,0,80,524288]
[0,0,0,0,1,0,0,0,1048576,0,0,0,1048576,0,0,0]-[128,8388612,0,1048576,0]
[0,0,0,0,0,256,8192,0,0,0,0,0,8,0,0,0]-[1048576,8192,4,67113216,0]
[0,0,67108864,0,0,0,8192,0,0,0,0,0,0,0,8192,0]-[0,139520,4,0,0]
[0,0,0,0,0,256,0,1,0,0,0,0,0,0,0,0]-[67108880,32,1024,134283264,270336]
[0,0,67108864,0,0,0,0,16,1048576,0,0,0,0,0,32768,0]-[0,4472832,0,524288,0]
[268435456,0,0,0,0,0,0,8,0,0,4096,0,0,128,0,0]-[262144,16777216,0,262148,0]
[0,0,0,0,0,0,8192,16,134217728,0,0,0,0,2,0,0]-[16,0,0,16384,16512]
[0,0,67108864,0,0,8192,0,0,0,4,0,0,1048576,0,0,0]-[2,0,4096,16777216,16384]
[0,67108864,0,0,0,0,0,0,0,0,0,0,1048576,0,0,0]-[260,64,16384,524288,2576]
[0,0,0,0,0,8192,0,0,0,0,0,0,32768,0,0,0]-[4259840,0,4096,0,8]
[0,0,0,0,0,0,0,0,8388608,0,4096,0,1048576,0,0,0]-[0,16777256,134217729,200708,65546]
[0,0,0,0,0,0,0,0,256,0,0,0,262144,0,0,0]-[0,2359296,0,16388,0]
[0,0,0,0,0,0,0,0,1048576,8388608,4096,0,0,128,0,0]-[2048,536870944,128,0,0]
[0,0,67108864,0,0,0,0,0,0,0,4096,0,0,0,1073741824,0]-[2,0,524288,2147483648,524288]
[0,0,67108864,0,0,0,0,0,0,0,0,0,128,0,0,0]-[2347335752,272966425,338267684,37557379,131137]
[0,0,0,0,0,1,0,0,0,0,0,0,1048576,0,0,0]-[0,0,73728,33570816,128]
[0,0,16777216,128,0,0,0,0,1048576,0,0,0,0,0,0,0]-[0,33554432,0,1073741888,64]
[0,0,0,0,0,0,16384,0,1048576,0,4096,0,0,128,0,0]-[2097152,0,129,2048,0]
[0,0,16777216,0,0,0,0,0,0,0,0,0,1048576,0,0,0]-[4037083648,2449512451,193217026,2957183240,1062179]
[0,128,0,0,0,0,0,16,1048576,0,0,0,1048576,0,0,0]-[1048576,3,0,16777216,0]
[128,0,67108864,0,0,0,0,16,135266304,0,0,0,0,0,0,0]-[0,268435456,32768,64,16]
[8388608,0,67108864,512,1,0,0,0,0,0,4096,0,0,0,0,0]-[0,32800,4608,0,0]
[0,0,1,0,0,0,0,0,0,0,0,0,1048576,536870912,0,0]-[0,32770,33554432,134217728,0]
[0,0,0,0,0,0,0,0,134217728,0,0,0,0,128,0,131072]-[268435968,64,0,32,0]
[32768,0,0,0,0,0,0,0,0,0,0,0,1048576,0,0,0]-[0,2049,65536,67108864,0]
[0,0,67108864,0,0,0,0,0,8,0,0,0,1048576,536870912,0,0]-[0,4096,0,2147483664,2097216]
[0,0,67108864,0,0,0,64,0,0,0,0,0,0,2,0,0]-[0,0,69632,32768,2048]
[0,0,0,0,0,0,0,0,134217728,0,1342177280,0,0,0,0,0]-[65536,8,2,0,1024]
[0,16777216,0,0,0,0,0,16,0,0,0,0,1048576,128,0,0]-[16384,0,2097152,0,262272]
[128,0,0,0,0,1024,0,0,0,0,0,0,0,0,0,0]-[0,33554434,67108864,0,1]
[0,0,0,0,0,0,0,16,0,1048576,0,0,0,536870912,0,0]-[0,8194,262176,0,0]
[0,1048576,0,0,0,0,0,0,0,0,0,0,0,0,33554432,0]-[32,536871040,0,16777216,0]
[0,0,0,0,536870912,256,0,0,0,0,0,0,0,0,0,0]-[2148925440,1052672,8392704,2147483648,131072]
[0,0,67108864,0,0,0,0,0,0,0,4096,0,1050624,0,0,0]-[2097152,0,65536,4100,0]
[0,0,67108864,0,0,0,0,0,0,0,131072,0,1048576,0,0,0]-[2,16777228,2162692,50365205,1572864]
[0,0,0,0,0,2,0,16,1048576,0,0,0,0,0,0,0]-[0,16,0,2048,8208]
[0,0,0,0,0,0,0,16,0,0,1073741824,0,0,0,0,0]-[33566736,819266,151392272,34340904,25216]
[0,0,0,0,0,2,0,0,0,0,268435456,0,0,0,0,0]-[0,4194304,1024,0,8256]
[0,0,16,0,0,0,0,0,0,0,0,0,0,0,268435456,0]-[268435456,0,0,4195328,1]
[0,0,0,0,0,8192,64,0,0,0,0,0,0,0,0,0]-[600918310,537833546,742729248,1629159424,288809]
[0,0,0,0,67108864,0,0,0,67108864,0,0,0,0,0,0,0]-[0,131072,25165824,512,0]
[131072,0,67108864,0,0,0,0,0,134217728,0,0,0,0,128,0,0]-[67108864,4096,1280,0,0]
[0,0,67108864,0,0,64,0,0,0,0,0,0,131072,0,0,0]-[2048,2147485696,0,0,128]
[0,0,0,0,0,0,0,16,0,0,524288,0,0,128,0,0]-[0,0,1081344,2048,32]
[0,256,0,0,0,0,8192,16,0,0,0,0,0,0,0,0]-[0,0,671088640,33558528,0]
[0,0,67108864,0,0,0,0,0,0,1024,0,0,262144,0,0,0]-[8388608,4194312,268435456,262146,0]
[0,0,0,0,0,0,0,4194304,1048576,0,0,0,0,0,0,0]-[2147483684,570425362,8392704,0,2105600]
[0,0,0,4096,262144,0,0,0,0,0,0,0,0,0,0,0]-[67113216,0,67108864,0,0]
[0,65536,67108864,0,0,0,0,0,0,0,0,67108864,0,0,0,0]-[0,16777216,524288,33280,0]
[0,0,0,4,0,0,0,0,1048576,0,0,0,0,128,0,0]-[2177,32,1,64,64]
[67108864,0,0,0,0,0,0,0,1048576,0,0,0,1048576,0,0,0]-[16793600,1048576,262160,67112960,1048576]
[0,0,0,0,0,33554432,0,0,0,0,0,0,65536,0,0,0]-[16384,8448,0,64,0]
[0,0,0,0,0,0,0,0,1048576,0,0,0,0,128,1073741824,0]-[0,0,8224,2097152,8192]
[0,0,0,0,67108864,0,0,0,0,0,4096,0,8,0,0,0]-[264960,16777233,33554944,0,8]
[0,0,67108864,0,33554432,0,0,0,0,0,0,0,0,128,0,0]-[33554445,553648128,2151153664,266284,2129984]
[0,16777216,0,262144,0,0,0,0,0,0,0,0,0,0,0,0]-[0,0,2147483648,163840,1]
[0,0,0,0,0,0,0,0,1048576,0,0,16,0,0,0,0]-[0,0,16779264,2152736769,0]
[0,0,65536,0,0,0,0,0,0,0,0,0,8,128,0,0]-[268435456,0,2,262144,2097152]
[0,1024,67108864,0,0,0,0,0,0,0,0,0,262144,0,0,0]-[0,8193,0,2162688,0]
[0,0,134217728,2097152,0,0,0,8,0,0,0,0,0,0,0,0]-[0,268435456,16777217,65536,0]
[0,0,0,0,0,8388608,0,0,0,0,0,0,32768,0,0,0]-[0,0,512,131072,768]
[0,0,67108864,0,0,0,0,0,0,0,0,0,0,0,33554432,0]-[199858287,3076898685,3598286652,2340198268,2738626]
[8192,0,67108864,0,0,0,0,0,0,0,0,0,1048576,0,0,0]-[537149440,32768,0,2097168,2097160]
[0,0,0,32,0,0,0,1,0,0,0,0,0,0,0,0]-[524288,0,1048704,4,0]
[0,0,335544320,0,0,0,0,1048576,0,0,0,0,0,0,0,0]-[203423744,32768,0,0,0]
[0,0,67108864,0,0,0,0,0,0,0,0,16777216,1048704,0,0,0]-[4194304,64,32,128,0]
[0,0,0,0,0,0,0,0,0,0,0,0,1048576,536871040,33554432,0]-[262144,268500992,0,0,2097152]
[0,0,67108864,0,0,0,64,0,1048576,0,4096,0,1048576,0,0,0]-[2097152,0,33554448,4194560,0]
[0,0,0,0,0,0,0,0,0,0,0,1073741824,0,128,0,0]-[2263201,657472,18104324,1409321096,393284]
[0,0,0,0,0,0,0,0,0,0,2147485696,0,0,0,0,0]-[536870913,0,0,268435456,65536]
[0,0,0,0,0,32768,0,0,0,0,0,0,0,0,0,32]-[1048576,17039360,4096,0,0]
[0,0,0,0,33554432,256,0,0,0,0,0,0,0,0,0,0]-[0,0,2097152,67108868,256]
[0,0,0,0,0,2,0,0,0,0,0,0,1048576,128,0,0]-[2,0,262144,1677983776,8192]
[0,0,0,4,0,0,0,0,0,512,0,0,0,0,0,0]-[0,0,144,2147549184,0]
[0,0,67108864,0,0,0,0,0,5242880,0,0,0,0,0,0,0]-[65536,262916,1073741832,35659776,0]
[0,0,0,0,0,0,0,0,1048576,0,0,4194304,0,128,0,0]-[0,8388608,262272,2048,0]
[0,0,0,0,0,0,0,0,0,0,8,0,1048584,0,0,0]-[536870912,0,2097152,131072,128]
[0,0,67108864,0,0,0,0,0,0,0,0,0,4096,0,0,512]-[2097153,0,260,0,0]
[0,0,67108864,0,0,0,0,16,0,0,4096,0,0,128,0,0]-[2113,2768503809,302055424,136,2097152]
[0,0,0,0,0,256,0,0,0,0,0,0,0,131072,0,0]-[0,8388608,16842752,335806468,256]
[0,0,0,0,0,256,0,16,0,0,4096,0,0,0,0,0]-[335635008,1060864,1216479252,335546752,151681]
[0,0,0,0,0,0,1073741824,0,0,0,0,0,1048576,128,0,0]-[512,0,0,1074003970,0]
[0,0,0,0,0,0,0,0,0,0,2097152,32,0,0,0,0]-[0,1310720,268435456,128,0]
[16777216,0,0,0,0,0,0,16,0,0,0,0,1048576,128,0,0]-[0,67584,0,4096,262144]
[0,0,0,0,262144,8388608,0,0,0,0,0,0,0,0,0,0]-[0,2147484672,2097152,1073741824,0]
[0,0,0,4194304,0,0,0,0,0,0,0,0,0,0,16384,0]-[536870912,514,0,0,2048]
[0,0,0,0,0,0,0,2048,16777216,0,0,0,0,128,0,0]-[0,65536,0,4,8196]
[0,268435456,0,1024,0,0,0,16,0,0,0,0,0,0,0,0]-[16,0,0,17,2097152]
[0,0,16777216,0,0,0,0,0,134217728,0,0,16,0,0,0,0]-[0,3,0,1073741824,1024]
[0,0,0,0,0,0,0,0,1048576,0,0,0,0,536870944,0,0]-[0,272629760,128,0,131072]
[0,0,0,0,0,0,1073741824,0,0,32768,0,0,0,128,0,0]-[0,0,130,24,0]
[0,0,67108864,0,8192,0,0,0,0,0,0,0,0,0,67108864,0]-[2,0,1048576,4096,2]
[0,0,0,0,0,8192,0,0,0,0,0,0,262144,32,0,0]-[4259840,0,8388608,0,128]
[2,0,0,0,0,0,0,0,0,0,0,0,16384,0,0,0]-[67108864,0,1,268435456,32768]
[0,128,0,0,2048,0,0,0,0,0,0,0,0,128,0,0]-[512,0,262144,1074003968,0]
[0,0,67108864,1,0,0,8192,16,0,0,0,131072,0,0,0,0]-[0,67108864,0,33554512,0]
[0,0,0,0,0,0,0,0,0,2099200,0,0,0,0,0,0]-[71307264,0,0,268435456,0]
[0,0,0,0,0,8192,0,0,0,0,0,0,16384,128,0,0]-[0,553648128,0,805306368,0]
[0,0,0,0,0,0,0,0,0,0,0,0,0,536870912,524288,0]-[1073741824,0,304087040,0,0]
[0,0,67108864,0,32768,0,0,0,0,0,0,0,0,4,0,0]-[589824,2048,0,524320,0]
[0,0,67108864,0,0,0,0,1073741840,0,0,0,0,0,0,0,0]-[0,4104,0,33554433,0]
[0,0,0,0,0,0,0,0,0,0,0,0,0,0,128,64]-[0,524544,0,0,16416]
[0,0,67108864,0,268435456,0,0,0,0,0,0,0,67108864,0,0,0]-[0,32768,524288,0,1028]
[0,0,67108864,0,0,256,0,0,0,0,67108864,0,0,0,0,0]-[2147483648,1088,2162696,0,32896]
[0,0,67108864,0,0,0,64,0,0,0,0,0,0,0,268435456,0]-[32769,131076,512,1048576,2]
[0,0,67108864,262144,32,0,0,0,0,0,0,0,0,0,0,0]-[8388608,8192,67108896,0,0]
[0,0,1024,0,0,8192,0,0,0,0,0,0,0,0,0,0]-[136314886,8192,27262976,32768,256]
[0,0,67108864,0,0,0,0,0,0,2097152,0,0,0,0,2048,0]-[0,16896,65536,0,524288]
[0,0,67108864,16,0,0,0,16,0,0,0,0,0,0,0,0]-[524288,0,0,2149580864,16512]
[0,0,67108864,131072,0,0,0,0,0,0,4096,0,0,0,0,0]-[2281701376,2097152,0,2097154,132096]
[0,0,67108864,0,0,0,0,16777216,0,0,0,0,0,0,0,4096]-[136314880,8,0,524288,0]
[0,0,0,0,0,0,0,0,1048576,0,0,131072,65536,0,0,0]-[0,2099200,268435456,0,512]
[0,0,0,0,0,0,0,0,0,0,0,0,135266304,128,0,0]-[33554432,0,536870912,537133056,0]
[0,0,0,0,0,8192,0,0,0,0,0,0,0,0,16384,0]-[67108992,0,0,134217728,4]
[0,0,0,0,0,0,0,0,134217728,0,0,0,0,536871040,0,0]-[82,1342179585,0,1073741904,524480]
[524288,128,0,0,0,0,0,0,0,0,0,0,0,0,0,0]-[8388864,0,67108864,0,256]
[0,0,0,0,0,0,8192,0,0,0,0,0,1048576,16512,0,0]-[2,269484032,8192,0,0]
[0,0,0,0,64,0,0,0,0,0,4096,0,1048576,0,0,0]-[0,67108864,16,131072,65536]
[0,0,67108864,0,67108864,0,0,0,0,32768,0,0,0,0,0,0]-[0,16,1048580,1048576,0]
[0,0,0,0,0,0,0,0,0,8192,0,0,0,128,0,0]-[33817818,1359284288,1074552836,1082133144,3178656]
[0,0,67108864,0,0,0,0,0,2147483648,0,0,32,1048576,0,0,0]-[2,16384,0,2147483648,2097152]
[0,0,0,0,0,64,0,0,0,0,0,0,2097152,0,0,0]-[8192,16,8388608,64,0]
[0,0,0,0,0,0,0,0,0,0,4,0,0,4,0,0]-[1073741825,134217728,0,8388608,0]
[0,0,0,0,1048576,0,64,0,0,0,0,0,0,0,0,0]-[3407872,136,65680,256,128]
[128,0,67108864,0,0,8192,0,0,0,0,0,0,8,0,0,0]-[33554432,268435456,1024,0,256]
[0,0,67174400,0,0,0,0,0,0,0,0,0,0,128,0,0]-[8,12288,70321164,0,0]
[0,0,0,0,0,128,0,0,134217728,0,0,0,8,0,0,0]-[512,8,0,1073741824,256]
[0,268435456,0,0,0,0,0,0,0,0,0,0,0,128,0,0]-[2684354576,142606416,306184704,0,2097152]
[0,0,2,0,0,0,0,0,0,0,0,0,1048576,0,0,0]-[159383552,51209,2359297,135282688,133000]
[0,0,67108928,0,0,0,0,16,0,0,8388608,0,0,0,0,0]-[2147483648,67174400,0,32,0]
[0,0,0,0,0,0,0,0,0,0,0,524320,1048576,0,0,0]-[537001985,0,0,1048576,0]
[0,0,0,0,0,0,0,16,0,134217728,0,32,0,2,0,0]-[0,0,131072,16384,1048704]
[0,0,0,0,0,0,0,0,0,0,16777216,0,0,2097152,0,0]-[33587200,2050,0,0,0]
[0,0,67108864,0,0,0,8192,268435456,1048576,0,0,0,0,0,0,0]-[2181038080,0,0,4096,16]
[0,0,67141632,0,0,0,0,0,1048576,0,0,0,1048576,0,0,0]-[0,0,0,137363968,0]
[4096,0,0,0,0,0,0,0,0,0,0,0,64,0,0,0]-[0,570425344,2,0,32]
[0,0,0,0,0,0,8192,0,0,0,0,0,0,64,0,0]-[0,8192,32,301989888,0]
[128,256,67108864,0,0,0,0,0,1048576,0,0,0,0,0,0,0]-[0,0,0,33562641,0]
[0,0,0,32,0,0,0,16,0,0,4096,0,0,0,0,0]-[0,67108864,512,67108864,16384]
[0,0,0,0,0,0,8192,0,0,0,0,33554432,0,0,0,0]-[536870912,536870912,16777220,0,0]
[0,0,0,0,0,0,2048,16,0,0,4096,0,0,0,0,0]-[25430016,1,0,4227072,8]
[128,0,67108864,0,0,0,0,0,0,0,0,0,1024,0,0,0]-[2,527232,1073741888,536903712,2048]
[0,0,0,0,0,0,0,0,0,0,4096,2,0,0,0,0]-[1073762305,2147484672,82048,67109892,16392]
[0,0,0,0,0,0,65536,0,134217728,0,0,0,1048576,0,0,0]-[16384,65536,0,16777216,128]
[0,0,1073741824,0,32,0,0,0,0,0,0,0,262144,0,0,0]-[0,1064960,536870912,0,65536]
[0,262144,0,0,0,0,0,0,1048576,0,0,0,16384,0,0,0]-[262160,0,0,4196352,0]
[0,0,0,65536,0,0,0,131072,0,0,0,32,4096,0,0,0]-[33554432,0,2,4196352,0]
[1074790400,0,0,0,0,0,0,0,0,0,0,0,0,0,0,0]-[512,0,0,16,524290]
[0,0,0,128,0,0,0,16,0,0,0,0,0,0,0,0]-[16,512,2101572,54663169,270336]
[0,0,67108864,0,8,0,0,0,0,0,0,0,134217728,0,0,0]-[4096,536870912,32768,0,1]
[8192,0,67108864,0,0,0,0,0,0,0,0,0,0,0,0,128]-[8388672,2097152,0,0,2048]
[0,0,67108864,0,0,0,0,8192,16,0,0,0,0,0,0,0]-[16777216,2147483648,0,65568,0]
[0,0,0,0,0,524288,0,0,0,0,0,0,0,0,67108864,0]-[0,4,2181038112,0,262148]
[268435456,0,67117056,0,0,0,0,0,0,1073741824,0,0,0,32768,0,0]-[0,262144,0,2147483654,0]
[0,0,0,0,0,0,33554432,16,0,0,0,0,0,128,0,0]-[64,0,1048576,4096,32]
[0,0,0,33554432,0,0,8192,0,0,0,0,0,0,0,0,0]-[131072,67108864,0,256,512]
[0,0,0,0,0,512,0,0,0,0,0,0,0,128,0,0]-[16,268436833,2693054497,1344274432,98304]
[0,0,0,0,0,0,1024,0,0,0,0,32,0,128,0,0]-[268435465,0,32,0,0]
[0,0,67108864,0,0,0,0,0,134217728,0,0,0,0,0,0,32768]-[0,147456,0,8704,0]
[0,0,2097152,0,0,0,0,16,0,0,0,0,0,0,0,0]-[545259520,0,655424,4194304,266240]
[0,0,67108864,0,0,0,0,0,4096,0,0,0,1048576,0,0,0]-[0,16777216,33554432,272,0]
[0,0,0,0,32768,0,0,0,0,0,4096,0,262144,128,0,0]-[1048576,2048,2,0,524288]
[0,0,0,0,0,0,0,0,1073741824,0,0,0,0,128,0,0]-[269484032,8519681,8326,1075838976,262276]
[0,0,67108864,0,0,8192,0,8388608,0,0,0,0,0,0,0,0]-[67174412,4,68157440,4096,0]
[0,0,1048576,0,0,0,0,0,1048576,0,0,0,0,128,0,0]-[4,1620050176,1074266112,4160,131072]
[0,0,67108864,0,0,0,0,0,0,0,1024,0,0,0,0,0]-[75567104,100663552,1024,2098176,3162198]
[0,0,4194304,0,32768,0,0,0,0,4096,4096,0,0,0,0,0]-[2097152,8,134217728,1024,0]
[1048576,0,0,0,0,0,0,0,1048576,0,0,32,0,128,0,0]-[163840,0,524288,1073741824,0]
[0,0,0,0,0,16,4096,0,0,0,4096,0,1048576,0,0,0]-[0,8,134217728,131072,32]
[0,0,67108864,0,0,0,0,0,0,1073741824,64,0,1048576,0,0,0]-[0,33554432,4096,16,64]
[128,0,134217728,0,0,0,0,0,0,0,0,0,0,0,0,0]-[1073741824,0,536870912,32,4096]
[0,0,0,0,0,0,0,0,1048576,0,0,0,1048576,0,268435456,0]-[0,4194320,25165824,0,0]
[0,0,69206016,0,0,0,0,0,0,0,0,0,1048576,128,0,0]-[0,268437504,0,0,33792]
[128,0,0,0,67108864,0,0,268435456,0,0,0,0,0,0,0,0]-[0,0,16847360,0,0]
[0,0,0,16384,67108864,0,0,0,0,0,0,0,0,0,0,0]-[0,131076,8320,0,0]
[0,0,0,0,0,0,0,64,0,0,0,4096,0,0,0,0]-[2,2,8,2147483648,0]
[0,0,0,0,1048576,0,0,0,0,0,0,0,0,0,16384,0]-[536870912,2,64,0,2048]
[0,0,0,1,0,0,0,0,1048576,0,0,0,0,16384,0,0]-[16777344,1048576,0,1073741824,0]
[0,0,0,0,65536,256,0,0,1048576,0,0,0,0,128,0,0]-[2097152,0,537395200,0,1048576]
[128,0,0,0,0,0,0,1073741824,134217728,0,0,0,0,0,0,0]-[16896,0,0,16793600,0]
[0,0,67108864,0,0,0,0,0,0,0,0,0,0,0,0,1]-[561152,2147487840,102760500,16815104,2304]
[0,0,0,0,0,0,0,0,0,0,4096,0,1052672,0,0,0]-[18874369,32768,134217744,0,0]
[0,0,0,0,0,8192,0,0,134217728,0,0,0,0,0,33554432,0]-[134217728,0,150995968,0,0]
[0,256,67108864,0,0,0,0,0,0,0,0,0,0,0,33554432,0]-[32,0,268959744,0,2]
[0,0,0,0,0,0,0,2147483648,0,0,4,0,0,0,0,0]-[128,128,1088,0,0]
[0,0,67108864,16777216,0,0,0,16,0,0,0,0,0,268435456,0,0]-[0,16,3145728,128,0]
[0,2176,0,0,0,0,0,0,1048576,0,0,0,0,0,0,0]-[0,16384,16777217,2147483648,0]
[1024,0,0,0,0,0,0,0,0,0,0,0,0,0,0,256]-[0,1056768,0,2097152,262144]
[0,0,0,0,0,0,0,0,0,0,0,0,262144,0,0,262144]-[268435456,536875012,0,0,0]
[65536,0,0,0,0,0,0,0,0,1073741824,0,0,0,0,8,0]-[603979776,0,1024,65536,0]
[0,0,0,0,0,32,0,0,0,0,0,0,1048576,128,524288,0]-[4,0,16386,128,0]
[8388608,0,0,0,0,8192,0,0,0,0,0,0,0,128,4194304,0]-[2097152,0,8650752,262144,0]
[0,0,0,0,0,524288,0,0,0,0,0,0,1048576,0,0,0]-[128,13,33554432,260,262144]
[0,128,67108864,0,0,0,0,0,16777216,0,0,0,0,0,0,0]-[2,512,66560,0,0]
[0,0,67108864,0,0,0,8192,16,0,0,0,0,1048576,0,0,0]-[2147483648,0,0,64,2064]
[0,0,0,0,0,0,0,0,0,0,135168,0,1048576,0,0,0]-[268435456,33,33554432,0,0]
[0,0,0,0,0,0,0,0,0,0,0,67108864,1048576,0,33554432,0]-[0,2,0,140509184,0]
[0,0,0,0,0,0,0,1024,0,0,4096,0,0,0,0,0]-[1073741824,64,268435456,0,4096]
[0,8388608,67108864,0,0,0,0,0,0,0,262144,0,0,0,0,0]-[0,4096,32,1024,4]
[0,0,0,0,0,256,0,0,2048,8192,0,0,0,0,0,0]-[80,0,270532608,0,0]
[0,0,65536,0,0,0,0,16,0,0,0,0,0,0,67108864,0]-[0,0,2147485696,268435456,4096]
[0,0,0,0,0,0,0,0,0,0,67108864,0,67108864,0,0,0]-[262144,2048,262144,1,0]
[0,0,0,0,0,0,0,0,0,0,4096,0,0,1048576,0,0]-[270794752,4194336,276824128,67502080,0]
[0,0,67108864,0,0,0,0,16,0,0,0,0,8,0,0,0]-[88606785,889192453,2150116096,557184,16]
[0,0,0,0,0,0,0,0,0,0,4096,0,65536,0,0,0]-[331776,2147483680,65728,329728,128]
[0,0,0,0,67108864,0,0,0,32,0,0,0,0,0,0,0]-[0,32768,25174016,0,0]
[0,0,2,0,0,0,0,0,0,0,4096,0,536870912,0,0,0]-[0,71303168,128,2048,0]
[0,0,0,0,262144,64,0,0,0,0,0,0,0,0,0,0]-[512,1573632,0,1,2]
[0,0,0,0,0,0,8196,0,0,0,0,0,0,4194304,0,0]-[1024,0,0,132096,2]
[0,0,67108864,32,65536,0,0,0,0,0,4096,0,0,0,0,0]-[0,4,1073741824,512,2097152]
[0,0,65536,0,0,0,0,0,1048576,8192,0,0,0,128,0,0]-[0,536936448,0,16,8192]
[0,0,0,0,32768,0,0,0,1048576,0,4096,0,0,0,0,131072]-[0,272,192,0,0]
[0,0,0,0,67108864,4096,0,0,0,0,0,0,0,0,0,0]-[768,4096,8320,536870912,0]
[0,128,0,0,67108864,0,0,0,1048576,0,1,0,0,0,0,0]-[0,0,16779265,0,4]
[0,0,67108864,0,0,0,1048576,0,1048576,0,0,0,0,0,536870912,0]-[0,4,0,32768,20]
[0,33554432,67108864,0,0,0,8192,16,0,0,0,0,0,0,0,0]-[0,0,4096,64,17]
[0,0,67108928,0,0,0,0,0,0,0,0,0,1048576,128,16,0]-[64,0,0,16,32832]
[0,0,1024,0,0,0,4,0,0,0,0,0,0,0,0,0]-[128,1048576,1073741824,0,8]
[0,0,67108864,0,0,0,0,4096,1048576,0,4096,0,0,0,0,0]-[2097152,4,1073741824,512,0]
[0,0,67108864,0,32768,0,0,0,0,0,0,16,0,0,0,0]-[6291456,0,1024,0,4]
[0,0,0,0,0,0,0,0,17825792,0,4096,0,0,0,0,0]-[16384,288,64,36864,128]
[0,0,0,0,0,16,0,2,0,0,0,0,1048576,0,0,0]-[0,1048584,134217728,0,8]
[0,0,0,0,0,0,0,0,0,262144,0,32,0,0,0,0]-[0,17039360,4722688,33570816,8192]
[0,0,0,0,0,0,0,0,134217728,0,0,0,1048576,128,0,0]-[268454400,76546113,538968066,1344278576,525376]
[0,0,0,0,0,0,0,0,16777216,0,0,0,0,512,0,0]-[16384,256,262208,0,8]
[32768,0,0,0,0,0,0,16,0,0,0,0,0,0,0,0]-[67674128,0,0,16777344,131072]
[0,0,2147483648,0,0,0,8192,0,0,0,0,0,0,0,0,0]-[536870912,67109121,0,0,513]
[0,0,0,0,0,64,8192,0,0,0,4096,0,0,0,0,0]-[1,67108865,64,0,0]
[0,0,0,0,0,0,0,0,0,0,0,0,0,2097280,0,0]-[2147500032,302252032,16800,512,40]
[2097152,0,0,0,0,0,64,0,1048576,0,4096,0,0,0,0,0]-[16385,0,1073741824,4194304,0]
[0,0,0,0,0,16,0,0,1024,16777216,0,0,0,0,0,0]-[0,0,512,131072,131104]
[0,8192,0,0,0,0,0,256,0,0,0,0,0,0,0,0]-[0,33280,32768,0,512]
[0,0,67108864,0,0,0,0,0,0,0,0,0,0,2147483648,0,0]-[76021762,536944640,2151716360,2316668928,16512]
[0,0,0,0,0,0,0,0,16777216,0,4096,0,0,0,0,8]-[67108864,0,1048576,1073741824,262144]
[2147483648,0,0,0,0,0,0,0,0,128,0,0,0,0,0,0]-[0,67108880,8192,0,8192]
[0,0,0,0,256,0,0,0,0,0,4096,0,0,0,0,0]-[16781312,80,8405009,133128,16416]
[0,0,0,0,0,0,268435456,0,0,0,4096,0,0,0,0,0]-[8409088,536870912,33571520,0,2101280]
[0,0,0,0,0,0,0,0,1048576,33554432,0,0,0,0,0,0]-[2181333248,33833376,541329560,537395264,1040]
[0,0,0,2,0,0,0,0,134217728,0,0,0,0,0,0,0]-[0,0,512,4,1049088]
[128,0,67633152,0,0,0,0,0,0,0,0,0,0,0,0,0]-[71303168,268699648,24576,73731,20]
[0,0,16842752,0,0,0,0,0,0,0,0,0,1310720,0,0,0]-[0,32770,0,65536,2]
[0,0,0,0,0,0,0,0,134217728,0,0,67108864,0,0,0,0]-[0,0,0,1073758208,18432]
[0,0,0,0,0,0,0,0,0,0,0,0,8,1024,0,0]-[16777216,0,128,0,4144]
[0,0,67108864,0,0,0,0,8,0,0,0,0,0,131072,0,0]-[0,4227072,4608,262144,64]
[0,0,67108864,0,0,0,0,0,0,0,0,0,1048576,512,0,0]-[33554436,584,269486080,4202496,6]
[0,0,67108864,0,0,0,0,0,0,0,0,0,0,0,8388608,0]-[2149580803,553787400,2248677120,536704,82944]
[67108864,0,0,0,0,0,0,0,0,0,0,0,0,4194304,0,0]-[268435456,536870912,131072,256,0]
[524288,0,0,0,0,0,0,0,0,0,0,0,0,0,33554432,0]-[0,814219392,262656,8388608,2097152]
[0,0,67108864,0,0,0,0,64,0,0,0,0,0,0,0,16]-[33554432,16384,2147483648,128,0]
[8,0,0,0,0,0,0,16,0,0,0,0,1048576,0,0,0]-[536870912,16384,8192,131072,0]
[0,0,0,0,0,262144,0,33554432,0,0,0,0,0,0,0,0]-[128,2,2048,65536,0]
[2147483648,0,0,0,0,8192,0,0,1048576,0,0,0,0,0,0,0]-[128,0,32,1050624,0]
[0,0,0,0,0,0,0,0,0,67108864,4096,0,0,0,0,0]-[278528,16,0,67174400,4096]
[0,0,0,0,0,0,0,528,0,0,1024,0,0,0,0,0]-[0,8,1179648,256,0]
[0,0,0,16,0,1073741824,0,0,0,0,0,0,0,0,0,0]-[0,0,131584,0,32770]
[0,0,0,0,0,0,0,0,0,0,17039360,0,0,0,0,0]-[0,2097156,0,536870912,8]
[0,0,1073741824,0,0,0,0,0,0,0,4096,0,0,0,0,0]-[137626370,2483194896,1393557632,33987076,266404]
[0,256,8,0,0,0,0,0,0,0,0,0,0,0,128,0]-[256,0,67108864,16,262144]
[0,0,0,0,0,0,0,0,0,0,4160,0,0,524288,0,0]-[1082132480,0,0,4096,0]
[0,0,0,0,0,524288,0,0,0,0,0,0,0,0,0,128]-[524288,0,402653184,2097152,0]
[0,0,0,0,0,64,0,0,1048576,0,512,0,0,0,0,0]-[2181054464,0,48,2049,256]
[0,0,67108864,0,67108864,0,0,0,2048,0,0,0,0,0,0,0]-[2147483648,8,67108864,8,0]
[0,0,0,0,0,0,0,67108864,0,0,0,0,0,536870912,0,0]-[1024,294914,0,0,0]
[0,0,0,0,0,0,0,0,0,0,266240,0,0,0,0,0]-[1082458112,4,142671872,268633088,65536]
[0,0,0,0,0,0,2,0,0,0,0,0,0,16512,0,0]-[131072,2048,0,536870912,4]
[0,0,67108864,0,67108864,0,0,0,0,0,0,0,0,0,0,131072]-[2147483648,8192,0,40,0]
[0,0,67108864,0,0,0,0,0,0,0,0,0,0,0,1107296256,0]-[0,2415988992,2147484676,0,0]
[0,0,67108864,0,0,0,0,0,1048576,0,0,32,0,536870912,0,0]-[0,0,24,33,0]
[0,0,67108864,0,0,0,0,16,1048576,0,0,33554432,0,0,536870912,0]-[0,0,0,2149580800,144]
[0,0,0,0,0,0,0,0,0,0,16,0,0,0,1048576,0]-[0,2048,16778240,8,0]
[0,0,0,0,0,0,0,128,8,0,0,0,1048576,0,0,0]-[65536,0,536871168,0,512]
[0,0,67108864,0,0,0,0,0,1048576,0,64,32,0,0,0,0]-[1,16,32,33554432,0]
[0,0,67108864,0,0,8192,0,0,0,0,0,0,1376256,0,0,0]-[65536,2147483648,4,262144,0]
[0,0,0,0,0,0,0,33554432,0,0,0,0,0,128,33554432,0]-[512,256,0,262208,0]
[0,0,0,0,0,0,0,0,0,0,4096,8,0,0,0,0]-[81920,2151679240,134217856,268435456,130]
[0,0,67108864,4,0,0,0,0,0,1073741824,0,0,0,0,8,0]-[67108864,0,4096,2,524288]
[0,0,0,0,0,0,0,0,0,16777216,4096,0,0,0,0,0]-[0,16,0,33685504,32]
[0,0,0,32,0,0,8256,0,0,0,0,0,0,128,0,0]-[2097152,0,524288,536870916,0]
[0,0,0,0,0,0,0,0,0,2097152,0,0,262144,0,0,0]-[0,8,1342177280,536870912,0]
[0,0,0,0,0,0,0,0,0,0,0,0,1048576,524288,0,0]-[2147483648,2149614082,2097248,68159744,2195464]
[0,0,67108864,134217728,0,0,0,0,16,0,0,0,0,128,0,0]-[0,536870912,0,262152,64]
[1048704,0,67108864,0,0,0,0,134217728,0,1073741824,0,0,0,0,0,0]-[67108864,0,0,65554,0]
[0,0,0,0,0,0,0,0,0,0,0,32,0,536871040,0,0]-[1048642,16777216,131072,1073741824,2097280]
[0,0,0,0,0,0,0,0,1073741824,256,0,0,0,0,0,0]-[536870912,0,8390656,16384,0]
[0,0,0,0,0,0,1,0,0,0,1048576,0,0,0,0,0]-[1107296256,0,0,4224,0]
[0,0,0,0,0,0,64,0,0,4194304,0,0,0,0,0,0]-[32,512,0,1090519040,0]
[0,0,0,0,0,0,0,1048576,0,0,0,0,1048576,0,0,0]-[16778304,2148630536,52432896,134348800,544]
[0,0,0,0,0,0,64,0,1179648,0,0,0,0,0,0,0]-[0,272,262144,4096,0]
[0,0,67108864,0,0,0,0,16,0,0,0,0,1073741824,0,0,0]-[25694208,0,512,528384,1048576]
[0,0,67141632,0,0,0,0,0,0,0,0,131072,0,0,0,0]-[0,0,301989888,33554432,2048]
[0,0,67108864,0,0,256,0,0,0,0,0,0,0,128,0,0]-[337905241,360914272,1344954420,472193246,1746368]
[0,0,0,0,256,0,0,16777216,0,0,0,0,0,0,0,0]-[1024,0,0,2147483776,8]
[0,0,0,0,0,0,0,8,0,8192,0,0,0,0,0,0]-[4194304,134217728,0,0,262272]
[0,0,0,0,0,0,0,0,0,0,0,0,0,128,262144,0]-[12,536870912,2097158,1879048288,630816]
[67108864,0,0,0,0,0,0,0,0,0,2097152,0,0,0,0,0]-[268435456,0,0,2368,0]
[0,0,67108864,0,67108864,0,0,0,134217728,0,0,0,67108864,0,0,0]-[0,147456,2048,512,0]
[0,0,0,0,0,256,0,0,0,0,4096,33554432,0,0,0,0]-[262144,33554432,0,67371008,4096]
[0,0,0,0,0,0,0,0,1048576,512,0,0,0,0,0,0]-[37748736,3322675856,33819794,419432656,286853]
[0,8,0,0,0,128,0,0,0,0,0,0,0,0,0,0]-[67125280,0,1073741824,0,0]
[128,0,67108864,0,0,320,0,0,0,0,1073741824,0,0,0,0,0]-[0,2048,8,8193,0]
[0,0,67108864,0,0,16777216,64,0,0,0,4096,0,0,0,0,0]-[0,294912,0,1024,65536]
[0,0,0,0,0,0,0,0,1048576,0,0,0,0,0,536870912,0]-[20,33554432,1073743880,1073744128,132]
[0,256,0,0,67108864,0,0,0,0,0,0,0,0,0,0,0]-[8,8192,0,1073741824,16]
[2097152,0,512,0,0,0,0,0,0,0,0,0,0,0,0,0]-[512,0,67108880,131072,0]
[0,0,0,0,0,0,0,0,0,0,0,0,0,536870912,2048,0]-[1050624,268435460,0,0,0]
[0,0,0,0,0,0,0,4194304,0,0,4096,0,0,536870912,0,0]-[0,2147483648,1073741825,128,0]
[0,0,67108864,0,0,0,0,0,16777216,0,4096,4194304,0,0,0,0]-[0,2147483648,0,4232,0]
[128,0,0,0,0,256,0,0,1048576,0,0,0,1048576,8192,0,0]-[0,0,0,16990208,0]
[0,128,0,262144,0,0,0,0,0,0,0,0,0,0,0,0]-[0,16777216,1,1024,4]
[0,0,0,33554432,0,256,0,0,0,0,4096,0,0,0,0,0]-[64,33554432,0,2048,4096]
[0,0,0,0,0,0,0,0,3145728,0,0,0,0,536870912,0,0]-[262148,0,0,33554448,0]
[0,0,0,131072,0,0,0,0,0,0,0,0,262144,0,33554432,0]-[0,256,0,134217728,2056]
[0,0,83886080,0,0,0,0,0,0,0,4096,0,1310720,0,0,0]-[2097152,0,33554432,65536,2]
[131072,0,0,0,0,0,0,0,0,0,0,0,256,0,0,0]-[524288,0,0,1073741832,32]
[0,0,0,0,0,0,16,0,1048576,0,0,0,0,0,0,0]-[33554688,545259904,1073782784,605036544,0]
[0,0,67108864,0,0,0,64,0,0,0,0,0,1048576,1,0,0]-[32768,4,65552,0,0]
[0,1024,0,0,0,0,0,16,0,0,0,0,0,0,16384,0]-[524288,1048576,0,16400,0]
[0,0,0,0,0,0,32,0,0,0,0,0,256,0,0,0]-[0,2048,4227072,268435456,0]
[0,0,0,0,2,0,0,0,0,0,0,0,1,0,0,0]-[8,32,513,0,0]
[0,0,0,0,0,0,8192,8388608,0,0,0,0,0,0,0,0]-[2147632128,335544329,16779264,268501056,2]
[1073741824,0,0,0,0,0,0,16,0,0,0,0,0,0,33554432,0]-[0,276824064,2048,0,278528]
[0,0,0,0,0,0,0,0,16,0,0,0,1048576,0,0,0]-[537935872,2054,1114114,68427776,17410]
[0,0,2214592512,0,0,0,0,0,0,0,0,0,0,128,0,0]-[33554439,67240193,1073741828,4,4]
[0,0,0,0,0,8388864,0,0,0,0,4096,0,0,0,0,0]-[268435456,64,8409601,131072,0]
[128,0,0,0,536870912,0,0,0,0,0,0,0,0,0,0,0]-[4194305,2228224,0,67117056,36]
[0,0,67108864,0,0,0,0,16,1048576,0,0,1073741824,0,0,0,0]-[0,16,0,4112,1048576]
[0,0,0,0,0,0,0,16,0,0,0,0,0,32,33554432,0]-[0,0,150994944,2113536,0]
[0,0,67108864,0,0,0,0,0,16777216,0,0,0,0,0,33554432,0]-[134742048,67111200,2147485440,151031880,450]
[0,0,0,0,0,8192,0,0,0,262144,0,0,262144,0,0,0]-[256,32768,16809984,0,0]
[0,524288,0,0,0,0,0,0,0,0,4096,0,0,0,0,0]-[268439552,67108864,268435968,268437504,2]
[0,0,0,0,0,2097152,0,0,0,0,0,0,0,0,262144,0]-[0,0,1077936128,32768,512]
[0,0,0,0,0,0,0,0,1048576,0,4096,16384,0,0,0,0]-[0,276824064,16777216,524288,0]
[0,0,0,0,0,0,0,16,16777216,0,1073741824,0,0,0,0,0]-[0,0,131072,33556480,16]
[536870912,0,67108864,0,0,16384,0,0,0,0,0,0,0,0,0,0]-[0,2147483648,33554432,1,65536]
[0,0,0,0,0,32,0,0,0,0,0,2097152,0,0,0,0]-[0,0,2,301989888,32768]
[0,0,67108864,33554432,0,0,16777216,0,0,0,0,0,0,0,0,0]-[41943040,256,0,32,0]
[0,0,0,0,0,0,0,64,134217728,0,0,0,8,0,2048,0]-[512,134217728,0,0,257]
[0,0,0,256,0,0,8192,0,0,0,0,0,0,0,0,0]-[0,256,83886080,67108864,0]
[0,0,0,0,0,0,0,0,134217728,0,67108864,0,0,0,67108864,0]-[0,524288,67502081,0,0]
[0,8388608,67108864,0,0,64,0,0,0,0,0,0,0,0,0,0]-[0,2048,32,8192,2]
[0,0,268435456,1,0,64,0,0,0,0,0,0,0,0,0,0]-[8388608,33554432,0,0,10240]
[0,0,131072,0,0,0,0,0,0,0,4096,0,0,128,0,0]-[262144,0,1,132,0]
[0,0,0,0,0,0,0,64,0,0,0,0,0,0,67108864,0]-[268959744,0,2181038080,0,0]
[0,0,0,0,0,0,0,256,1048576,0,0,16,0,536870912,0,0]-[0,0,16777232,1048576,256]
[0,0,0,0,32768,0,0,0,0,0,0,0,0,33554432,0,0]-[8192,32,4096,16,0]
[0,0,0,67108864,0,0,0,0,0,0,0,0,0,128,0,0]-[268435986,1179680,11141120,536873024,2195584]
[0,268435456,268435456,0,0,0,0,16,0,0,0,0,0,0,0,0]-[0,8,1048576,0,10240]
[0,0,67108864,0,0,0,0,16,536870912,0,0,0,0,0,0,0]-[0,2105344,0,9216,0]
[0,0,67108864,0,0,0,0,0,1024,0,0,1,1073741824,0,0,0]-[0,16384,67125248,0,1]
[0,0,0,0,0,64,0,0,1048576,0,0,0,0,536870912,0,0]-[16400,16,128,2147483648,68]
[0,64,0,0,0,0,0,0,536870912,0,0,0,1048576,0,0,0]-[1048578,2,0,512,0]
[0,0,67108864,32,0,0,0,0,0,0,0,0,0,128,0,0]-[35651584,268435744,1077428224,2097708,65600]
[0,0,0,32,0,256,0,0,0,0,0,0,0,0,0,0]-[272105472,268439840,16777216,536871168,8256]
[128,0,0,0,0,0,0,0,0,0,0,0,0,131072,0,0]-[0,536870914,2147483648,0,262144]
[128,0,0,0,0,8388864,0,0,16777216,0,0,0,0,0,0,0]-[0,0,536870912,16809992,0]
[0,0,67108864,0,0,0,0,0,0,0,0,1073741824,1048576,128,0,0]-[33554432,64,1074790400,96,524288]
[128,0,0,0,33554432,0,0,0,0,0,0,0,0,0,0,0]-[0,0,131072,1,320]
[0,0,0,0,524288,0,0,524288,0,0,0,0,0,0,0,0]-[524288,8192,268435456,0,262144]
[268435456,0,0,0,0,0,0,0,0,0,0,0,0,1048576,8,0]-[16777216,0,4,536870912,1024]
[0,0,0,0,2048,0,8192,16,0,0,0,0,1048576,128,0,0]-[16384,32,2097152,0,262144]
[0,0,0,0,0,0,8320,524288,0,0,0,0,0,0,0,0]-[131072,0,262656,0,8]
[128,0,0,0,0,0,0,16,0,0,4096,0,0,0,0,0]-[264192,262144,0,4358144,0]
[0,0,0,0,0,0,8192,8,1048576,0,0,32,0,0,0,0]-[0,128,0,268435472,16]
[0,0,0,0,0,0,0,0,0,0,4096,0,0,0,0,32]-[524288,0,64,260,0]
[0,0,0,0,0,0,0,8,134217728,0,0,0,0,0,67108864,0]-[0,32,100925440,0,0]
[0,2048,0,0,0,0,0,0,0,0,4096,0,1048576,0,0,0]-[2048,0,64,264192,0]
[0,0,67108864,0,0,0,0,0,0,0,0,0,0,0,0,65536]-[2147483648,33555469,33559824,2150629384,34817]
[0,0,0,0,0,0,8192,0,262144,0,0,0,0,0,0,0]-[2147492864,16777474,16785408,4352,2]
[0,0,67108864,0,0,0,2048,0,0,0,0,0,0,128,0,0]-[0,256,0,2097664,2228224]
[0,0,67108864,1024,0,64,0,0,0,0,1048576,0,1048576,0,0,0]-[0,0,0,17826304,2097152]
[0,0,0,0,0,0,0,134217728,1073741824,0,0,0,0,0,0,0]-[8392704,4096,0,1073741824,0]
[0,0,32768,0,0,0,0,0,1048576,0,0,0,0,128,0,0]-[131072,0,1074528256,0,0]
[0,0,0,0,0,0,0,0,1048576,0,8,0,0,4,0,0]-[262272,0,536870912,33554432,0]
[0,0,0,2,0,0,0,0,1048576,0,4096,0,1048576,0,0,0]-[2097152,0,16,71303168,0]
[0,0,67108864,0,0,0,0,0,0,2147483648,0,0,0,0,0,2048]-[4194304,537198592,0,0,0]
[0,0,0,0,0,256,2048,0,0,0,0,0,0,0,0,0]-[0,0,268435456,6144,256]
[0,0,67108864,0,0,0,0,0,16384,0,0,0,1048576,0,0,0]-[16842754,64,0,33554977,0]
[0,0,67108864,0,0,0,0,0,0,0,0,0,0,0,64,0]-[4786185,67520512,2214593536,1048576,16449]
[0,0,0,0,0,0,0,0,0,0,0,0,1048576,0,33554433,0]-[131072,2,0,20971520,0]
[0,0,0,2048,0,256,0,16,0,0,0,0,0,0,0,0]-[16,0,4096,134221824,0]
[0,0,0,0,0,0,0,1342177280,0,0,0,0,0,1048576,0,0]-[33554440,128,0,0,2]
[0,0,0,32,0,0,0,512,0,0,0,0,262144,0,0,0]-[1048576,0,16777216,35651584,0]
[0,2048,0,0,0,0,0,0,0,0,0,0,0,132,0,0]-[2,1073741856,0,4096,0]
[0,0,0,0,0,8192,0,1073741824,0,0,0,0,0,128,0,0]-[1048576,1,0,2048,4]
[0,0,67108864,128,0,0,0,0,0,0,4096,32,0,0,0,0]-[64,16777232,0,0,2]
[0,0,67108864,2097152,0,0,0,0,134217728,0,0,0,0,0,0,0]-[0,256,2097152,0,16448]
[0,0,0,0,0,0,0,16,1048576,0,0,32,0,0,0,0]-[16400,32,2112,2585790513,8208]
[0,0,0,0,0,0,64,0,0,0,4096,0,0,128,0,0]-[2377729,604373313,1073741952,65540,2162848]
[0,0,67108864,0,0,8,0,0,0,0,4096,0,0,0,0,0]-[2048,0,301989904,0,0]
[0,0,16777216,0,0,0,8192,0,0,0,0,0,0,128,0,0]-[268435456,262144,0,0,32832]
[0,128,0,0,0,0,0,0,134217728,0,4096,0,0,128,0,0]-[268435456,1,0,268435456,128]
[128,0,67108864,0,0,0,0,0,0,0,67108864,0,0,0,0,0]-[134217728,0,0,33628384,0]
[0,0,67108864,0,0,0,0,0,1048576,0,524288,0,262144,0,0,0]-[0,536870912,0,33555456,1024]
[0,0,0,0,0,0,0,0,0,0,0,0,1048576,0,134217728,0]-[537133057,0,33554432,0,73728]
[0,0,0,0,0,64,0,0,0,0,0,16384,0,0,0,0]-[8388608,536870912,1,2,0]
[0,0,0,0,1024,0,0,0,1048576,0,0,0,1048576,0,0,0]-[2147483648,0,2145,2248146960,0]
[0,0,67108864,0,0,131072,0,16,0,0,0,0,0,0,0,0]-[0,2048,1048576,17,0]
[128,0,262144,0,0,0,0,0,0,0,4096,512,0,0,0,0]-[512,0,0,147456,4096]
[0,128,67108864,0,0,0,0,0,0,0,8,0,0,0,0,0]-[33554432,8,33570816,0,0]
[0,0,0,65536,0,64,0,0,0,0,0,0,0,128,0,0]-[2064,0,524288,0,1060]
[0,0,0,0,0,0,0,0,0,512,0,134217728,0,0,0,0]-[201326592,1073742336,0,0,0]
[0,0,0,65536,0,0,0,0,0,0,0,0,256,0,0,0]-[0,2049,0,301989888,0]
[0,32768,1073741824,0,0,0,0,0,0,0,0,0,0,0,0,0]-[2,512,0,0,262145]
[0,0,0,0,0,0,32,0,1048576,0,0,0,8,0,0,0]-[17039360,1048576,2048,0,0]
[0,0,0,0,0,256,0,16,1048576,0,0,0,1048576,128,0,0]-[0,269484032,0,201326592,0]
[0,0,0,0,8,0,0,0,0,0,67108864,0,0,0,0,0]-[0,0,2,33554496,131072]
[0,0,0,0,0,0,0,1207959568,0,0,0,0,0,0,0,0]-[512,16384,0,32770,0]
[0,0,8388608,0,0,0,0,0,1048576,0,0,0,0,0,0,0]-[2197815316,12599424,2049,2753572864,524304]
[128,0,0,65536,0,0,0,0,134217728,0,0,0,0,0,0,0]-[64,0,0,268451856,524544]
[0,0,0,0,0,0,0,64,0,0,0,0,1048576,0,0,0]-[536871552,268435506,266240,2155036934,1]
[0,0,67108864,0,0,16384,0,0,1048576,0,0,0,0,0,0,0]-[2131969,33620004,37750784,9635,1152]
[0,0,67108864,0,0,0,0,8192,0,0,16777216,0,0,0,0,0]-[0,2147549448,0,0,0]
[0,0,67108864,0,536870912,0,0,0,0,0,0,0,1048832,0,0,0]-[0,16896,8192,0,16384]
[0,0,67108864,0,0,0,128,16,0,0,0,0,0,0,0,0]-[0,64,8224,32768,0]
[0,0,0,0,0,0,0,0,537919488,0,0,0,0,128,0,0]-[128,0,0,4226,0]
[128,0,67108864,0,1073741824,0,0,0,0,0,0,0,0,536870912,0,0]-[0,65536,1024,33554432,64]
[0,0,0,0,0,256,0,0,1048576,0,0,0,512,0,0,0]-[65536,0,1090519040,0,64]
[0,0,83886080,0,0,0,64,0,0,0,0,0,0,0,0,0]-[0,4097,268436480,1024,0]
[0,0,0,0,0,8,0,0,1048576,0,0,0,0,128,0,0]-[16,65536,1082163328,1207960192,8192]
[0,0,67108864,0,1048576,0,64,0,0,0,0,0,1048576,0,0,0]-[32768,8,65536,0,128]
[0,0,0,0,0,96,0,0,0,0,0,0,0,0,0,0]-[268435456,0,524296,1,0]
[0,0,67108864,0,0,0,0,0,0,8192,0,0,1048576,128,0,0]-[0,16779264,0,528,0]
[0,0,0,0,0,0,0,16777216,0,0,4096,0,0,0,67108864,0]-[524288,32,65537,0,0]
[0,0,0,0,0,0,0,0,0,0,0,32,1048576,128,0,0]-[808616003,16793600,0,2150629396,2138272]
[0,0,0,0,262144,8192,0,0,0,0,0,0,0,0,0,0]-[512,524304,0,2,0]
[0,0,0,8,0,0,0,0,1048576,0,0,0,0,134217728,0,0]-[1,128,0,0,8208]
[0,0,67108864,0,0,0,0,0,0,0,0,32,0,0,2,0]-[32,2048,8192,16777216,0]
[2097152,0,0,0,0,0,0,0,0,0,0,0,0,512,0,0]-[64,0,9216,0,262144]
[0,0,0,0,0,0,0,0,0,0,0,0,67108864,128,0,0]-[0,0,1075839104,0,1024]
[0,0,0,0,0,0,64,0,0,134217728,0,0,1048576,0,0,0]-[32768,8,0,131072,4096]
[0,0,0,0,0,0,64,0,0,0,0,0,8388608,0,0,0]-[2097152,0,0,1048576,6144]
[0,524288,67108864,0,0,0,0,0,2048,0,4096,0,0,0,0,0]-[4096,64,0,33554432,128]
[0,0,67108864,0,67108864,0,0,0,0,0,0,0,0,0,67108864,0]-[0,4,33620000,16785408,1048580]
[0,0,67108928,0,0,0,0,0,0,0,0,0,1048576,0,0,0]-[2,67176456,4096,4,32768]
[0,0,67108864,0,0,0,0,0,0,0,1052672,0,1048576,0,0,0]-[0,16777220,65536,0,2]
[0,0,0,0,0,134217728,0,0,1048576,0,0,0,0,0,0,0]-[1589520,1913995552,327820,2218264577,0]
[0,0,0,0,0,256,0,0,0,0,0,0,0,128,0,32768]-[0,65792,2228224,0,0]
[0,0,1024,0,0,0,0,0,0,0,4096,0,0,128,0,0]-[268437504,0,9437184,335609872,2170884]
[0,0,67108864,0,0,0,0,0,1048576,0,0,0,0,65536,0,0]-[0,327680,534528,1024,131092]
[0,0,0,0,0,0,8192,0,0,0,0,0,131072,0,0,0]-[0,128,268439552,0,32]
[0,0,67108864,0,0,256,0,0,0,256,0,0,0,0,0,0]-[8,67110912,524544,65536,2048]
[0,0,0,0,0,0,8,0,0,0,0,0,0,536870912,0,0]-[135266308,268440064,0,8390656,0]
[0,0,0,0,0,0,0,0,0,0,4096,0,0,132,0,0]-[2097152,131072,0,268435584,0]
[0,0,0,0,0,0,8192,0,0,0,4096,0,0,1,0,0]-[64,4194368,0,0,4096]
[0,0,0,0,0,256,0,0,0,0,0,2048,0,0,0,0]-[67108864,8397312,134217792,0,131073]
[0,0,67108864,0,0,0,0,0,0,0,0,2048,0,128,0,0]-[0,65600,1073741824,0,2097152]
[0,0,67108864,0,0,0,0,0,131072,0,4096,0,0,128,0,0]-[2049,0,0,262656,0]
[0,0,0,0,0,0,0,0,0,0,0,0,1048584,134217728,0,0]-[268435456,0,33554432,16,1024]
[2147483648,0,67108864,0,0,0,0,0,0,2097152,0,16384,262144,0,0,0]-[0,8,268436480,0,32768]
[0,0,0,262144,0,0,0,0,0,0,0,0,0,0,33554432,0]-[36,0,536870912,64,0]
[0,0,67108864,0,0,0,8192,0,0,2147483648,0,0,8,0,0,0]-[0,0,4,69888,0]
[0,0,67108864,0,0,0,0,0,0,268436480,0,0,0,0,0,0]-[67108864,0,8,262146,0]
[0,0,1048576,0,0,256,0,0,1048576,0,0,0,1048576,0,0,0]-[65792,0,1073741824,0,131072]
[0,1048576,0,0,0,0,0,0,0,524288,4096,0,0,0,0,0]-[2147491840,134217728,0,0,262144]
[8388736,0,0,0,0,0,0,0,0,0,0,0,262144,128,0,0]-[0,536870912,130,0,1048576]
[0,0,67108864,0,0,0,0,0,0,64,0,0,0,0,0,0]-[210305098,591474240,38371844,2183697373,706625]
[0,0,67108864,8,0,0,0,16,1048576,0,0,0,0,0,0,0]-[16777216,0,1073741824,4202496,0]
[0,0,67108864,0,0,33554432,0,0,1048576,0,0,0,0,0,0,0]-[65536,288,32784,1024,655364]
[0,0,0,0,0,0,0,0,134250496,0,0,0,0,0,0,0]-[536871424,536870912,0,0,1]
[0,0,0,0,0,0,0,0,1048576,0,0,0,1048576,0,4096,0]-[0,128,1073741888,32768,0]
[0,0,0,0,0,256,0,0,1073741824,0,0,0,1048576,0,0,0]-[0,512,262144,4100,0]
[0,0,0,16777216,0,0,0,0,0,0,0,262144,0,0,0,0]-[0,16777216,32,1048576,512]
[0,0,0,0,0,256,0,0,0,64,33554432,0,0,0,0,0]-[67174912,0,0,0,4096]
[0,0,67108864,0,0,536870912,0,0,1048576,0,0,0,0,0,0,0]-[0,33554432,524288,65,0]
[0,0,0,0,32768,0,0,0,17825792,0,0,0,0,128,0,0]-[0,256,536871072,0,0]
[0,0,0,0,0,0,8,256,0,0,0,1024,0,0,16,0]-[0,4096,0,276826112,0]
[0,0,0,0,0,8192,8192,0,0,0,4096,0,0,0,0,0]-[0,8192,134221888,65536,40]
[128,0,0,0,0,0,0,8,1048576,0,0,0,0,536870912,0,0]-[262144,256,0,33554432,64]
[0,0,0,0,0,0,0,0,1048576,0,0,0,1048576,33554432,0,0]-[256,1073742336,8193,1075839008,0]
[0,0,67108864,0,0,0,0,0,0,0,0,524288,0,0,67108864,0]-[0,0,2181103616,16777216,0]
[128,0,67108864,0,0,0,0,0,1048576,0,8,0,0,0,0,0]-[0,268435456,0,33554560,256]
[0,0,0,16,0,64,0,0,1048576,0,0,0,0,128,0,0]-[128,0,524416,0,1024]
[0,0,0,0,67108864,0,0,0,16777216,0,0,0,0,0,0,0]-[3426838688,2164362018,2693809890,19140749,537368]
[0,0,0,0,0,0,0,0,0,0,65536,0,1048576,0,0,0]-[32768,8407040,0,0,0]
[0,0,67108864,0,0,0,64,0,2097152,0,0,0,0,0,0,0]-[0,266256,0,65536,0]
[0,0,67108864,16384,67108864,0,0,0,0,0,0,0,1048576,0,0,0]-[4194304,2147483648,2048,0,4]
[0,0,67108864,0,0,0,0,0,0,524288,0,0,1048576,0,536870912,0]-[0,64,1048576,40960,0]
[0,0,67108864,0,0,0,0,0,0,524288,4096,0,0,0,0,0]-[27265088,2147614796,16384,299520,2097152]
[0,0,0,0,0,0,0,8388608,0,0,1073741824,0,0,0,0,0]-[8204,64,0,0,0]
[0,0,0,0,0,0,0,0,0,0,0,0,64,1073741824,0,0]-[262144,8,1050624,0,0]
[0,0,0,128,0,64,0,0,0,0,4096,0,0,0,0,0]-[268435520,16,128,0,0]
[0,0,67108864,16777216,0,0,0,0,0,0,0,0,0,0,65536,0]-[32,0,0,36868,0]
[0,0,0,8388608,0,0,32,0,0,0,0,0,1048576,0,0,0]-[131072,8,0,0,65664]
[0,0,67108864,0,2097152,0,0,0,0,0,0,0,0,0,0,0]-[2158002240,83890180,528896,40962,132098]
[128,0,67108864,0,0,128,8192,0,0,0,0,0,0,0,0,0]-[0,67117056,0,0,1048577]
[0,0,67108864,0,67108864,0,0,0,0,0,0,0,1048576,0,0,0]-[2294284288,2533554709,1378957860,18101168,2639238]
[0,0,0,0,0,0,0,0,1048576,16777216,0,0,0,536871040,0,0]-[264192,0,0,0,132]
[0,0,0,0,0,0,0,0,256,0,0,0,1048576,0,0,0]-[536870976,8390656,100667396,149510,0]
[0,0,67112960,0,67108864,0,0,0,134217728,0,0,0,0,0,33554432,0]-[0,256,1073741824,16777216,524288]
[1073741824,0,0,0,131072,0,0,0,0,0,0,0,0,0,0,0]-[32769,524288,2147483648,0,0]
[0,0,67108864,0,0,256,0,8,0,0,0,0,0,0,0,0]-[524289,69371968,525320,16785410,559248]
[0,0,0,0,0,0,0,16777216,0,0,4096,0,1048576,0,0,0]-[0,32,17,0,16384]
[0,0,0,0,0,0,0,0,0,0,0,0,1048576,0,16,0]-[1024,140288,2048,268435456,1]
[0,0,0,8,524288,0,0,0,134217728,0,0,0,0,0,0,0]-[276824064,65536,1073741824,0,0]
[0,0,0,0,67108864,0,0,0,0,0,1048576,0,0,128,0,0]-[262144,67108864,4,0,2097152]
[0,0,0,0,0,0,0,0,16777216,0,0,524288,0,0,0,0]-[134217728,0,2684420096,88080384,2097153]
[0,0,67108864,0,0,0,0,8,0,0,4096,33554432,0,0,0,0]-[16777216,33554432,512,262144,0]
[0,0,0,0,0,256,32768,16,1048576,0,0,0,0,0,0,0]-[16,0,8388608,2147483904,0]
[0,0,0,0,0,4194304,0,16,0,0,0,0,0,128,0,0]-[1,1024,262144,0,64]
[0,0,0,0,0,0,0,0,0,0,0,0,0,0,41943040,0]-[1049088,258,0,0,0]
[0,0,0,0,0,0,16384,33554432,0,0,0,0,0,0,0,0]-[0,0,128,1,16386]
[0,2097152,0,0,0,0,0,0,134217728,0,0,0,0,128,0,0]-[268435456,1,2,4096,0]
[0,0,0,0,0,256,0,8388608,0,0,4096,0,0,0,0,0]-[1075838976,64,0,131072,0]
[0,0,0,0,0,0,0,0,16777216,0,4096,0,65536,0,0,0]-[0,2147483680,65600,0,128]
[0,0,2,0,0,0,8192,0,0,0,0,0,0,128,0,0]-[0,67108865,536870912,0,32]
[0,0,0,0,0,0,0,0,8192,0,0,0,262144,0,0,0]-[272,1048576,0,65568,2]
[0,0,0,0,0,0,0,0,536870912,0,1073745920,0,0,0,0,0]-[0,33024,33554560,0,0]
[0,0,0,0,0,0,0,0,1048576,524288,0,0,0,128,0,0]-[131072,8388608,0,1073742464,1088]
[0,0,0,0,524288,0,1048576,0,0,0,0,0,0,0,0,0]-[1310722,134217728,0,0,0]
[0,33554432,0,0,0,0,0,0,0,0,0,0,0,0,16,0]-[8,1207959552,0,262144,0]
[0,0,67108864,0,0,0,8192,0,0,0,4096,0,0,0,268435456,0]-[1,131072,512,33554432,0]
[0,0,67108864,0,0,0,0,0,0,0,0,524288,1048576,0,0,0]-[134283266,67182656,1107370496,50405384,386]
[1,0,0,0,0,0,0,0,0,0,4096,0,0,0,0,0]-[0,0,1073742336,67141632,65536]
[0,16777216,67108864,0,0,0,64,0,0,0,0,0,0,0,0,0]-[0,131072,4096,1048640,0]
[0,0,0,0,0,0,2048,0,0,0,0,2048,0,0,0,0]-[0,512,34,0,2]
[0,0,0,0,0,0,8192,0,8388608,0,0,0,8,0,0,0]-[2147491840,131072,0,268435456,0]
[0,0,67108864,0,0,320,0,0,64,0,0,0,0,0,0,0]-[0,8192,16,134217728,131072]
[1073741824,0,0,0,0,0,0,0,0,0,0,0,268435456,0,0,0]-[1074003968,268435616,0,0,16384]
[0,0,67108864,0,0,0,8192,0,0,0,0,0,0,0,0,4096]-[0,553648128,0,65536,1]
[0,0,67108864,4096,0,0,0,0,0,0,0,0,0,0,0,0]-[260575232,2969570572,1410360324,2148077892,3276816]
[0,0,67108864,0,0,0,0,0,1048576,0,0,0,2148532224,0,0,0]-[0,0,8,96,1]
[0,0,67108864,0,0,0,8256,0,0,0,0,32,0,0,0,0]-[2,512,0,1024,2097152]
[32768,0,67108864,0,0,0,0,0,0,0,0,0,0,536870912,0,0]-[0,0,0,16,147520]
[0,128,0,0,0,64,0,0,0,0,0,0,0,128,0,8]-[131080,67108864,2097152,0,0]
[0,0,67108864,0,0,0,0,0,1048576,0,0,0,0,4096,0,0]-[0,0,4194304,1048640,1]
[0,0,0,1048576,0,0,0,0,0,0,0,0,1048576,0,0,0]-[1074004226,512,69275652,67108864,327682]
[0,0,0,0,0,16,2048,0,1048576,0,0,0,0,128,0,0]-[262144,0,0,512,131136]
[0,0,0,0,0,256,0,0,0,0,4096,0,0,0,2,4096]-[64,256,4160,0,0]
[0,0,0,0,0,0,32768,0,0,0,0,32,0,0,0,0]-[8388624,128,16384,0,0]
[0,0,0,0,0,0,0,0,16777216,1024,0,0,0,0,0,0]-[1107296256,268435456,2214592640,257,8256]
[0,0,0,0,0,0,0,512,0,0,0,0,0,128,0,0]-[2240,1024,1074921476,2176,8192]
[0,0,0,0,0,0,0,0,0,0,1048576,0,262144,0,0,0]-[524544,0,1,0,1024]
[0,0,67108864,0,0,64,0,0,1048576,0,0,0,0,0,0,16384]-[2048,0,524288,2147483648,128]
[0,0,0,0,65536,0,0,0,0,0,0,0,128,128,0,0]-[0,67108864,128,0,1152]
[256,0,0,0,0,0,0,0,0,0,0,32,0,0,0,0]-[8,33554432,131072,1048576,0]
[0,0,0,0,0,0,0,0,33554432,0,0,0,262144,0,0,0]-[0,49152,128,33554432,0]
[0,0,67108864,0,0,8388608,0,0,0,0,0,0,0,0,0,0]-[2367690830,2209880,3523812144,50698021,1739200]
[0,0,1073741824,0,0,256,64,0,0,0,0,0,0,0,0,0]-[8448,268436480,0,0,0]
[0,0,0,0,64,0,0,16,1048576,0,0,0,262144,128,0,0]-[16384,0,536870912,67108864,1048576]
[0,0,67108864,0,0,0,0,0,0,0,262144,0,0,0,0,0]-[155287616,2216751396,33667840,17905265,67603]
[0,0,67108864,0,0,0,0,0,0,1024,0,0,1048576,0,0,0]-[8388608,512,8192,2147487744,16386]
[0,0,0,0,67110912,0,0,0,0,0,33558528,0,0,0,0,0]-[0,163844,8388608,0,0]
[128,0,0,0,0,0,0,0,2,128,0,0,0,0,0,0]-[1048705,2147483648,0,0,0]
[0,128,0,64,0,0,0,0,0,0,0,0,0,0,0,0]-[8,33554432,4,1073741824,0]
[0,0,67108864,0,0,256,0,0,135266304,0,0,0,0,0,0,0]-[65537,65792,1073741840,2109760,1361]
[0,0,67108864,0,67108864,0,0,0,0,0,0,65536,0,0,0,0]-[2080,64,0,2097152,0]
[0,0,0,0,0,8192,0,262144,0,0,0,0,0,0,0,0]-[4,0,16777216,1073741824,16384]
[0,0,67108864,0,0,0,0,0,262144,0,4096,0,0,128,0,0]-[64,67109120,0,4,0]
[0,0,67108864,0,67108864,0,0,0,0,0,0,16777216,0,0,0,0]-[4194304,268566544,0,0,0]
[0,0,0,0,0,0,64,0,0,0,0,0,8,0,0,0]-[0,201327104,34144256,537035776,256]
[0,0,0,8192,0,0,0,0,0,0,0,512,0,0,0,0]-[2097152,2048,512,0,8192]
[0,0,67108864,16777216,0,0,0,16,0,0,0,0,0,0,0,0]-[8388608,4112,33824,524416,0]
[0,0,0,0,0,16777216,0,0,0,4096,0,0,0,0,0,0]-[0,32768,262144,1024,1]
[0,8192,0,0,0,0,0,0,0,0,0,0,1048576,128,0,0]-[0,0,8388608,1082130464,0]
[0,0,0,0,0,0,0,0,0,0,0,0,524288,0,128,0]-[8388608,1049600,33554432,0,0]
[536870912,0,67108864,0,0,0,0,0,0,0,4096,0,0,0,0,0]-[65,2181170256,33624064,37749760,65664]
[0,8388608,0,0,0,0,0,0,0,33554432,0,0,0,128,0,0]-[0,0,5,4096,524288]
[0,0,33554432,0,67108864,0,0,0,0,0,0,0,0,128,0,0]-[262144,83886080,0,0,4]
[0,0,0,0,1073741824,0,64,0,0,0,0,0,0,128,0,0]-[2,0,262146,0,32]
[0,0,67108864,0,0,0,0,0,0,0,0,0,0,0,536871040,0]-[0,0,67108864,2097168,16384]
[0,0,0,0,32768,0,0,0,0,4096,0,0,0,0,0,0]-[1048576,0,2,16384,8192]
[0,0,0,0,0,0,64,0,0,0,0,0,1048578,128,0,0]-[2,0,0,4096,1056]
[128,262144,0,0,0,0,0,0,0,16384,0,0,0,0,0,0]-[0,0,2147483666,0,262144]
[1048576,0,1024,0,0,0,0,0,0,0,0,0,1048576,0,0,0]-[1207959552,0,75497472,0,0]
[0,0,0,0,0,0,0,16,0,268435456,0,0,0,0,0,0]-[1024,2162702,1207963840,4227104,136]
[0,16,0,0,0,0,0,0,0,0,0,0,0,0,262144,0]-[68157440,0,2097152,536870912,0]
[0,0,67108864,0,0,64,0,0,0,0,4096,0,8,0,0,0]-[0,8192,0,4352,16384]
[1024,0,0,0,0,0,0,0,1048576,0,0,0,0,64,0,0]-[0,4194560,536870912,0,128]
[0,0,0,0,65536,64,0,0,1048576,0,0,0,0,0,0,0]-[16,16,0,0,1152]
[0,65536,67108864,0,0,0,0,0,0,0,0,0,0,128,65536,0]-[2,16777216,524288,512,0]
[0,0,67108864,0,0,0,8192,0,0,4,512,0,0,0,0,0]-[0,32,2048,32768,2097152]
[0,16384,0,0,0,0,0,16,0,0,0,0,0,0,0,512]-[4096,8192,0,131072,64]
[0,0,0,0,0,0,0,0,0,0,0,0,1310720,0,0,0]-[829931842,3587373807,1945456919,796353334,1556334]
[0,268435456,0,0,0,0,0,0,0,0,0,0,0,0,4194304,0]-[536870920,0,4329984,268697600,0]
[0,0,0,0,0,8192,0,0,1048576,0,0,0,0,536870912,0,0]-[134217732,1073750020,2097152,1082130432,128]
[0,0,0,0,0,0,0,0,8388608,0,0,0,0,131072,0,0]-[16777216,0,201850880,0,0]
[0,0,0,0,0,0,0,16,0,0,4096,2048,0,0,0,0]-[0,67176448,16777216,33570944,2048]
[0,0,0,0,67108864,0,0,0,201326592,0,0,0,0,0,0,0]-[134217728,0,16785408,512,0]
[0,0,0,0,0,0,64,8,0,0,4096,0,0,0,0,0]-[16384,0,1073741824,32772,0]
[0,0,67108864,0,0,0,0,0,1048608,0,0,0,0,0,0,0]-[65538,25136,69206016,4202688,1]
[0,0,0,0,0,0,8192,1048592,1048576,0,0,0,0,0,0,0]-[0,0,0,2304,1048577]
[0,0,0,0,0,0,16384,0,0,0,64,0,0,0,0,0]-[1207959616,16,0,0,0]
[0,0,0,0,0,0,512,0,0,0,4096,0,0,0,0,0]-[262144,16,268435456,66048,4098]
[0,0,0,0,0,0,0,0,1048576,0,524288,0,0,0,0,0]-[16973952,8454272,41943057,1058706,1572928]
[0,0,0,0,0,0,0,0,0,0,16,0,8192,0,0,0]-[0,130,0,4,1048576]
[0,0,67108864,0,0,0,0,0,0,0,266240,0,1048576,0,0,0]-[0,4,65536,65536,2]
[0,0,268435456,0,0,0,0,0,0,0,4096,0,0,0,0,0]-[2099200,570458112,411041792,268566660,82056]
[4,0,0,0,0,0,0,0,0,0,0,0,1048576,64,0,0]-[64,0,33562625,0,0]
[0,0,1024,0,0,0,0,0,0,0,0,0,8,0,0,0]-[128,0,16777217,32776,8]
[1073741824,0,0,0,0,8192,0,0,0,0,0,0,1048576,0,0,0]-[0,268435456,0,65536,20480]
[0,0,0,0,0,1,0,16,0,0,0,0,0,0,0,0]-[540672,0,2048,2147485728,270336]
[0,0,0,0,0,0,0,2147483648,0,0,0,0,0,128,0,0]-[10,1050688,2147483780,67108882,65536]
[0,0,0,1073741824,0,0,0,0,0,0,0,0,1048576,0,0,0]-[1048576,1073741824,262146,553664516,512]
[0,0,67108864,0,0,0,64,0,0,4096,0,0,0,0,0,0]-[6,0,268435456,0,4]
[0,0,0,0,0,0,0,0,0,0,16777216,0,1048576,0,0,0]-[3149824,276858882,8208,131072,8192]
[0,0,0,0,0,0,0,0,1048576,0,0,1,0,0,0,0]-[2113796,542376116,553650201,538479105,132160]
[0,0,67108864,0,0,0,0,16,0,0,0,0,1048704,0,0,0]-[4194304,64,36,0,0]
[524288,0,67108864,0,0,0,0,0,134217728,0,0,0,0,0,0,0]-[64,64,8,256,0]
[0,0,67108864,0,0,256,0,0,16777216,0,0,0,0,128,0,0]-[0,16777248,18176,16777408,524416]
[0,0,0,0,0,0,0,0,0,0,0,0,0,0,33554432,128]-[0,524288,0,8650752,2048]
[128,0,67108864,0,0,0,0,0,0,0,0,0,0,128,0,0]-[113248321,908402033,2215177240,2148860155,3833927]
[0,0,0,0,0,256,2147483648,16,0,0,0,0,0,0,0,0]-[64,0,131136,256,0]
[4194304,0,67108864,0,0,0,0,0,0,0,0,0,0,0,0,0]-[0,4096,272,0,1]
[0,0,33554432,0,0,0,0,0,1048576,0,0,0,0,16384,0,0]-[0,0,8421504,4194304,0]
[0,0,67108864,0,0,0,0,0,0,0,0,32,1048576,536871040,0,0]-[66,0,0,0,2097280]
[0,0,0,32,0,0,0,0,1048576,0,0,0,2,128,0,0]-[0,0,1610874880,512,0]
[0,67108864,0,0,0,0,0,16,0,0,0,0,0,0,0,0]-[0,65536,131074,256,0]
[0,0,0,0,0,0,1,0,8,0,0,0,0,0,0,0]-[4096,0,536870912,2048,16384]
[128,0,0,0,0,256,0,0,0,0,0,0,0,0,0,0]-[1544963024,1136912,2776857774,2438455771,659829]
[0,0,67108864,1,0,8192,0,0,1048576,0,0,0,0,0,0,0]-[8,2147487744,4096,0,0]
[0,0,0,0,0,0,0,33554448,0,0,0,0,0,536870912,0,0]-[80,4096,0,16,0]
[4096,0,0,0,0,0,0,0,8192,0,0,0,0,0,0,0]-[4194304,525312,16,0,0]
[0,0,67108864,16777216,0,0,0,0,0,1,0,0,0,0,0,0]-[34,16384,0,32768,0]
[0,0,16777216,0,0,0,0,16,0,0,0,0,0,0,0,0]-[1889602560,605326355,33850496,1074267432,6241]
[0,0,67108864,2080,0,0,0,16,0,0,0,0,0,0,0,0]-[0,0,4608,134221824,0]
[0,0,0,0,8,0,0,0,0,0,0,0,0,128,0,0]-[3145818,1074004256,2147614720,77860864,787488]
[0,0,67108864,0,0,268435456,0,0,0,0,4096,0,0,128,0,0]-[0,65536,524292,0,1024]
[128,0,0,0,0,0,0,0,0,0,0,0,0,0,33554944,0]-[134218240,256,0,16384,0]
[0,0,0,0,0,0,0,0,0,1048576,0,0,0,0,0,16]-[0,0,33024,32768,8]
[0,0,67108864,0,0,0,0,0,0,0,2147483648,0,0,0,0,0]-[2317352993,33836361,68206852,8192,132]
[0,0,67108864,0,0,0,0,0,0,0,16384,0,0,128,0,0]-[8,0,0,12,68]
[0,0,0,0,0,0,0,0,4,0,0,0,0,33554432,0,0]-[0,1140850688,0,16778240,0]
[262144,0,0,0,0,0,0,0,1048576,0,0,0,262144,0,0,0]-[1,16,262152,0,0]
[0,0,0,0,0,0,64,0,0,0,0,0,1073741824,0,0,0]-[2048,132,512,7471104,0]
[0,0,67108864,0,0,0,0,0,1048576,0,4096,0,0,0,0,0]-[2175338565,3074753917,1112100912,2187958194,2835846]
[0,0,67108864,0,0,0,0,0,1048576,0,0,0,1048576,0,536870912,0]-[0,301989888,0,2147483664,0]
[2,0,0,65536,0,0,0,0,0,0,0,0,0,0,0,0]-[1572864,1,0,2048,0]
[0,0,0,65536,0,0,0,0,1048576,0,0,0,4096,128,0,0]-[1048576,0,131074,65536,0]
[0,0,67108864,0,0,0,2048,0,135266304,0,0,0,0,0,0,0]-[0,0,0,2101248,524544]
[1073741824,0,1048576,0,0,256,0,0,0,0,0,0,0,0,0,0]-[262144,4096,0,262144,4096]
[512,0,0,0,0,0,0,0,0,0,0,0,68157440,0,0,0]-[0,4194304,2,129,0]
[0,0,0,0,0,0,0,0,1048580,0,0,0,65536,128,0,0]-[16384,0,0,576,4]
[0,0,0,0,67108864,16,0,0,1048576,0,0,0,1048576,0,0,0]-[256,1073741824,8388608,536870912,0]
[0,0,67108864,0,0,0,0,0,0,4,0,0,262144,512,0,0]-[4096,64,268435456,0,4]
[1073741824,0,0,0,0,320,0,0,0,0,0,0,0,0,0,0]-[2147484176,0,32,0,0]
[0,8388608,0,0,0,32,0,0,0,0,0,0,0,0,0,0]-[134217728,34078720,0,0,8192]
[67108864,0,0,0,0,0,0,16,1048576,0,0,0,0,0,0,0]-[262144,0,0,536903680,64]
[0,0,67108864,0,32,0,0,8,1048576,0,0,0,0,65536,0,8]-[0,256,0,2654208,0]
[1048576,0,67108864,256,0,0,0,0,0,0,0,0,1048576,0,0,0]-[2147483648,2097168,512,0,0]
[0,0,67108864,0,0,0,0,4112,0,0,16384,0,0,0,0,0]-[2147483648,0,4096,134217760,0]
[262144,8,0,0,0,0,0,0,0,0,0,0,0,0,0,0]-[67110912,8388608,0,1024,0]
[128,0,67108864,0,0,0,0,0,0,0,262144,524288,0,0,0,0]-[134217728,0,0,16842784,0]
[0,0,67108864,0,67108864,0,0,0,1048576,16384,0,0,0,0,0,0]-[0,4456704,0,16,0]
[0,0,0,0,0,0,8192,0,131072,0,0,0,0,0,0,0]-[0,129,0,4096,32]
[0,0,0,0,0,0,0,0,134217728,0,0,0,0,129,0,0]-[2128,64,0,0,0]
[0,0,0,0,0,67108864,0,0,16777216,0,0,0,0,0,0,0]-[134225920,0,262274,192,4096]
[0,524288,67108864,0,0,0,0,0,0,0,4096,0,1048576,0,0,0]-[8392768,67108864,0,33554432,128]
[0,0,67108864,0,0,0,64,16,1048576,0,4096,0,0,0,0,0]-[2048,536870912,16,32768,0]
[0,0,67108864,134217728,0,0,0,0,0,0,0,0,0,0,0,0]-[2387118080,2436956160,268550148,2164588872,67713]
[0,0,0,0,0,0,128,0,0,0,0,0,16777216,128,0,0]-[0,64,32,10485760,0]
[32,0,67108864,32,0,0,0,0,0,0,0,0,0,0,0,0]-[64,0,0,0,147457]
[1048576,0,67108864,0,0,0,1,0,0,0,0,0,0,0,0,0]-[16777216,2048,2147483648,0,2097152]
[0,0,67239936,0,0,0,0,0,262144,0,0,0,1048576,0,0,0]-[2147483648,0,16384,32769,0]
[0,0,0,0,0,0,32,272,134217728,0,0,0,0,0,0,0]-[16,1048576,536870912,0,2048]
[128,0,0,32,0,0,0,0,0,0,0,0,0,0,0,0]-[1073741824,262144,0,2147500032,0]
[0,64,0,0,0,0,0,0,0,0,0,0,0,0,33554432,0]-[1048576,2,536870912,8388608,0]
[0,0,0,0,0,256,0,0,0,0,0,0,1048576,536870912,33554432,0]-[262144,268505088,0,0,0]
[33554432,0,0,0,0,0,0,0,0,0,4096,0,8388608,0,0,0]-[256,1024,0,2048,65536]
[0,0,0,0,0,0,0,0,0,0,0,16,0,128,0,0]-[148484,806355265,11673732,1074008708,786560]
[0,0,0,0,0,0,0,0,0,0,0,0,655360,0,0,0]-[0,128,20496,0,0]
[0,0,67108864,0,0,67108864,0,0,0,0,0,0,1048576,0,0,0]-[8388608,33554433,0,2097152,0]
[0,0,67108864,0,0,0,0,131072,0,0,0,0,0,0,805306368,0]-[8388608,256,0,16,16]
[0,0,0,0,0,0,64,0,0,0,1073741824,0,1048576,0,0,0]-[294912,268435460,138412032,0,10]
[0,4,0,0,0,0,0,0,134217728,0,0,0,0,0,0,0]-[0,8196,0,131072,1048576]
[0,0,0,0,67108864,0,0,0,0,0,0,0,262152,0,0,0]-[0,67108868,16777217,0,0]
[0,0,0,0,0,1024,0,0,0,0,4096,0,0,0,0,0]-[285212736,16777232,1207959552,393216,32]
[0,0,0,0,0,0,0,0,0,2147483648,16,0,1048576,0,0,0]-[37748736,0,2,0,4]
[0,0,67108864,0,0,0,0,0,0,0,135168,0,0,536870912,0,0]-[0,16777492,0,0,0]
[0,0,32768,0,0,0,0,536870912,0,0,0,0,0,0,0,0]-[4194304,2097152,0,270532608,0]
[8388608,0,0,16777216,0,0,0,0,134217728,0,0,0,0,0,0,0]-[0,134217984,1073741824,0,16384]
[0,0,0,0,0,0,0,0,0,0,0,0,262144,0,0,16384]-[32,128,8388608,8192,0]
[0,0,0,0,0,0,0,0,0,0,4096,0,2097152,128,0,0]-[512,0,8388608,262144,32768]
[128,0,0,0,0,0,2048,0,0,0,0,0,0,0,0,0]-[0,65536,536879104,131072,0]
[0,0,0,0,0,0,0,0,0,16777216,0,0,0,0,0,1024]-[262144,34078720,2097152,0,0]
[0,8388608,67108864,0,0,0,0,0,1048576,0,4096,0,0,0,0,0]-[0,16,0,1792,0]
[0,0,0,0,32,0,0,0,1048576,0,0,0,0,0,0,0]-[2164326416,1619001472,1077936193,3224938130,276]
[0,0,67108864,0,0,256,0,0,0,0,0,0,1048832,0,0,0]-[0,0,8192,16777232,16384]
[0,0,0,0,0,0,0,0,16777216,0,0,0,1048576,0,134217728,0]-[2147483904,0,67108864,0,16]
[0,0,0,0,0,2147483648,0,0,0,512,0,0,0,0,0,0]-[4456448,67108864,2,268435456,540674]
[0,0,67108864,0,0,64,0,0,0,0,0,0,0,0,0,0]-[3083455103,3060513781,3229351804,2870654975,4181495]
[0,0,67108864,0,0,0,0,16777216,1048576,0,0,0,0,0,0,0]-[42008588,574636080,34111496,134222592,2113876]
[0,0,589824,0,0,0,64,0,0,0,0,0,0,0,0,0]-[0,536936576,4096,0,0]
[0,0,0,0,0,256,64,0,0,0,4096,0,1048576,0,0,0]-[2375680,67108872,4096,260,4096]
[0,0,0,0,0,0,0,4194304,0,0,0,0,0,128,0,0]-[0,0,0,604241920,524288]
[0,0,0,0,0,0,0,0,0,0,524288,134217728,0,0,0,0]-[0,0,1280,0,34]
[128,0,67108864,0,0,64,0,0,134217728,0,0,0,0,536871040,0,0]-[2112,2048,0,0,64]
[0,0,0,0,134217728,0,0,0,0,1024,0,0,0,0,0,0]-[0,268435456,4194306,256,0]
[0,0,0,0,0,0,0,0,2,0,0,0,1048576,128,0,0]-[2097283,8388608,2097152,0,65536]
[0,2097152,0,0,0,0,0,0,0,0,0,32,0,128,0,0]-[16,0,0,268500992,131072]
[0,0,0,0,0,0,0,256,0,0,536870912,0,0,0,0,0]-[1107296256,0,0,16384,8]
[0,0,0,0,0,0,0,0,0,0,0,0,1048576,0,0,262144]-[147458,514,262144,17846292,1081344]
[0,0,67108864,0,0,0,0,16,1048576,0,0,32,1048576,0,0,0]-[0,512,0,2183135232,0]
[0,0,67108864,0,0,0,0,0,0,0,0,0,3145728,0,0,0]-[0,0,512,294944,0]
[0,0,0,0,0,0,16512,16,0,0,0,0,0,0,0,0]-[0,268435456,32768,256,262144]
[1152,0,0,0,0,0,0,0,0,0,0,0,0,0,0,0]-[134219776,0,1024,0,4096]
[0,0,0,2048,0,0,64,0,0,0,0,0,0,128,0,0]-[128,8390656,4,0,0]
[0,0,0,0,0,0,33554432,0,1048576,0,0,0,0,0,0,0]-[344080,0,16809984,1074791426,8192]
[0,128,0,0,0,0,0,0,1048576,0,0,0,262144,0,0,0]-[2097152,16384,16777345,35651584,0]
[1073741824,0,0,0,0,0,0,0,2097152,0,0,0,0,0,0,0]-[16,32768,4,16,0]
[0,0,0,0,0,0,0,0,0,0,33554432,0,1048576,0,0,0]-[2228224,81928,270352,3146240,2211850]
[0,0,0,0,0,0,0,0,16777216,0,0,0,67108864,128,0,0]-[0,16777216,2,128,524288]
[0,0,2,0,0,0,0,16,0,0,0,0,0,0,0,0]-[8454144,8256,262144,0,0]
[0,0,0,0,0,320,0,0,0,0,268435456,0,0,0,0,0]-[0,128,4128,0,64]
[0,0,0,0,0,0,33556480,16,0,0,0,0,0,0,0,0]-[0,134218240,0,64,262144]
[0,1,0,0,0,0,0,0,0,0,1073741824,0,0,0,0,0]-[0,0,0,0,143392]
[0,0,67108864,0,0,0,0,0,17825792,0,0,32,16777216,0,0,0]-[32768,0,33587200,1048576,0]
[0,0,67633152,0,0,0,0,0,0,0,0,0,0,65536,0,0]-[524321,0,32,0,0]
[128,0,67108864,0,0,0,0,0,1048704,0,0,0,0,0,0,0]-[33554432,262144,8192,33554497,524352]
[0,0,67108864,0,0,64,0,0,0,0,4096,0,32,0,0,0]-[2147483648,2097152,524288,524288,0]
[0,0,83886080,0,0,0,0,0,4,0,0,256,0,0,0,0]-[4194304,16777216,0,16777216,1]
[0,0,67108864,0,0,0,0,0,0,0,4096,134217728,0,0,0,0]-[209719298,131072,4194304,1024,0]
[0,0,1024,0,0,0,0,0,0,0,1073741824,0,1048576,0,0,0]-[0,2560,1,1048576,0]
[0,0,67108864,0,0,0,0,262160,0,0,0,0,0,0,0,32]-[0,538984448,8192,0,0]
[67108864,0,0,0,0,0,0,0,0,0,0,0,0,0,1048576,0]-[0,536875136,0,64,0]
[0,0,83886080,0,0,0,0,0,0,262144,0,0,262144,0,0,0]-[0,536875008,0,66560,2]
[0,0,16777216,0,67108864,0,64,0,0,0,0,0,0,128,0,0]-[0,0,262144,1073741824,8224]
[0,0,0,0,0,33554432,0,0,0,0,0,0,0,0,0,2048]-[132096,16384,0,4096,0]
[2097152,1024,0,0,0,0,0,0,0,0,0,0,0,0,0,0]-[0,537395201,0,0,131072]
[2048,0,0,0,0,0,0,0,0,0,0,8,1048576,0,0,0]-[0,2147484672,0,268435456,2048]
[0,0,0,0,0,8192,0,0,0,0,0,0,256,128,0,0]-[0,0,786432,327680,0]
[0,0,0,0,0,0,0,65536,0,0,0,0,0,524288,0,0]-[0,557056,67108864,67108864,0]
[0,0,0,0,0,64,0,16,1048576,0,0,0,0,0,67108864,0]-[16,512,0,2147483648,128]
[0,0,0,0,0,0,0,0,0,0,4096,0,0,128,1024,0]-[270794752,1024,0,4224,160]
[0,0,0,0,536870912,0,0,0,1048576,0,0,0,0,0,0,4]-[2147631104,0,0,0,131072]
[0,0,67108864,0,8192,0,0,16,0,0,0,0,0,0,0,0]-[65536,16777280,1040,4195328,0]
[0,0,0,0,0,64,0,0,1048576,0,4096,32,0,0,0,0]-[16777216,536870912,1,256,0]
[2176,0,0,0,0,0,0,0,0,0,0,0,0,0,0,0]-[0,0,139264,50413568,524292]
[0,0,0,0,0,0,0,0,1048576,0,8192,0,0,0,0,0]-[16777220,1082147344,48,2886208544,524288]
[0,262144,0,0,0,0,64,0,0,0,0,0,0,0,0,0]-[2097152,2,67108864,131076,0]
[0,0,67108864,0,0,0,0,0,0,0,0,0,0,67108864,0,0]-[33554437,33559040,1024,16842784,1]
[128,0,0,0,0,0,0,0,0,0,0,2048,0,0,0,0]-[128,2113536,2,0,0]
[0,0,0,0,0,0,0,0,0,0,0,32,0,0,0,512]-[0,2181038080,0,2097152,32]
[0,0,0,512,1,0,0,0,0,0,0,2147483648,131072,0,0,0]-[16,32,4096,0,65536]
[0,0,0,0,0,0,0,0,0,0,0,0,68157440,0,0,0]-[262208,88090626,2,257,0]
[0,0,16384,0,0,0,8192,0,0,0,0,0,0,0,0,0]-[0,8,8388608,0,2097408]
[0,0,67108864,0,0,0,0,16,4096,0,0,0,0,0,0,0]-[8454144,0,2148009984,24,128]
[0,0,67108864,0,0,0,0,0,16777216,64,0,0,0,0,0,0]-[4718592,0,512,262976,4]
[0,0,0,0,0,0,0,0,0,0,0,0,0,288,0,0]-[536870912,0,16785408,2097152,0]
[0,0,0,0,0,0,0,8,0,0,0,0,1114112,0,0,0]-[266240,0,0,0,192]
[256,0,0,0,0,0,0,0,0,0,32,0,0,0,0,0]-[0,0,16384,67108864,8194]
[0,0,0,134217728,0,0,0,16,1048576,32768,0,0,0,0,0,0]-[0,0,8388608,2147483968,0]
[0,0,0,0,0,0,0,0,0,0,67108864,0,0,0,536870912,0]-[0,0,0,134217728,1036]
[0,0,67108864,0,0,0,0,0,0,512,0,0,262144,128,0,0]-[0,536870912,2129920,65536,0]
[0,0,0,0,0,256,0,0,0,0,4112,0,1048576,128,0,0]-[4,1073741824,2,0,4]
[0,0,67108864,0,0,0,0,0,0,0,0,1048576,1048576,0,0,0]-[1,4100,0,8,0]
[0,0,0,0,0,0,0,0,1048576,0,0,0,0,0,4,0]-[1091829776,1241513986,545915088,3761292304,3695872]
[0,0,0,0,0,0,0,0,1048576,0,0,134217728,0,128,0,0]-[0,32,0,2048,1179648]
[0,0,67108864,0,0,8192,0,0,67108864,0,0,0,0,0,0,0]-[4,40960,0,16,0]
[0,0,67108864,0,0,0,0,0,0,0,0,2,2147484672,0,0,0]-[0,512,16384,1024,64]
[0,0,67109376,0,0,0,0,16,0,0,0,0,0,0,0,0]-[0,268435456,2147483648,33554432,2048]
[134217728,0,0,0,0,0,0,0,0,0,4096,0,0,0,0,0]-[2099712,4,33558528,335675400,32]
[0,0,67108864,0,0,1073742848,0,0,0,0,0,0,0,0,0,0]-[0,8200,0,2147483648,65536]
[0,0,0,0,0,0,0,131072,0,0,0,0,0,0,134217728,0]-[32768,67641346,4325376,2684354562,0]
[0,4096,67108864,0,0,0,0,0,0,0,4096,0,0,0,0,0]-[0,8196,0,65536,2097152]
[2048,0,0,0,0,0,0,0,1048576,0,0,0,0,0,0,0]-[2097540,9453584,574652440,1141409056,196]
[0,32768,67108864,0,0,0,0,0,1048576,0,0,0,0,0,0,0]-[0,32,33587200,80,1048576]
[0,0,0,0,0,0,0,0,16777216,0,128,0,0,0,0,0]-[8192,0,0,4098,8]
[0,0,67108864,0,67108864,0,0,0,16777216,0,0,0,1048576,0,0,0]-[1,32,0,2147483656,0]
[8,0,0,0,0,0,0,0,134217728,0,0,0,0,0,8,0]-[0,8388616,1073741832,0,0]
[64,0,0,0,0,0,0,0,0,0,0,0,1048576,128,0,0]-[0,2048,0,528,262144]
[536870912,0,0,0,0,0,0,0,0,0,0,0,262144,0,33554432,0]-[0,264,134217732,0,0]
[0,0,67108864,0,0,0,0,0,0,0,0,0,0,0,8,0]-[251664392,50782752,33560580,2204444503,541763]
[0,0,0,0,0,0,0,0,0,2097152,0,0,1048576,0,0,0]-[546472581,1355830955,1745955344,2236012560,1096289]
[0,0,67108864,0,0,0,0,0,0,0,0,0,1048576,16384,0,0]-[2097154,22528,8192,6291456,1088]
[0,0,67108864,0,0,8192,0,0,0,0,4096,0,8,0,0,0]-[0,32768,0,32768,130]
[0,0,2048,0,0,0,0,0,0,0,0,0,0,0,262144,2048]-[1152,16384,0,4096,0]
[268435456,0,67108864,0,0,0,0,0,1048576,0,0,0,0,0,8,0]-[0,33554432,0,64,68]
[0,0,0,0,0,524288,0,16,0,0,0,0,0,0,0,0]-[524288,0,134217728,35651584,0]
[0,0,0,262144,0,0,0,0,0,0,0,0,0,0,64,0]-[0,16,536875008,8,0]
[0,0,67108864,0,0,0,0,0,0,0,128,0,1048576,0,0,0]-[134217728,0,1343225856,40960,2049]
[0,0,0,0,262144,0,0,0,0,0,0,0,0,268435584,0,0]-[33816577,0,0,65536,0]
[128,0,67108864,0,0,0,262144,0,0,0,0,0,0,0,0,0]-[37748736,262144,33554432,34668608,0]
[0,0,0,0,0,0,0,0,0,524288,0,128,0,0,0,0]-[32768,4096,536870912,1024,0]
[0,0,0,0,0,0,8192,0,0,0,0,2097152,0,0,0,0]-[0,524288,32769,0,8192]
[0,4096,0,0,0,0,0,0,1048576,0,0,0,0,128,0,0]-[0,8388608,1073750016,0,64]
[128,0,67108864,0,0,0,0,8,0,0,0,0,0,0,0,0]-[8388608,269408,2248199176,2181046483,2621524]
[0,0,0,0,0,0,0,16,0,0,135168,0,0,0,0,0]-[512,553656320,0,0,0]
[0,0,0,0,0,0,0,16,0,0,0,0,1048576,128,33554432,0]-[0,65536,0,4096,262272]
[0,0,67108864,0,1073741824,0,0,0,1048576,0,0,0,0,0,0,0]-[0,537133088,2048,33554434,655424]
[1073741824,0,67108864,0,0,0,0,0,0,0,0,0,0,0,536870912,0]-[0,8,0,32,20]
[0,0,0,0,0,8448,0,0,0,0,4096,0,0,0,0,0]-[65792,8192,134221888,262144,4096]
[0,0,0,0,0,8192,0,0,1048576,0,0,0,0,0,8192,0]-[16777216,1073741824,786432,0,0]
[0,0,0,0,0,128,0,0,2147483648,0,0,0,0,0,0,0]-[512,8,32768,256,0]
[0,0,67108864,32768,0,256,0,0,0,0,0,0,0,0,0,0]-[0,512,4100,256,0]
[0,0,67108864,262144,0,0,0,0,134217728,0,0,0,0,0,0,0]-[0,16384,65792,128,0]
[0,0,67108864,128,0,0,0,0,0,0,32768,0,1048576,0,0,0]-[0,32768,0,2101248,65536]
[0,0,67108864,0,0,0,0,0,0,134217728,0,0,262144,0,0,0]-[65568,64,1024,0,0]
[0,0,67108864,4096,0,0,0,0,16777216,0,0,0,0,0,0,0]-[4194304,2147483648,0,64,64]
[0,0,67108864,0,0,0,0,0,4096,1,0,0,0,0,0,0]-[0,16384,65544,32768,0]
[0,0,0,0,67108864,0,0,268435456,0,0,4096,0,0,0,0,0]-[256,0,8454656,0,2097152]
[0,0,0,0,0,0,0,0,1114112,0,0,0,0,134217856,0,0]-[16384,268435712,1,0,0]
[0,0,0,0,0,256,0,0,0,0,512,32,0,0,0,0]-[512,0,268435456,4,64]
[0,0,0,0,0,0,0,1048592,0,0,0,0,1048576,0,0,0]-[64,65540,0,0,8192]
[128,0,0,256,0,0,0,0,0,0,4096,0,0,0,0,0]-[1073758272,0,33554432,268435456,0]
[0,0,0,0,0,0,0,0,33554432,0,0,0,0,0,0,131072]-[3221225472,0,33554432,8,0]
[0,0,0,0,0,0,0,0,0,0,0,0,0,524288,65536,0]-[536870912,536870912,0,0,8196]
[0,2,67108864,0,0,0,0,0,0,0,0,0,1048576,0,0,0]-[0,32776,0,16777216,2097152]
[256,0,0,0,0,0,0,0,0,0,0,0,0,2,0,0]-[16,512,0,67174400,0]
[0,0,0,0,0,256,0,0,8388608,0,0,0,0,0,0,0]-[2147492352,512,134217729,2415919104,1]
[0,0,0,0,0,0,0,0,0,0,0,0,512,0,33554432,0]-[0,4194312,1090519040,0,0]
[0,0,0,0,0,0,0,0,1048576,0,0,0,1024,128,0,0]-[144,8650752,0,0,0]
[0,0,134217728,0,0,0,0,0,0,0,4096,0,0,0,0,0]-[1073741824,687939584,1107296260,2147500034,16384]
[0,0,0,0,67108864,0,0,32,0,0,0,0,0,0,0,0]-[0,4096,1,4224,0]
[0,0,67108864,0,0,8388608,0,0,16777216,0,0,0,0,0,0,0]-[2052,0,16,0,2]
[0,0,0,0,0,32,0,24,0,0,4096,0,0,0,0,0]-[16777728,16777216,0,32768,0]
[0,0,0,0,0,0,0,16,134217728,0,0,0,0,128,0,0]-[16464,76613632,547356674,2101296,128]
[0,0,0,0,67109888,0,0,0,0,0,0,0,0,0,0,0]-[4194304,4096,8388736,0,0]
[0,0,67108864,0,0,0,4,0,0,0,65536,0,0,128,0,0]-[0,0,1572864,4098,0]
[128,0,67108864,0,0,0,0,134217728,0,0,0,0,0,0,0,0]-[2112,0,33555456,65666,64]
[0,0,0,0,0,0,0,0,0,0,0,0,262144,0,128,0]-[0,1610620928,2097152,0,0]
[0,0,67108864,0,0,0,0,0,8388608,0,0,0,0,128,0,0]-[0,131072,2621440,65536,0]
[0,0,67108864,0,0,0,0,0,1048576,0,0,0,134217728,128,0,0]-[0,0,1074266112,64,1048576]
[0,0,0,0,0,0,0,0,1048576,0,4096,0,2097152,0,0,0]-[0,0,1,268435840,0]
[0,0,0,0,0,256,0,0,4194304,0,4096,0,0,0,0,0]-[0,33554432,1082130432,0,4096]
[0,0,67108864,0,0,0,0,0,1048576,0,536870912,0,0,536870912,0,0]-[0,4,0,4194384,0]
[0,0,67108864,0,0,0,0,2048,1056768,0,0,0,0,0,0,0]-[0,81920,32,0,132]
[0,0,134217728,4,16,0,0,0,0,0,0,0,0,0,0,0]-[256,0,0,2147549188,0]
[0,0,67108864,0,0,0,0,0,0,0,0,0,0,4194304,536870912,0]-[0,0,67108864,6295552,0]
[0,0,0,0,0,8192,8256,0,0,0,0,0,0,0,0,0]-[0,8192,537133056,65536,0]
[0,0,0,0,1024,0,0,0,0,0,0,0,0,0,0,256]-[131072,131080,4096,0,0]
[0,0,0,0,0,0,0,0,1048576,0,0,0,262144,0,33554432,0]-[256,4,16777216,4194336,524288]
[0,0,0,0,0,0,0,0,0,0,4096,0,1048576,0,0,1024]-[0,0,16,17152,0]
[0,0,67108864,128,0,16,0,0,0,0,0,0,0,0,0,0]-[0,16777256,32,0,0]
[0,0,0,0,2147483648,0,0,0,1048576,0,0,16,16777216,0,0,0]-[0,65536,0,4196352,1]
[128,0,67108864,0,0,0,0,0,135266304,0,0,0,0,0,0,0]-[0,327680,40968,1057008,131392]
[0,0,67108864,0,0,0,536870912,0,1048576,0,0,8192,0,0,0,0]-[65536,262144,0,33,0]
[128,32768,67108864,0,67108864,0,0,0,1048576,0,0,0,0,0,0,0]-[0,0,33587200,4194320,0]
[0,0,67108864,0,0,0,0,16,0,0,0,0,0,512,0,0]-[4194304,0,1073751040,0,0]
[0,0,8388608,0,0,256,0,0,0,0,0,0,262144,0,0,0]-[256,0,2097152,0,8448]
[0,0,0,131072,0,0,0,0,0,0,16,0,0,0,0,0]-[4194304,32768,536870914,0,0]
[268435456,0,0,0,0,0,0,0,0,0,4096,0,65536,128,0,0]-[262144,0,0,327684,0]
[0,0,0,131072,0,0,0,0,134217728,0,0,0,0,0,0,0]-[805306368,0,536870914,0,0]
[0,0,0,0,0,0,0,8,0,0,0,16,0,0,0,0]-[128,1024,33554434,0,0]
[0,0,0,0,0,0,0,0,0,0,0,0,0,536870912,0,16]-[33554432,134217728,16809984,49153,65537]
[0,0,67108864,32768,33554432,0,0,0,33554432,0,0,0,0,128,0,0]-[1,0,1048576,0,1088]
[0,0,0,0,0,0,0,16,1024,0,0,0,0,128,0,0]-[0,276824064,32768,0,262144]
[0,0,67108864,0,0,0,0,0,262144,0,0,0,32,0,0,0]-[0,67109120,0,5,0]
[0,0,0,0,0,0,0,0,134221824,0,0,0,0,0,0,0]-[0,1048584,0,0,524352]
[0,0,67108864,0,0,0,0,0,0,0,67108864,0,0,65536,0,0]-[0,805339136,0,2,0]
[0,0,0,0,0,0,0,0,16777216,0,0,0,1310720,0,0,0]-[536936448,272629760,8388608,512,544]
[0,0,0,0,67108864,256,8192,0,0,0,0,0,0,0,0,0]-[67108864,0,285212672,256,0]
[0,0,0,0,524288,0,0,0,0,0,0,0,0,0,67108864,0]-[0,0,33554464,8192,4096]
[0,0,0,0,2048,64,0,0,0,0,0,0,0,128,0,0]-[0,2304,128,536870912,0]
[0,0,0,0,32768,0,0,0,1073741824,0,0,0,134217728,0,0,0]-[0,4096,0,538968128,0]
[128,16777216,0,0,0,64,0,0,1048576,0,0,0,0,0,0,0]-[16384,256,8388608,2147483648,0]
[67108864,0,0,0,0,0,0,8,0,0,0,0,1048576,0,0,0]-[262144,0,134217728,0,192]
[0,0,0,16777216,0,0,64,0,0,0,0,0,0,0,0,0]-[32,2,268435618,528384,2176]
[0,0,67108864,0,0,0,0,16,0,268435456,0,0,1048576,0,0,0]-[0,4,4096,2147483904,0]
[0,0,0,0,0,0,8,16,0,0,0,0,1048576,0,0,0]-[545259520,0,0,8,8]
[0,0,0,0,0,0,0,0,0,2097152,0,0,0,0,0,524288]-[128,0,268435472,131072,0]
[0,0,0,0,0,64,0,134217744,0,0,0,0,0,0,0,0]-[268437504,0,525312,0,0]
[0,0,67108864,4194304,0,0,0,0,0,0,0,0,0,0,0,0]-[210239528,2166792728,66836,37761228,133122]
[0,0,0,0,0,0,0,0,0,33554432,0,0,0,128,0,0]-[301989960,17042720,8781957,1610612736,393248]
[0,0,67108864,0,0,0,0,4,0,0,0,0,0,0,0,0]-[83951618,805442576,70267392,185704454,2230272]
[0,128,0,0,0,0,8192,2147483648,0,0,0,0,0,0,0,0]-[2048,2147483648,0,2228224,0]
[0,0,0,0,0,0,0,8,4,0,0,0,65536,0,0,0]-[268435456,2176,32768,0,0]
[0,0,0,0,0,0,0,0,0,0,0,0,8,0,1024,0]-[536872961,0,0,2048,0]
[0,0,0,0,0,64,0,536870912,0,0,0,0,8,0,0,0]-[16,1048576,1152,0,0]
[0,0,0,2097152,0,0,0,0,0,0,0,0,0,1,0,0]-[16,2147484160,0,0,4096]
[0,0,0,0,0,0,0,0,1048576,0,4,0,0,128,0,0]-[131072,536870912,536870912,0,1024]
[0,0,0,0,0,0,0,16,0,0,0,0,0,524288,0,0]-[1082131456,65536,538968080,2147483648,0]
[0,1048576,0,0,0,8192,0,0,0,0,0,0,0,0,0,0]-[34078720,0,16809984,0,0]
[0,0,0,65536,0,0,0,0,0,0,0,0,0,536870912,0,0]-[1048576,2048,1024,0,2097280]
[0,0,1048576,0,0,0,0,0,134217728,0,0,0,0,0,0,0]-[536870912,64,8,256,64]
[0,0,0,0,2147483648,0,0,0,0,0,524288,0,0,0,0,0]-[9437184,0,8388608,0,1048576]
[0,0,0,0,0,64,0,0,0,0,0,32,0,0,8,0]-[268435456,16,0,8192,2]
[0,0,67108864,0,0,0,8192,0,0,0,0,0,262144,0,0,0]-[2621440,553707520,34603008,6291744,524288]
[0,0,0,0,0,0,0,0,0,0,4096,0,0,0,0,2048]-[786432,131072,0,4459520,32768]
[128,0,67108864,0,0,0,0,0,16777216,0,0,0,0,128,0,0]-[138412032,0,17408,2164261056,64]
[0,0,0,0,0,0,0,0,1048576,0,2048,0,0,0,0,0]-[2147549184,32,4982913,128,0]
[0,0,0,0,0,0,0,262144,0,0,4096,0,0,128,0,0]-[2097152,64,129,0,0]
[0,0,0,2097152,0,8192,0,0,0,0,0,0,0,0,0,0]-[16384,1,0,131072,512]
[0,0,67108864,0,0,0,0,0,0,0,0,0,0,1,0,0]-[203950085,21025352,3171328,4203136,2230278]
[128,0,0,0,0,256,0,0,16777216,0,0,0,0,0,0,0]-[0,2147483904,2684354690,2147516552,4160]
[0,0,67108864,0,0,0,0,0,1048576,0,0,1,1048576,0,0,0]-[16777216,33554432,0,2147487744,0]
[0,0,0,0,0,4,8192,0,0,0,0,0,1048576,128,0,0]-[33554432,131072,536870916,0,0]
[0,0,0,0,0,0,0,0,1048576,0,0,0,0,8,0,0]-[65560,32,9344,1140990864,589824]
[0,0,0,0,0,0,0,16777216,0,0,4096,16777216,0,0,0,0]-[0,131088,0,0,16392]
[0,67108864,67108864,0,0,0,0,16,0,0,0,0,1048576,0,0,0]-[0,2048,2097152,2181038080,0]
[0,1048576,0,0,2147483648,0,0,0,0,0,4096,0,0,0,0,0]-[536870912,128,2228224,0,0]
[0,0,0,0,0,0,134217728,0,0,0,0,0,256,0,0,0]-[1048576,0,8192,64,1]
[0,0,0,0,0,0,0,16,0,0,1024,0,1048576,128,0,0]-[0,0,0,69206016,3145728]
[0,0,67108864,0,0,8192,0,0,0,0,0,0,0,0,0,0]-[2414446655,2984770943,75104060,691910395,519575]
[0,0,0,0,524288,0,0,0,0,0,0,0,1048576,0,0,0]-[276824192,67108864,0,0,0]
[0,0,0,0,0,128,0,0,0,0,0,0,262144,128,0,0]-[270532608,0,536871040,0,0]
[128,0,0,0,0,0,0,0,0,0,16384,0,0,0,0,0]-[33816576,69208082,0,8192,0]
[0,0,0,0,4,0,0,16,1048576,0,0,0,0,0,0,0]-[16384,0,0,67108864,1048577]
[0,0,67108864,0,0,0,0,0,1048576,0,0,0,4096,0,0,0]-[2147516416,32,4194312,134218256,0]
[0,0,67108864,0,65536,0,0,0,134217728,0,0,0,0,128,0,0]-[0,67108864,1073741824,0,1152]
[0,0,4,1048576,0,0,0,0,0,0,0,0,0,0,0,0]-[1024,142606336,0,0,512]
[0,0,67108864,0,0,0,0,0,0,0,0,0,0,134217728,33554432,0]-[134217732,0,2147483652,16777216,0]
[0,0,67108864,0,2147483648,0,0,0,0,0,4096,0,0,0,0,0]-[8454208,9528,1342243344,0,2162688]
[0,0,0,0,0,0,128,0,1048576,0,2147487744,0,0,0,0,0]-[262144,4194304,8388736,0,0]
[0,0,0,0,0,0,0,16,16,0,0,0,0,0,0,0]-[2147483648,65536,671088640,2097152,0]
[0,16384,0,0,0,0,0,0,1048576,0,0,0,0,16777216,0,0]-[131072,0,16785408,0,4]
[0,0,67108864,0,64,0,0,0,0,0,0,0,0,128,0,0]-[72,3072,3221225472,4096,0]
[0,0,0,0,0,0,0,0,0,4096,2097152,0,0,0,0,0]-[128,0,66,0,8192]
[0,0,67108864,0,0,0,0,0,0,0,0,0,16777216,0,524288,0]-[0,17039360,0,2,2]
[0,0,2214592512,0,0,0,64,0,1048576,0,0,0,0,0,0,0]-[0,528,0,1024,1024]
[0,0,0,0,0,0,8192,0,67108864,0,0,0,0,0,0,0]-[64,524288,0,2147483648,524288]
[128,0,0,0,0,2,0,0,0,1048576,0,0,0,0,0,0]-[0,2,2147483648,0,262146]
[0,0,0,0,0,0,0,0,1048576,0,0,128,0,0,0,0]-[16908288,1116749824,1619003489,1648886882,64]
[0,0,0,0,0,0,8192,0,1048576,524288,0,0,0,0,33554432,0]-[131072,536871040,16777216,0,0]
[0,0,67108864,0,67108864,0,0,65536,0,0,0,0,0,0,0,0]-[0,0,2147516416,16777216,128]
[0,0,65536,0,0,0,0,0,0,0,0,0,262144,0,0,0]-[4128,8,0,0,512]
[0,0,0,0,0,0,0,0,1048576,0,0,0,1179648,0,0,0]-[0,0,536870912,1611137024,0]
[0,0,0,0,0,0,0,0,0,512,0,0,0,128,0,0]-[540279936,8784016,3670162,268503120,1836160]
[0,8192,0,0,0,0,0,0,0,0,0,0,0,129,0,0]-[4,83886080,131072,0,0]
[0,0,0,0,0,0,0,0,0,0,0,0,0,128,536870912,0]-[1048576,0,262146,4096,0]
[0,0,67108864,2048,0,0,0,0,1048576,0,0,0,0,0,0,0]-[0,536870912,1073741824,2281702466,1]
[0,0,67108864,0,0,32768,0,0,0,0,0,0,0,128,0,0]-[33554432,395296,32,528,0]
[0,0,0,0,0,0,0,536870912,1048576,0,0,0,0,0,0,0]-[1040,1342771392,553648128,536914464,1048576]
[0,0,0,0,2147483648,0,0,0,1048576,0,0,0,0,128,0,0]-[131072,288,8388736,0,1179712]
[0,0,0,0,0,0,0,1,0,0,4096,0,0,0,0,0]-[1151336450,260,0,805306408,4096]
[0,0,0,0,75497472,0,0,0,0,0,0,0,0,0,0,0]-[0,16400,268435457,0,0]
[0,0,0,0,0,65536,0,0,0,0,0,0,0,128,0,0]-[262144,327680,1610612740,8388608,263168]
[0,0,67108864,0,0,268435712,0,0,0,0,0,0,0,0,0,0]-[0,77824,4,0,1]
[0,0,0,0,0,0,0,0,0,0,4096,4,1048576,0,0,0]-[262144,1,0,67125248,0]
[16384,0,0,0,67108864,0,0,0,0,0,0,0,0,0,0,512]-[2685403136,0,1024,0,0]
[0,0,0,0,0,0,67117056,0,0,0,0,0,0,0,0,0]-[33554432,0,0,67108896,2048]
[0,0,0,0,0,0,8192,0,0,0,4096,0,8,0,0,0]-[0,32768,0,393216,2]
[1073741824,0,0,0,0,64,0,16,0,0,0,0,0,0,0,0]-[32768,524304,0,1,0]
[0,0,0,0,0,0,2147483648,0,0,0,4096,0,1048576,0,0,0]-[16896,4202500,8388608,0,16386]
[0,0,0,0,0,0,16,0,0,0,0,0,0,128,0,0]-[33554944,268435456,1081346,0,262272]
[0,0,0,0,0,0,0,0,0,0,0,0,1048577,128,0,0]-[545259520,4096,0,16777216,0]
[0,0,0,0,2304,0,0,0,134217728,0,0,0,0,0,0,0]-[65536,0,8388616,16777216,0]
[0,0,67108864,0,0,0,0,0,0,16384,0,0,0,2097152,0,0]-[134217728,8192,0,65536,131072]
[0,0,0,0,0,0,0,512,0,2147483648,0,0,0,0,0,0]-[67108864,0,1179648,536870912,0]
[0,0,524288,0,0,0,1048576,0,0,0,0,0,0,0,0,0]-[0,136314896,0,262144,0]
[512,0,0,0,0,0,8192,0,0,0,0,0,0,0,0,0]-[1179648,1,536875520,0,520]
[67108992,0,67108864,0,0,0,0,0,0,0,0,0,0,0,0,0]-[67108864,0,0,37748736,64]
[0,0,2,33554432,0,0,0,0,0,0,0,0,0,0,0,0]-[0,512,8192,2,512]
[0,0,0,0,65536,33554432,0,0,1048576,0,0,0,0,128,0,0]-[16400,0,1073741824,0,8192]
[0,0,0,0,0,256,0,0,0,0,0,16,1048576,0,0,0]-[0,269484032,134217744,0,0]
[384,0,67108864,0,0,0,0,0,1048576,0,0,0,0,0,0,0]-[0,268435456,0,32832,256]
[524288,0,0,0,0,0,0,0,0,0,0,0,0,0,8,0]-[12583168,0,0,0,256]
[0,0,0,0,0,0,0,0,1048576,0,0,0,262144,0,0,1]-[256,0,33554432,33554432,256]
[0,0,0,0,0,2048,0,0,134217728,8388608,0,0,0,0,0,0]-[1,0,134218752,65536,0]
[262144,0,0,0,0,0,0,0,0,0,0,0,134217728,0,0,0]-[8,4096,0,262144,8192]
[0,0,0,0,0,0,0,2048,0,0,4096,0,0,0,67108864,0]-[67108864,0,262176,0,4]
[0,0,67108864,0,0,64,0,0,16777216,0,0,0,0,0,0,0]-[0,2147483904,0,2147483713,192]
[0,0,0,0,0,0,0,0,0,0,0,0,0,4,4194304,0]-[0,2099200,536870976,0,0]
[134217728,0,0,0,32768,0,0,0,0,0,0,0,0,128,0,0]-[131072,32,0,128,2097152]
[0,0,67108864,0,0,0,0,1,0,0,0,2,0,0,0,0]-[0,0,65536,528512,0]
[0,0,0,0,0,0,0,32784,0,0,0,0,0,0,0,0]-[16384,135266304,2,2147483648,2048]
[0,0,0,0,536870912,0,0,0,0,0,4096,0,0,0,0,0]-[1091130112,50462721,276828736,67242884,2130090]
[2147483648,0,0,0,0,0,256,0,0,0,0,0,0,0,0,0]-[4096,134217728,0,2048,2097152]
[0,0,67108864,0,1048576,0,0,0,0,0,0,0,0,0,0,0]-[75497472,2701393944,3224387584,1642962,559124]
[0,0,536870912,0,0,0,0,0,1048576,0,0,0,0,33554560,0,0]-[131089,0,0,2,0]
[0,32,0,0,0,0,0,0,0,0,4096,0,1048576,0,0,0]-[0,0,16777216,1074266112,2048]
[128,0,0,0,0,0,64,0,0,0,4096,0,1048576,0,0,0]-[278528,0,0,131072,4096]
[0,0,0,0,0,0,0,0,0,0,0,0,262146,0,0,0]-[268435712,16777216,538968064,4260864,0]
[0,0,67108864,262144,0,0,0,0,0,0,0,32,0,0,0,0]-[134217728,2147483648,33554432,0,1081472]
[0,0,0,512,0,0,0,0,0,0,128,0,262144,0,0,0]-[65536,4194312,0,0,512]
[0,0,67108864,2,0,134217728,0,0,0,0,0,0,0,0,0,0]-[0,2048,512,1024,1048576]
[0,0,0,0,524288,0,0,0,0,0,0,0,0,0,0,128]-[8,256,134217728,0,8]
[0,16384,0,0,0,0,0,0,0,0,1,0,1048576,0,0,0]-[0,139264,16777216,1,0]
[0,0,8192,0,8192,0,0,0,0,0,0,0,0,0,0,0]-[0,8192,1048576,0,34]
[0,0,4,1073741824,0,0,0,0,0,0,0,0,0,0,0,0]-[0,0,2,0,3146240]
[8388608,0,0,0,0,0,0,0,1048576,0,0,0,1048576,0,0,0]-[2359296,8404992,0,0,0]
[0,0,0,524288,67108864,256,0,0,0,0,0,0,0,0,0,0]-[262144,0,285216768,0,0]
[0,64,67108864,0,0,0,0,0,134217728,0,0,0,0,0,0,0]-[134217734,0,0,512,0]
[0,0,67108864,0,0,2147483648,0,0,0,0,4096,0,0,0,0,0]-[64,2684387588,66048,1024,49154]
[0,0,0,0,67108864,0,8192,0,0,0,0,2048,0,0,0,0]-[33554433,0,67108864,0,32]
[0,0,0,0,0,0,0,0,8192,0,0,0,1048576,0,0,0]-[1083277568,8706,33554446,134217858,679936]
[0,0,0,0,33554432,0,0,0,0,0,4096,0,0,0,0,0]-[1073742080,679477248,266752,4104,2097156]
[0,0,0,0,0,64,0,0,0,0,0,0,0,128,0,64]-[8,2048,131232,576,524288]
[0,0,603979776,0,0,0,0,0,0,0,16777216,0,0,0,0,0]-[2281703424,0,0,512,0]
[0,0,67108864,0,0,0,0,4096,0,0,0,0,8,0,0,0]-[8,16777728,2181039104,32769,0]
[0,0,67108864,0,0,0,0,0,1048576,0,8192,0,0,1073741824,0,0]-[50331652,0,0,32,0]
[0,0,0,0,0,0,0,0,0,0,4194304,0,0,524288,0,0]-[262176,0,64,2048,0]
[0,0,0,0,0,16777216,0,0,0,0,4096,0,1048576,128,0,0]-[0,67108896,0,67108872,0]
[0,0,0,0,0,256,0,0,1048576,0,0,0,0,0,0,4]-[0,66048,16777232,0,0]
[0,0,0,0,0,0,0,0,0,0,4096,0,0,128,0,32768]-[0,256,8388736,0,65536]
[0,0,8,0,0,8192,0,0,1048576,0,0,0,0,0,0,0]-[2097152,0,32768,1073741825,0]
[0,0,67108864,0,0,3221225472,0,0,0,0,4096,0,0,0,0,0]-[0,2147483652,512,0,32770]
[0,0,0,0,0,256,0,16,0,0,4096,0,0,2048,0,0]-[1073741825,16777216,0,131072,0]
[0,0,0,0,67108864,0,0,0,2,0,0,0,268435456,0,0,0]-[18878464,524288,0,0,0]
[0,0,0,0,0,0,0,0,0,0,4096,0,0,131072,0,0]-[8388608,2099456,16777408,100663296,2113540]
[0,0,0,0,0,0,0,0,0,0,1048576,0,1048576,0,0,0]-[1084489730,68206624,2,84935552,2621440]
[0,0,67108864,0,0,256,0,524288,0,0,4096,0,0,0,0,0]-[0,8448,1342177280,0,0]
[128,128,0,0,0,0,0,16,0,0,0,4096,1048576,0,0,0]-[64,67584,0,0,4096]
[0,0,0,0,0,0,0,0,0,0,0,0,4096,128,1024,0]-[270532608,2048,4,0,128]
[0,0,0,0,0,0,0,536870912,0,0,1073742080,0,0,0,0,0]-[0,0,16908288,33554944,0]
[0,0,0,0,0,0,0,16,0,0,0,32,0,128,0,0]-[33872,262144,163842,136314896,1179872]
[0,0,0,262144,0,0,0,0,1048576,0,4096,0,0,0,0,0]-[16384,256,16,512,0]
[0,0,67108864,0,0,0,0,0,0,0,4096,0,1048576,524288,0,1]-[4096,0,16,33558528,0]
[0,512,16777216,0,0,0,0,0,0,0,0,0,0,0,0,0]-[805306368,0,1024,268435456,0]
[0,0,0,0,0,0,0,0,33554432,0,0,0,1048576,0,0,0]-[536870912,16826372,0,102760448,278624]
[0,0,0,0,0,0,0,2097152,1048576,0,0,0,0,0,0,0]-[0,278528,8390880,524289,256]
[0,262144,0,0,0,0,0,0,0,0,0,0,2097152,0,0,0]-[128,0,134218752,2048,0]
[0,0,67108864,0,67108864,0,0,0,0,0,0,0,0,0,65536,0]-[0,0,65540,128,2097152]
[0,0,67108864,0,0,0,0,0,1048576,0,0,0,0,0,0,1024]-[1,536870912,0,524288,1024]
[0,0,0,2097152,0,0,4,0,0,0,0,0,0,0,0,0]-[8192,0,524288,4096,2097152]
[128,0,0,65536,0,0,0,0,0,0,0,32,0,0,0,0]-[0,0,1024,16908288,256]
[0,0,67108928,0,0,0,0,16,0,0,0,0,0,0,0,0]-[524352,67176456,1085440,0,0]
[0,0,0,4194304,0,16,0,0,1048576,0,0,0,0,0,0,0]-[8192,134217728,4,16384,0]
[2176,0,0,0,0,0,0,0,16777216,0,0,0,0,0,0,0]-[0,0,0,16809984,528384]
[0,0,67108864,0,0,0,0,0,0,512,0,8388608,0,0,0,0]-[134217728,0,0,16777216,1048578]
[0,0,0,1,0,0,0,0,0,0,0,0,1048576,0,0,0]-[25297024,319815682,2097152,1048576,8322]
[0,0,0,0,0,8192,0,0,0,0,0,0,0,0,0,32768]-[0,0,16,536871456,264192]
[0,0,0,0,0,0,0,262144,0,0,0,0,8,0,0,0]-[256,8,8,0,16]
[0,0,64,0,0,0,0,0,1048576,0,0,0,1048576,0,0,0]-[0,0,16779296,268967936,0]
[0,0,67108864,0,0,16384,0,0,0,0,0,0,0,128,0,0]-[32769,2147816512,37322752,134480007,65664]
[0,0,0,0,0,0,0,16,0,0,0,0,0,0,335544320,0]-[0,524288,2147485696,0,4096]
[0,0,67108864,0,0,0,4,0,0,0,0,0,0,0,0,0]-[157810689,4259873,1344274432,2181039360,541698]
[0,0,0,131648,1,0,0,0,0,0,0,0,0,0,0,0]-[536870912,49152,536870912,0,0]
[0,0,0,0,2147483648,0,0,0,0,0,0,0,0,0,4,0]-[512,8224,0,524288,0]
[0,0,0,131072,0,0,0,0,0,0,0,32,0,0,0,0]-[2415919104,0,67108864,2097152,32]
[0,0,0,0,67108864,0,0,0,0,0,0,0,0,134217728,0,0]-[67109376,67108864,1,1048576,4]
[0,0,0,0,8192,0,64,0,0,0,0,0,0,0,0,0]-[8388688,1073741824,0,0,0]
[0,0,8388608,0,0,0,0,0,0,0,0,0,0,128,0,0]-[0,65536,537444480,536875008,0]
[16777216,0,0,0,0,0,0,0,0,0,67108864,0,1048576,0,0,0]-[0,16384,0,2147500032,16384]
[0,256,67108864,0,0,8192,0,0,0,0,0,0,0,0,0,0]-[0,0,67110912,12288,0]
[0,0,2214592512,0,0,0,0,0,65536,0,0,0,0,128,0,0]-[4,65536,0,4,4]
[128,0,67108864,0,0,0,0,0,0,0,0,0,0,0,4194304,0]-[4194304,537018368,100663296,65664,0]
[2048,0,67108864,0,0,0,0,0,1048576,0,0,0,1048576,0,0,0]-[2097152,16384,37748752,256,0]
[0,0,0,0,0,0,0,0,1,0,0,0,1048576,128,0,0]-[0,1088,9437184,0,0]
[0,0,0,0,0,0,0,0,16777220,0,0,0,0,0,0,0]-[0,1073741824,514,2228226,12288]
[0,0,67108864,0,0,0,0,0,1048576,0,8192,0,1048576,0,0,0]-[0,0,8192,1048848,0]
[0,0,0,0,0,320,0,16,1048576,0,0,0,0,0,0,0]-[2147483664,1049088,0,0,0]
[0,0,67108864,0,0,0,0,0,0,0,0,0,256,0,2097152,0]-[0,0,67108864,16777728,4]
[256,0,0,0,131072,0,0,0,0,0,0,0,0,0,0,0]-[8,128,0,272,0]
[0,0,67108864,0,0,0,0,0,0,512,0,0,0,0,0,256]-[0,131072,0,0,524291]
[0,0,0,0,32,2147483648,0,0,0,0,0,0,0,0,0,0]-[0,536871040,2097665,0,0]
[0,128,0,0,0,0,0,0,0,0,0,0,134217728,0,0,0]-[0,2097152,0,538969088,0]
[0,0,0,0,0,256,0,0,0,0,0,0,0,65536,0,0]-[2214601728,1056768,270536772,134479872,0]
[65536,0,0,0,0,0,0,0,0,0,0,0,0,0,262144,0]-[1048576,4,0,8192,4096]
[0,0,0,0,0,0,0,0,0,0,0,0,1048576,160,0,0]-[128,268437504,0,0,1048576]
[0,0,0,0,0,256,0,0,0,0,4096,0,64,128,0,0]-[512,0,1073741825,4096,0]
[0,0,0,0,0,0,0,0,0,2304,0,0,0,0,0,0]-[0,32800,67108864,2048,0]
[0,1073741824,0,0,0,0,0,16,1048576,0,0,0,268435456,0,0,0]-[0,8388612,16777280,0,0]
[0,0,0,0,0,134217728,0,0,0,0,0,0,0,128,0,0]-[268435592,269550592,2149589122,1612709906,96]
[0,0,0,0,0,0,0,0,9437184,0,0,0,0,0,0,0]-[2164263948,9470532,69206041,304643088,132104]
[0,0,0,0,0,0,0,0,0,0,0,0,1048576,0,2097152,0]-[0,128,67112960,1065025,16388]
[0,0,67108864,131072,0,0,0,8,0,0,0,0,0,0,0,256]-[0,2048,32,0,524289]
[0,0,0,0,0,4194304,0,0,1048576,0,0,0,0,0,0,0]-[0,0,50593800,536870992,64]
[0,128,0,0,0,16777216,0,0,0,0,0,0,0,0,0,0]-[32768,524288,128,16384,0]
[0,0,0,0,0,0,0,0,1048576,0,67108864,0,0,128,0,0]-[278528,1082130432,1082425473,2101920,132228]
[0,0,33554432,0,0,0,0,0,0,0,0,0,1048576,0,0,0]-[262144,67239936,536936512,17,0]
[0,0,16777216,8192,0,0,0,0,0,0,0,0,0,0,0,0]-[0,1073741824,512,83886208,0]
[128,0,0,0,67108864,0,0,0,0,134217728,0,0,0,0,0,0]-[65568,64,2,0,0]
[0,0,67108864,0,67108864,0,0,16,0,0,0,0,0,0,0,0]-[4194304,352344580,2148536356,4480,2097280]
[67108864,0,0,0,0,0,0,8388608,1048576,0,0,0,0,0,0,0]-[0,1064960,0,528384,0]
[0,0,0,536870912,0,0,0,0,0,0,0,0,0,0,0,262144]-[128,0,67633152,4,0]
[0,0,0,0,0,16384,0,0,0,0,4096,0,1048576,134217728,0,0]-[8404992,67108864,1,0,0]
[0,0,0,0,0,0,0,16,256,0,0,0,0,0,0,0]-[2147483648,67108872,16777472,0,4096]
[0,0,134217728,0,0,0,0,0,0,1073741824,0,0,0,0,8,0]-[16,512,4,512,0]
[0,0,67108864,0,0,0,8192,8,0,0,0,524288,0,0,0,0]-[0,64,32768,2147483648,524288]
[0,0,0,0,0,0,0,0,0,0,134217728,0,256,0,0,0]-[2147483648,0,0,524800,4096]
[0,0,0,0,0,0,0,16,0,0,0,0,0,0,16,0]-[67114064,524368,8912896,138428658,1048584]
[0,0,8,0,0,0,0,1073741824,0,0,0,0,0,0,0,0]-[1052672,0,0,2048,1]
[0,0,67108864,0,0,536870912,0,0,0,0,0,0,0,128,0,0]-[1,1024,524288,92,2097152]
[0,0,67108864,0,0,33554432,0,0,0,0,0,0,0,128,0,0]-[16842752,512,0,0,2048]
[0,0,0,0,0,0,0,0,68157440,0,0,0,0,0,0,0]-[16777220,1115685252,570425345,3221751904,1025]
[0,0,0,0,0,0,0,0,0,0,0,0,0,0,33554432,2]-[0,2147483648,512,32768,262336]
[0,0,67108864,0,0,0,0,0,1048584,0,0,0,0,0,0,0]-[32777,348208,38912,7341120,2064]
[0,0,67371008,0,0,16,0,0,0,0,0,0,0,0,0,0]-[524296,0,2097152,0,32768]
[256,0,0,0,0,0,0,0,0,0,0,0,268435456,0,0,0]-[0,16777728,128,0,4]
[0,0,0,0,0,268435456,0,0,0,268435456,0,0,0,0,0,0]-[0,2097664,2,67108864,0]
[4,0,67108864,0,0,0,16384,0,0,0,0,0,0,0,0,0]-[8,0,589824,524288,0]
[524288,0,0,0,0,8192,0,0,0,0,0,0,0,0,0,0]-[4194304,2048,16777216,32768,0]
[0,0,0,0,0,0,8192,0,32,0,0,0,0,0,0,0]-[131073,0,67108864,64,0]
[0,0,0,0,0,0,0,134217728,0,33554432,0,0,0,0,0,0]-[0,524288,1025,0,16384]
[1073741824,2097152,0,0,0,0,0,0,1179648,0,0,0,0,0,0,0]-[0,8388768,2048,0,0]
[0,0,268435456,0,0,0,0,0,0,0,0,4,0,0,0,0]-[134218752,536870912,4,0,0]
[128,0,0,0,0,0,0,0,128,0,0,0,0,0,0,0]-[536936448,0,524288,0,1]
[67108864,0,0,0,0,0,0,16,0,0,0,0,2048,0,0,0]-[0,0,8388608,32,20480]
[0,0,0,0,0,8192,8192,0,16777216,0,4096,0,0,0,0,0]-[0,16777472,512,268435456,0]
[0,0,0,0,0,0,0,0,0,0,4096,131072,269484032,0,0,0]-[0,67141632,16,0,4096]
[0,0,0,0,0,0,0,16,0,0,0,0,64,0,0,0]-[1619014145,16785410,1074274304,536871936,131072]
[0,0,67108864,0,0,0,0,0,0,2048,0,0,0,0,0,0]-[71368744,624984616,8704,3158144,524290]
[0,0,0,0,0,0,0,0,1048576,0,0,0,2048,128,0,0]-[131072,536936448,0,268435456,0]
[0,0,0,0,0,0,64,16,0,0,0,0,0,0,1,0]-[32768,589824,0,2097152,0]
[0,0,67108864,0,67108864,0,8192,0,135266304,0,0,0,0,0,0,0]-[0,0,10240,640,0]
[0,0,0,0,0,0,2097152,0,0,0,0,0,0,0,0,131072]-[2147483652,0,128,8,0]
[0,0,67108864,0,0,1048576,0,0,1048576,0,0,0,0,128,0,0]-[0,512,0,9472,0]
[0,0,67108864,0,0,0,0,16,0,0,0,524288,0,0,0,0]-[0,8192,8192,16777218,0]
[0,0,0,0,0,0,0,8,1048576,0,4096,0,0,536870912,0,0]-[262144,256,0,33554432,128]
[0,0,0,0,16,64,0,0,0,0,0,0,1048576,0,0,0]-[1,0,0,1048576,327680]
[0,0,0,0,0,0,0,0,0,0,0,0,262144,8388608,0,0]-[0,67125248,16777216,4194304,0]
[0,0,0,0,0,0,0,33554432,0,0,0,0,0,8192,0,0]-[288,64,0,0,32768]
[128,0,0,0,0,0,0,0,8388608,0,0,0,0,0,0,0]-[33554464,32800,0,1073766400,8]
[0,0,67108864,0,64,0,0,8,0,0,0,0,0,0,0,0]-[8,1024,0,4097,0]
[0,0,0,0,67108864,0,0,0,0,0,0,0,0,2048,0,0]-[4194816,16,0,4096,0]
[0,0,0,0,0,0,0,0,1048576,0,16384,0,134217728,0,0,0]-[2147483648,4194304,0,536871936,0]
[0,0,67108864,0,0,0,0,8,0,0,0,64,1048576,128,0,0]-[0,0,0,12,192]
[0,0,0,0,0,0,0,2,1048576,0,0,0,8,0,0,0]-[67108864,0,2147483648,8,8]
[0,0,0,0,0,0,262144,0,0,512,0,0,0,0,0,0]-[16,1073741824,2,16777216,0]
[0,0,0,0,0,256,0,16,134217728,0,0,0,1048576,0,0,0]-[64,8388608,2097152,2101504,0]
[128,0,0,0,0,0,0,0,4194304,0,4096,0,0,0,0,0]-[0,139265,16,67108864,2097152]
[0,0,0,0,0,0,0,0,1048576,67108864,0,0,0,0,1073741824,0]-[0,32,262208,1048576,0]
[0,0,67108864,0,0,0,32,0,0,0,0,0,0,0,128,0]-[0,2147483648,67174400,2097152,0]
[2048,0,0,0,0,2147483648,0,0,0,0,0,0,0,0,0,0]-[32,2147483776,0,268435456,0]
[8388616,128,0,0,0,0,0,0,0,0,0,0,0,0,0,0]-[2147483648,256,0,8388624,0]
[0,0,0,0,0,0,0,0,0,32,0,0,1048576,0,0,0]-[1024,64,1073743872,0,0]
[1073741824,0,67108864,0,0,0,0,0,1048576,0,0,0,0,128,0,0]-[0,32,1073741824,0,1048640]
[0,0,67108864,0,0,0,0,0,1048578,0,0,0,268435456,128,0,0]-[1,65536,0,18,0]
[0,128,67108864,0,0,0,64,0,0,0,0,0,0,0,0,0]-[0,67502664,67118096,1605632,82048]
[0,0,0,0,0,0,0,0,1048576,0,0,0,0,0,33554432,131072]-[0,388,0,0,524288]
[0,0,0,0,0,0,268435456,0,0,0,0,1073741824,0,0,0,0]-[4096,2048,0,0,2097664]
[0,0,67108864,512,1,0,0,0,0,0,0,0,262144,0,2,0]-[0,32768,0,2098176,65536]
[0,1024,67108864,0,0,0,0,16,0,0,0,0,0,0,0,0]-[0,40,2147483648,256,0]
[0,0,0,0,262144,0,0,0,0,0,4096,0,1048832,0,0,0]-[1,16777216,0,65536,4096]
[0,0,67108864,0,0,0,0,4194304,0,0,0,0,269484032,0,0,0]-[0,8,0,2097160,16384]
[0,0,0,0,0,0,0,8,0,0,0,0,0,0,536870912,0]-[0,0,67371010,4096,0]
[0,0,0,1048704,0,256,4,16,0,0,0,0,0,0,0,0]-[0,512,134221824,2048,0]
[128,0,0,0,32768,0,0,0,1048576,0,0,0,0,0,0,0]-[33570816,0,8388608,32768,0]
[0,0,67108864,0,0,0,0,64,1048576,0,0,0,1048584,0,0,0]-[0,16,1073741824,0,17]
[0,0,0,0,0,8192,0,16,4,0,0,0,0,0,0,0]-[263168,16384,1073741824,0,0]
[0,0,67108864,0,0,0,0,0,1048576,0,0,4,0,0,0,0]-[16777216,603984640,1073741828,8706,2048]
[0,0,0,0,0,0,33562624,0,1048576,0,0,0,0,0,0,0]-[1,0,262144,0,1048577]
[0,0,0,0,0,0,0,0,0,0,0,36,0,0,0,0]-[2685403136,0,33685504,524288,0]
[0,0,0,0,0,0,0,0,0,0,0,0,0,0,100663296,0]-[131072,128,0,64,2050]
[0,0,67108864,0,0,0,2147483648,0,1048576,0,0,0,0,0,0,0]-[2097152,0,8,1040,0]
[0,0,67108864,0,0,0,0,0,1179648,0,0,0,0,0,0,0]-[2147483652,0,8224,0,0]
[0,0,67108864,0,0,0,0,0,0,4194304,0,0,0,0,0,0]-[252184580,2130508,1377840148,2182873127,1721344]
[128,0,0,0,67108864,0,8192,0,0,0,0,0,0,0,0,0]-[131072,0,536870912,33554432,32]
[0,0,0,0,0,0,0,128,0,0,0,32,0,128,0,0]-[33554432,0,0,268763136,0]
[0,0,0,0,0,0,0,0,0,0,0,0,8,0,0,32768]-[0,0,65536,133120,1024]
[0,0,67108864,4194304,0,0,0,0,16777216,0,0,0,0,0,0,0]-[134217728,0,66560,4298,0]
[0,0,0,0,0,0,64,0,0,0,0,0,0,512,0,0]-[0,131072,1073741824,1179648,0]
[0,0,67108864,0,0,0,0,0,1048576,0,0,0,0,0,32768,0]-[4,16384,8192,524288,0]
[0,256,67108864,0,0,0,4,0,0,0,0,0,0,0,0,0]-[136314880,0,0,1024,16384]
[0,0,0,0,4,0,0,0,0,0,0,8388608,0,0,0,0]-[0,0,16777728,0,65537]
[0,0,0,0,0,0,0,0,0,0,0,0,1048576,0,0,16384]-[1090519168,2098240,134217728,67108864,516]
[8388608,0,0,0,0,0,0,0,0,0,0,131072,0,0,0,0]-[67108864,1073741824,8650752,0,0]
[0,0,0,0,67108864,0,0,0,0,0,0,0,0,128,524288,0]-[16384,0,4,536871040,0]
[0,2097152,67108864,0,0,0,0,2147483648,0,0,0,0,0,128,0,0]-[0,0,8192,4224,32768]
[0,0,0,4,0,0,0,0,0,0,32,0,0,0,0,0]-[0,128,8392704,8,0]
[0,0,0,0,0,0,0,0,1048576,0,0,0,1310720,0,2048,0]-[0,1064964,0,0,1024]
[0,0,67108864,0,0,0,0,0,0,0,0,0,0,536870912,0,262144]-[0,0,67174400,0,132]
[0,0,67108864,0,0,0,0,0,1048576,0,256,0,0,0,0,0]-[0,516,0,1572864,0]
[0,16777216,0,0,0,0,0,16,1048576,0,0,0,0,0,0,0]-[0,269484032,0,2147483649,0]
[0,0,0,0,0,0,0,16,0,0,16777216,0,0,0,0,0]-[1048576,4129,142606416,33555520,1]
[0,0,0,2048,0,0,0,0,0,0,524288,0,0,0,0,64]-[16,0,0,16781312,1048576]
[0,0,0,0,0,0,0,0,0,1048576,0,0,0,2176,0,0]-[0,0,8388610,520,0]
[128,0,67108864,0,0,0,64,0,1048576,0,0,0,0,0,0,0]-[2048,0,33554432,1081344,0]
[0,0,0,0,0,0,8256,0,0,0,4096,0,0,128,0,0]-[0,256,0,69632,32]
[0,32,67108864,0,0,0,0,0,1048576,0,0,0,0,0,0,0]-[0,0,4194328,2097697,64]
[0,65536,67108864,0,0,0,0,0,1048576,0,0,0,0,0,0,0]-[65537,0,34816,2147491841,524352]
[0,0,0,0,0,0,0,0,1073741824,0,0,0,65536,0,0,0]-[8388608,1073741824,2147483648,2097152,0]
[0,0,67108864,0,0,8192,0,0,16777216,0,0,0,0,0,0,0]-[21561350,2147522560,2098176,294913,16770]
[0,16,0,0,0,0,0,0,0,0,0,0,0,0,536870912,0]-[67109056,8388608,0,0,0]
[8,0,0,0,0,0,8192,0,1048576,0,0,0,0,0,0,0]-[384,0,1073741832,0,0]
[128,0,0,0,262144,0,0,0,17825792,0,0,0,0,0,0,0]-[0,256,536870912,3,0]
[0,0,67633152,0,0,0,0,0,0,0,0,0,4096,0,0,0]-[0,4096,524288,33587200,0]
[0,0,0,0,0,0,0,24,0,0,0,0,256,128,0,0]-[0,2048,32768,268435456,1048576]
[128,0,67108864,0,0,0,0,16,1048576,0,0,0,0,128,0,64]-[0,65536,32768,144,0]
[0,2048,0,0,0,256,0,0,0,0,0,0,0,0,0,0]-[1310720,0,64,0,1]
[0,128,0,0,0,0,0,0,1048576,0,0,0,1048576,0,0,0]-[131200,512,33562624,4198400,0]
[0,2048,67108864,0,0,0,0,0,0,0,0,0,0,128,0,0]-[2097216,0,0,4096,131072]
[0,0,0,2,0,256,0,0,1048576,0,0,0,0,0,0,0]-[262144,0,80,0,1024]
[0,0,0,0,0,256,0,0,1048576,0,268435456,0,0,0,0,0]-[0,128,64,2147483648,64]
[131072,0,0,0,0,0,0,0,0,0,0,0,0,536870912,0,0]-[0,0,32768,2113536,65536]
[0,0,0,0,0,128,0,0,0,0,0,8388608,0,0,0,0]-[16,32768,524352,0,0]
[0,0,0,0,0,0,65536,0,1048576,0,0,0,0,128,0,0]-[0,545259520,1073741825,1610616832,131072]
[0,0,0,0,0,256,16,16,0,0,0,0,131072,0,0,0]-[16,0,4096,2147483648,4096]
[0,0,0,0,0,0,32,0,1048576,8192,0,0,0,128,0,0]-[16,0,32768,268435456,1024]
[0,0,0,0,0,0,0,0,0,0,64,0,0,8192,0,0]-[1073741824,67108864,0,0,4100]
[0,0,67108864,0,67108864,0,0,0,0,0,4194304,0,0,0,0,0]-[0,4194624,2097152,0,0]
[0,0,67108864,268435456,0,0,0,0,1048576,0,0,0,0,0,0,0]-[2048,0,33554432,2147484672,0]
[0,8388736,67108864,0,0,0,0,0,0,0,4096,0,0,0,0,0]-[4096,0,33554432,294912,0]
[0,0,67108864,268435456,0,262144,4096,0,0,0,0,0,1048576,0,0,0]-[0,8,37748736,33554432,0]
[0,0,67112960,0,128,0,0,16,0,0,0,0,0,0,0,0]-[524288,4096,0,128,2097152]
[0,0,131072,0,0,0,0,0,134217728,0,0,8388608,0,0,0,0]-[0,0,2,16384,384]
[0,0,0,0,0,0,0,0,0,1048576,0,0,0,536870912,0,0]-[134217728,2,262176,0,0]
[0,0,67108864,0,0,0,0,16,1048576,0,0,0,0,0,536870912,0]-[0,268435456,0,136314880,16]
[2,0,0,0,0,0,0,0,0,0,0,0,0,536870912,0,0]-[0,136,2097152,8388608,0]
[0,0,0,0,0,0,0,0,0,0,524288,0,0,128,0,0]-[302039568,545259552,9994243,264404,688224]
[0,256,0,0,0,0,8192,0,0,0,0,0,0,0,0,0]-[536870912,0,620756996,65536,2048]
[0,0,67108864,0,0,320,0,16,0,0,0,0,134217728,0,0,0]-[524288,67108896,256,0,0]
[0,0,0,0,0,0,1073741824,0,1048576,0,0,0,0,0,0,0]-[393472,1048576,0,3321889792,524288]
[0,0,0,0,0,0,0,0,1048576,0,0,0,1048576,128,0,2048]-[393344,0,0,4608,0]
[0,0,0,0,0,0,0,0,1048576,0,0,0,0,640,0,0]-[278528,268435712,262145,64,64]
[0,0,67108864,0,0,0,0,0,0,0,4096,536870912,0,0,0,0]-[64,67371008,0,4194304,0]
[0,0,0,0,0,2,0,0,1048576,0,0,0,0,0,0,0]-[0,4210704,262144,35328,8272]
[0,0,67108864,0,0,0,0,0,0,8,0,33554432,0,0,0,0]-[0,17,1024,1,0]
[0,0,0,0,0,0,0,0,0,0,0,1,0,128,0,0]-[1,67110209,524289,545262208,2228256]
[0,0,0,0,0,0,8388608,0,0,2097152,0,0,1048576,0,0,0]-[4,1024,0,34816,0]
[128,2147483648,67108864,0,0,0,0,0,0,0,4096,0,0,0,0,0]-[65536,2214592512,16,0,0]
[0,0,0,0,32768,0,0,0,0,0,0,0,0,0,33554432,0]-[1048576,2,0,16384,524288]
[0,0,0,0,2147483648,0,0,0,268435456,0,0,0,0,0,0,0]-[0,16384,128,536936448,0]
[0,0,67108864,134217728,0,0,0,16,1048576,0,0,0,0,536870912,0,0]-[0,268500992,0,320,0]
[0,1048576,0,0,0,0,0,0,0,0,4096,0,0,128,0,0]-[268435968,603980800,128,335544836,2097152]
[0,0,0,0,0,0,0,0,134217728,524288,0,0,0,0,0,0]-[131072,0,100663296,262144,0]
[128,0,0,0,64,0,0,0,0,0,0,0,0,0,0,0]-[536870944,16384,0,1073872904,5]
[0,67108864,0,33554432,0,0,0,0,0,0,0,0,0,0,0,0]-[0,536870914,0,167772160,0]
[0,0,67108864,0,0,0,64,0,0,0,0,0,128,0,0,0]-[0,65536,589824,0,2048]
[0,8388608,0,0,0,0,0,0,1048576,0,0,32,0,0,0,0]-[65536,262144,0,2048,16]
[0,0,67108864,0,0,0,0,2048,1048576,0,0,0,0,0,0,0]-[2097152,516,8192,64,0]
[0,536870912,0,0,0,0,0,0,0,0,0,0,262144,128,0,0]-[0,68157440,128,67108864,0]
[0,0,67108864,0,0,0,0,0,0,0,4194304,524288,0,0,0,0]-[0,268435456,2147483648,2,2]
[0,0,0,0,0,0,32,0,0,0,0,0,0,536870912,0,0]-[0,4096,0,3221225488,0]
[0,0,0,268435456,0,524288,0,16,0,0,0,0,8,0,0,0]-[512,16777216,1152,0,0]
[0,0,67108864,0,0,0,0,0,0,0,0,0,32768,0,33554432,0]-[0,264,3221225472,0,0]
[0,0,0,0,0,0,0,0,0,0,0,0,1073741824,0,0,32768]-[0,128,67117056,0,1]
[0,0,0,0,0,256,0,0,0,512,0,0,1048576,0,0,0]-[2113536,0,0,16777232,262144]
[0,0,0,0,0,0,0,0,1048576,64,0,0,262144,0,0,0]-[16400,0,33554432,256,0]
[0,0,0,0,32768,0,0,0,5242880,0,0,0,0,0,0,0]-[0,541065216,2048,268435456,0]
[0,0,67108864,0,67108864,0,2048,0,0,0,0,0,8,0,0,0]-[4194304,285212672,2048,0,0]
[0,0,0,0,0,256,0,0,0,0,0,0,1048576,0,536870912,0]-[64,0,327680,2097152,0]
[0,0,0,0,0,0,64,0,1048576,0,0,16,0,0,0,0]-[33554432,16,8192,1073741824,0]
[16777216,0,0,0,0,0,0,0,0,0,0,0,1048576,128,0,0]-[128,268437504,262144,4104,262336]
[0,0,0,0,1,4,0,0,0,0,4096,0,0,0,0,0]-[512,0,0,268435456,20480]
[0,0,67108864,0,0,0,0,1,0,0,4096,0,1048576,0,0,0]-[16781312,0,33554432,4864,32896]
[0,0,0,0,0,256,0,0,0,0,4096,0,0,0,0,0]-[3560927041,2542253432,1538216661,3160922508,720288]
[0,0,0,0,67108864,64,0,0,2148532224,0,0,0,0,2147483648,0,0]-[16384,0,8390656,536870912,0]
[0,0,0,0,0,0,0,0,1048576,0,0,536870912,0,128,0,0]-[4,262144,1,32,0]
[0,0,67108864,0,0,0,0,0,0,0,4096,0,0,128,0,0]-[27860039,3074927997,3524870710,1248171966,2876550]
[0,0,128,0,0,0,0,0,1048576,0,0,0,0,0,33554432,0]-[131328,4,0,4194304,0]
[0,0,67108864,0,0,2147483712,0,0,0,0,0,0,0,0,0,0]-[0,16,1056,1,0]
[0,0,0,0,0,0,0,8388608,0,0,16,0,0,128,0,0]-[128,536870912,0,262144,131072]
[0,0,67108864,0,0,0,0,0,0,0,0,0,0,268435584,0,0]-[12,621019200,1048576,134217920,65536]
[0,0,0,0,0,0,0,8388608,134217728,0,0,0,0,128,0,0]-[1048704,32,131072,0,0]
[0,0,0,0,0,0,0,0,0,1,16777216,0,0,0,0,0]-[0,0,2,8,2112]
[0,0,0,0,0,0,0,0,0,0,0,0,0,0,270532608,0]-[0,0,131072,135282688,0]
[0,2048,0,32,0,0,0,0,0,0,0,0,0,0,0,0]-[0,2097152,0,67112960,131072]
[0,0,67109888,0,0,0,0,0,134217728,0,0,0,1048576,0,0,0]-[0,67174400,2097152,16777216,0]
[0,4,0,0,2147483648,0,0,0,0,0,0,0,65536,0,0,0]-[512,128,2129920,0,0]
[0,0,67108864,0,0,0,64,0,0,0,0,0,0,0,33554432,0]-[2048,603992076,1074274304,6295616,51202]
[0,0,67108864,0,0,0,67108864,0,0,0,0,0,1,0,0,0]-[64,2097152,1028,0,0]
[0,0,0,0,0,0,0,0,0,0,0,0,0,2147483776,0,0]-[1180290,1074004032,434176,2166982,2129920]
[0,0,0,256,0,0,0,0,134217728,0,0,0,0,128,0,0]-[2112,0,4,1073741824,0]
[0,8388608,0,0,0,0,0,0,0,0,1073741824,0,0,0,0,0]-[0,0,34603072,262144,0]
[0,0,0,4194304,0,64,0,0,16777216,0,0,32,0,0,0,0]-[128,2621440,8388608,0,0]
[0,0,0,0,0,8448,0,0,4,0,0,0,0,128,0,0]-[263168,0,1073741824,2097152,0]
[0,536870912,0,0,0,0,0,0,0,0,0,0,0,32,0,0]-[0,273186816,0,0,0]
[67108864,0,0,0,0,0,0,16,0,0,0,0,0,128,0,0]-[0,67108864,8388608,32,262144]
[0,0,67108864,0,0,256,0,8,0,0,0,32,65536,128,0,0]-[0,0,0,134479876,64]
[0,8,0,0,0,33554432,0,0,1048576,0,0,0,0,0,0,0]-[0,256,1073741824,32768,8192]
[0,0,67108864,0,0,32,0,0,0,0,0,0,1048576,0,0,0]-[2,2060,0,50331648,32768]
[0,0,67108864,0,0,0,0,0,0,0,0,8192,1048576,0,0,0]-[2147483648,0,8,786432,0]
[0,0,67108864,0,0,0,8,0,0,0,0,0,16777216,0,0,0]-[65536,262144,1048576,0,1]
[0,0,0,0,0,0,0,0,524288,0,0,8388608,0,0,0,0]-[131200,134217728,576,0,0]
[0,0,67108864,16,0,0,0,0,0,0,0,0,0,0,0,0]-[2208879887,1057230404,2454214148,2284914180,3361938]
[0,0,8388608,0,0,0,0,0,135266304,0,0,0,0,0,0,0]-[16777216,0,1,2,4]
[0,0,0,0,0,0,0,0,0,0,0,0,1073742080,0,0,0]-[0,0,67117056,0,4097]
[0,0,67108864,0,0,0,16777216,0,0,0,0,0,0,0,0,0]-[46137344,537133824,70266880,3145764,2129923]
[0,0,67108864,0,0,0,0,0,0,0,0,0,1048576,4,4194304,0]-[0,0,73728,20,0]
[0,0,0,0,0,0,0,16,0,0,0,0,0,0,0,262144]-[75567104,262144,262146,553649536,2097152]
[0,0,0,0,0,0,0,0,16777216,134217728,0,0,0,0,0,0]-[67110912,4227074,1090,134217728,0]
[0,0,0,0,0,256,0,256,1048576,0,0,0,0,0,0,0]-[272,1048704,0,0,0]
[0,0,0,0,0,0,64,268435456,0,0,0,0,0,0,0,0]-[8208,134250496,32770,0,2097160]
[0,0,0,0,0,0,0,16,1048576,0,0,0,0,128,0,32]-[49152,0,0,2064,0]
[0,0,67108864,0,0,536870912,0,8,0,0,0,0,0,0,0,0]-[0,16908288,528384,0,0]
[0,0,0,0,0,8396800,0,0,0,0,4096,0,0,0,0,0]-[2097152,0,8392704,0,16384]
[0,0,67108864,0,0,0,0,0,0,0,0,0,8388608,0,0,0]-[2388691041,269888,2148074784,53743664,2870337]
[0,0,32768,0,0,0,0,0,0,0,0,32,0,0,0,0]-[131072,16,67633152,0,0]
[0,0,67108864,0,0,16384,0,0,135266304,0,0,0,0,0,0,0]-[0,0,32768,8832,0]
[0,0,0,0,0,0,0,0,0,4096,0,0,1048576,128,0,0]-[0,32,0,4,9216]
[0,0,0,0,0,0,0,16,0,0,33554432,0,0,0,0,0]-[16,524288,137216,33558561,268432]
[0,0,0,0,0,2097152,0,0,1048576,0,0,0,0,128,0,0]-[0,262144,0,67108864,1572864]
[0,0,0,0,0,0,0,0,0,512,0,0,1048832,0,0,0]-[1048576,512,0,16777232,0]
[0,0,1024,0,0,8192,64,0,0,0,0,0,0,0,0,0]-[4,0,536870912,16777216,256]
[0,0,67109120,0,0,0,0,0,0,0,0,0,0,0,0,0]-[2202075136,67413549,2416443452,274726,2686995]
[536870912,0,0,0,0,0,0,0,134217728,0,0,0,0,0,0,0]-[268566536,16,528,262144,524288]
[0,0,0,0,32,0,0,0,0,0,0,0,0,128,0,0]-[1078198288,336726272,536895494,1277165569,65576]
[0,0,0,0,0,0,0,65536,0,0,0,32,0,0,4194304,0]-[32768,512,131072,1073741824,0]
[0,0,0,32,0,0,0,0,0,0,4096,0,0,0,0,0]-[1345128705,17039629,1115750608,33571588,2162696]
[0,262272,0,0,0,0,0,0,0,0,0,0,0,0,0,0]-[1048832,64,0,0,256]
[0,0,69206016,0,0,0,0,0,1048576,0,0,0,0,0,0,0]-[2097152,536870912,1073741824,8192,0]
[0,0,67108864,0,0,8256,67108864,0,0,0,0,0,0,0,0,0]-[0,2147487744,0,1,2]
[0,0,0,0,0,256,0,16777216,0,0,0,0,0,0,0,0]-[67109888,0,65616,2415919104,0]
[0,0,0,0,0,256,0,16,0,0,0,0,67108864,0,0,0]-[262656,0,262160,0,0]
[0,0,67108864,0,0,0,0,16777216,0,0,0,0,0,128,0,0]-[2056,536872992,2105344,134217858,68]
[0,0,0,0,0,0,0,32768,1048576,0,0,0,0,0,0,0]-[131072,536870912,33554432,0,1041]
[1024,0,0,0,603979776,0,0,0,0,0,0,0,0,0,0,0]-[262144,4112,4096,0,0]
[0,0,0,0,0,0,0,0,0,0,0,0,1048576,0,128,0]-[2129920,512,65536,16,2113544]
[128,0,1,0,0,0,0,0,134217728,0,0,0,0,0,0,0]-[2112,0,0,1090519040,0]
[0,16384,67108864,0,0,0,0,0,1048576,0,64,0,0,0,0,0]-[0,536870928,4194304,4096,0]
[0,0,0,0,0,0,0,0,0,2097152,0,0,0,32,524288,0]-[0,2147483648,16785408,16384,0]
[0,0,0,0,0,0,2097152,0,0,0,0,0,1048576,0,0,0]-[805306368,8388612,8192,1064960,8]
[0,0,67108864,0,0,0,0,16,0,0,0,32,1048576,128,0,0]-[32768,0,0,2097152,2097280]
[0,0,0,0,0,0,2048,0,0,0,4096,0,0,0,0,0]-[134283266,138413064,8388608,134223872,2097152]
[0,0,0,0,0,0,0,0,8,0,0,0,1048576,0,0,0]-[33570817,32768,604045568,805308562,270401]
[0,0,0,0,0,0,0,8,0,524288,0,0,0,128,0,0]-[268435456,0,0,128,2097156]
[0,0,67108864,33554432,67108864,0,0,0,0,0,0,0,0,0,0,0]-[0,262400,2147483648,1,0]
[0,128,0,0,0,0,0,0,0,0,0,0,262144,128,0,0]-[524,0,1048579,2097216,0]
[0,0,0,512,0,0,0,0,1048576,0,4096,0,0,0,0,0]-[0,4194304,0,67111168,0]
[0,384,0,0,0,0,0,0,0,0,0,0,0,0,0,0]-[0,0,134217732,12288,0]
[0,0,0,0,0,0,33554432,0,0,0,0,0,0,128,0,0]-[1310802,276824065,442368,1141117440,270432]
[0,0,0,0,0,0,0,16,0,0,512,0,262144,0,0,0]-[0,0,2147483712,2049,0]
[0,0,134217728,0,0,0,131072,0,0,0,0,0,0,128,0,0]-[0,0,2147483648,67584,128]
[0,0,0,0,16,8192,0,0,0,0,0,0,1048576,0,0,0]-[2,4,0,65536,4096]
[0,0,0,0,0,0,0,0,1048576,536870912,0,0,0,128,0,0]-[32896,0,0,2048,64]
[0,0,67108864,0,0,0,0,0,0,64,4608,0,1048576,0,0,0]-[1,32,0,4259840,0]
[0,0,0,0,2048,0,0,0,0,4194304,0,0,0,128,0,0]-[512,262144,294912,0,0]
[0,32768,0,0,0,0,0,0,0,335544320,0,0,0,0,0,0]-[67125248,2097152,0,1073741824,0]
[0,0,0,0,0,0,0,0,1048576,0,0,0,1048576,0,33554432,0]-[264452,348127362,1766072320,33575008,524416]
[0,0,0,0,16777216,0,0,0,1048576,0,0,0,0,128,0,0]-[262144,1073741856,0,1073741824,0]
[0,0,0,0,0,8320,0,0,0,0,0,0,0,0,0,0]-[2097408,8,673185793,0,49153]
[8,0,67108864,0,0,256,0,0,0,0,0,32,0,0,0,0]-[1,0,524544,0,32768]
[0,0,0,0,8192,0,0,0,0,0,0,0,2097152,0,0,0]-[8192,0,33554432,2214592512,0]
[0,0,67108864,0,0,0,0,65536,1048576,0,0,1,0,0,0,0]-[0,536871680,0,32768,0]
[0,33554432,0,0,0,0,0,0,8,0,0,0,0,0,0,0]-[262184,4,0,0,0]
[0,0,67108864,0,0,0,0,16,0,0,0,1048576,0,0,0,0]-[524288,516,0,134217728,0]
[128,0,0,0,0,16384,0,0,0,0,0,0,0,0,0,0]-[12583520,2,33554432,1,1048576]
[0,0,0,0,8388608,256,0,0,1048576,0,0,0,0,0,0,0]-[16,256,262160,0,0]
[0,0,0,0,0,8448,0,0,0,0,0,0,0,0,32768,0]-[2097152,0,536870912,16,16384]
[0,0,0,0,4,0,8,0,0,0,4096,0,0,0,0,0]-[0,2147483648,8389120,0,65536]
[0,0,67108864,2147483648,0,0,0,0,134217728,0,0,0,0,0,0,0]-[67108902,0,0,0,0]
[0,128,0,0,0,0,0,0,4,0,0,0,0,0,0,0]-[1048584,512,1074003968,16781312,8192]
[0,0,134217728,0,0,0,0,8,1048576,0,0,0,1048576,0,0,0]-[0,268435968,1,512,0]
[0,0,0,0,0,0,0,0,1048576,0,0,0,0,536871424,0,0]-[16384,20,0,0,524288]
[0,0,67108868,0,0,0,0,0,0,0,0,0,1048576,0,0,0]-[0,18464,4194304,260,32896]
[0,0,0,0,0,64,0,0,0,0,0,0,1048576,0,1073741824,0]-[131072,32,0,16777216,2097152]
[32768,0,67108864,0,0,0,0,0,1048576,0,0,0,1310720,0,0,0]-[0,0,1073741824,8194,4]
[0,0,67108864,0,0,0,8192,0,0,0,0,0,0,1073741824,0,0]-[528384,16384,0,0,524288]
[0,0,67108864,0,0,0,0,0,136314880,0,0,0,0,0,0,0]-[0,65536,0,16777472,1]
[0,0,0,0,0,0,0,4096,0,268435456,0,0,0,0,0,0]-[1024,512,1073741824,0,8]
[1048576,0,0,0,0,0,0,0,16777216,0,0,0,0,0,0,0]-[32,524290,1048576,0,0]
[0,0,0,0,0,0,0,0,0,0,128,0,0,134217728,0,0]-[0,337641600,0,0,0]
[0,0,536870912,0,0,0,0,0,0,4,16,0,0,0,0,0]-[0,32768,8423424,0,0]
[0,0,0,0,0,0,0,16,1048576,0,4096,0,1048576,128,0,0]-[0,276824064,0,134217744,0]
[0,0,524288,0,0,0,0,0,0,0,0,0,1048576,0,0,0]-[9781888,18894850,102769160,2584336576,20480]
[0,0,67108864,0,0,8192,8388608,0,0,0,0,0,0,0,0,0]-[0,34816,32768,16,0]
[0,0,0,0,0,0,0,0,1048832,0,0,0,0,0,64,0]-[8,67633152,0,0,65536]
[4,0,67108864,0,0,0,32,0,0,0,0,0,0,0,0,0]-[0,2147483648,67698688,0,0]
[0,0,67108864,0,0,4194304,0,0,1048576,0,0,0,1048576,0,0,0]-[0,268435460,4194304,256,0]
[0,0,0,32,0,0,0,256,1048576,0,0,0,0,0,0,0]-[0,0,32768,33554432,8256]
[0,0,67108864,0,67108864,0,0,8388616,0,0,536870912,0,0,0,0,0]-[0,20480,1048576,128,0]
[0,0,67108864,0,0,256,0,0,17825792,0,0,0,0,0,0,0]-[1,32,32,2147487811,524480]
[0,0,0,0,0,0,0,0,134217728,0,0,2097152,0,128,0,0]-[1048576,0,131072,2048,65536]
[128,0,0,0,0,0,0,0,0,0,0,0,0,65536,0,0]-[134479872,0,8,0,4096]
[128,0,67108864,0,0,0,0,0,0,0,4096,0,262144,0,0,0]-[0,604020736,0,0,0]
[0,0,0,0,0,0,8192,0,16777216,0,0,0,0,0,0,0]-[3858851889,2433786627,1686372960,1376000448,1049128]
[0,0,0,0,0,0,0,16,0,2097152,0,0,0,0,0,0]-[16384,135790624,142606338,2183155745,3145728]
[0,0,0,0,0,0,0,0,0,0,0,0,0,0,2214592512,0]-[1074266112,524288,262144,0,0]
[0,0,0,0,0,0,0,0,0,2147484160,0,0,0,0,0,0]-[4210688,589824,1026,0,16386]
[0,0,0,0,0,0,0,0,1048576,0,4096,0,512,0,0,0]-[67584,262144,0,2048,0]
[0,0,0,0,0,0,0,0,262144,0,0,0,0,524288,0,0]-[0,0,0,76546048,2048]
[0,0,67108864,0,0,0,0,16,0,0,0,0,0,16384,0,0]-[2049,16777216,1024,0,0]
[0,0,67239936,0,0,0,0,0,0,0,0,0,1048576,0,0,0]-[0,2048,0,16,1048578]
[1073741824,128,0,0,0,0,0,0,0,0,0,0,0,0,0,0]-[0,32,1073741888,0,262144]
[1048576,0,67108864,0,0,0,0,0,0,0,0,0,1048576,0,0,0]-[16777216,75776,33554688,1114448,2113540]
[0,0,67108864,0,0,268435456,0,0,0,0,0,0,0,512,0,0]-[4096,65600,0,0,1]
[0,2049,0,0,0,0,0,0,1048576,0,0,0,262144,128,0,0]-[2097152,0,0,67108864,139264]
[0,0,0,0,0,0,0,0,1048576,0,16,0,0,0,0,0]-[33701908,1073742000,1635813377,268961552,4]
[0,0,67108864,0,0,0,0,16,0,0,128,0,0,0,0,0]-[75563008,4194304,0,0,0]
[0,0,67108864,0,0,0,0,24,0,0,0,0,0,0,0,0]-[20971520,23353408,1605664,2148008064,3147841]
[0,0,0,0,0,0,0,0,0,0,0,0,0,128,4,0]-[17565714,1612841984,12058816,1889800264,8192]
[0,128,67108864,0,0,0,0,0,0,2097152,0,0,4,0,0,0]-[33554432,0,33554436,0,16384]
[0,0,67108864,0,524288,0,0,0,0,0,0,0,0,536870912,0,0]-[0,268437504,67108864,4194304,0]
[0,0,0,0,0,0,0,0,0,0,0,0,0,0,33554432,4]-[2304,256,4,0,0]
[2097152,0,67108864,0,0,8192,0,0,0,0,0,0,0,0,0,0]-[8,2147516416,1024,0,0]
[0,4,0,0,4,0,0,0,0,0,0,0,0,0,0,0]-[0,0,16777216,0,1048579]
[0,0,67108864,0,0,0,8192,0,0,0,0,0,1048576,0,0,0]-[2183237698,369289768,375403044,2283864636,2132051]
[0,0,0,0,0,0,2048,16777216,0,0,0,0,0,0,0,0]-[2097152,268435456,0,524288,4096]
[2048,0,0,0,0,0,0,0,0,0,0,0,0,128,0,0]-[35652117,68157440,2684518404,1073840128,529044]
[0,32768,67108864,0,0,0,0,0,0,0,0,0,0,128,0,0]-[8,536870945,49156,262208,128]
[128,0,0,0,0,0,0,0,1048576,0,0,0,262144,128,0,0]-[33949696,262144,536903680,192,655360]
[0,0,67108864,33554432,0,0,0,0,1048576,33554432,0,0,0,0,0,0]-[33554432,33816576,0,0,1]
[128,0,0,0,0,536870912,0,0,0,0,0,0,0,0,0,0]-[134217792,256,8404992,1073741824,0]
[0,0,67108864,0,0,0,0,0,1048576,0,0,8388608,0,128,0,0]-[0,0,1073750016,136314880,0]
[0,0,67108864,0,0,0,0,0,0,0,0,0,1048576,0,1,0]-[0,8,2097152,0,2098176]
[524288,0,0,0,0,8192,0,0,16777216,0,0,0,0,0,0,0]-[0,2147483648,0,32768,264]
[0,0,67108864,0,0,8192,0,0,0,0,8,0,0,0,0,0]-[134283264,0,32772,0,0]
[0,0,67108864,0,0,0,0,0,0,0,0,0,8,0,0,0]-[3083442287,931636861,3547954974,2877275643,3737047]
[0,0,0,0,67108864,0,64,0,0,0,0,0,0,0,0,0]-[71584032,3296920327,33627814,1628438784,8448]
[0,0,0,0,0,2147483648,0,0,1048576,0,0,0,0,128,0,0]-[0,0,536870912,805310496,663552]
[0,0,0,0,0,0,0,0,1048576,0,0,16777216,0,0,33554432,0]-[4,536871040,16777216,0,524288]
[0,33554432,67108864,0,0,0,8192,0,0,0,0,0,0,0,0,0]-[67108864,67108864,4096,0,16]
[0,0,0,0,0,0,0,33554432,0,0,0,0,0,536870912,0,0]-[128,524288,4096,65536,0]
[0,0,0,0,0,0,0,67108864,0,0,0,0,262144,0,0,0]-[0,49154,0,0,256]
[0,0,67108864,0,0,256,0,0,0,16777216,0,0,0,0,0,0]-[524296,2048,0,8,0]
[0,16777216,0,0,0,0,0,0,32768,0,0,0,0,0,0,0]-[1024,0,2097152,268435457,0]
[0,0,0,0,0,0,0,0,0,0,0,0,0,128,0,516]-[1024,32,0,4096,8192]
[0,0,0,0,0,0,0,0,16777216,16384,0,0,0,0,0,0]-[65536,2048,16,0,262144]
[0,0,0,0,0,0,8192,0,0,0,0,0,16,0,0,0]-[4194304,34078784,0,0,0]
[0,0,0,131072,0,0,0,0,0,0,0,0,0,0,268435456,0]-[541065216,16384,2,0,0]
[0,0,67108864,0,0,0,0,0,0,0,0,128,0,32,0,0]-[0,32768,0,263200,0]
[128,0,524288,0,0,0,0,0,0,64,0,0,0,0,0,0]-[4194304,2048,0,16448,0]
[0,0,67108864,0,1073741824,0,0,0,0,0,0,0,0,128,0,0]-[32832,268435456,0,0,131072]
[0,0,67108864,0,0,0,0,0,0,0,1024,0,16384,128,0,0]-[0,67108864,0,2097154,131072]
[0,0,0,4194560,0,0,0,0,0,0,0,0,0,8192,0,0]-[0,8192,67108864,16388,0]
[0,0,0,0,1073741824,256,0,0,0,0,0,0,0,0,0,0]-[2147483648,2155873280,2147483652,32,512]
[0,0,524288,0,0,0,0,0,0,0,0,16777216,0,0,0,0]-[1048576,128,262272,16777216,0]
[0,0,0,1,0,0,8192,0,0,0,0,0,0,128,0,0]-[0,131328,0,268435520,0]
[0,0,0,0,0,0,0,0,1048576,256,0,0,0,128,0,0]-[131072,1073741824,8388608,67108864,0]
[0,0,0,0,0,0,0,0,1073741824,0,4096,0,1048576,0,0,0]-[0,0,4096,196612,0]
[0,0,0,0,67108864,0,0,0,0,0,1073741824,0,1064960,0,0,0]-[2048,0,0,8193,512]
[0,0,67108864,0,0,0,0,0,0,16384,0,0,1048576,0,0,0]-[8388608,268435456,0,8,32768]
[0,2048,0,0,0,0,0,0,0,0,0,0,0,0,33554432,16384]-[131076,524288,0,32,0]
[128,0,0,0,0,0,0,0,1048576,0,0,0,0,32,0,0]-[131072,262144,32768,2147483648,0]
[0,0,0,0,0,0,0,0,0,0,0,0,262144,0,2048,0]-[16,67141632,553648128,0,0]
[0,0,67108864,0,0,0,0,0,0,0,8392704,0,0,0,0,0]-[8912960,67239936,0,37847808,128]
[0,0,0,0,0,8196,0,0,0,0,0,0,1048576,0,0,0]-[0,0,1064960,2048,512]
[0,0,1140850688,0,0,0,0,0,0,0,0,0,0,0,0,0]-[2212532303,2787240564,3525852436,54372004,1706373]
[0,0,0,0,0,0,0,0,1073741824,0,0,0,0,132,0,0]-[0,1073742080,0,2359296,0]
[0,0,0,0,0,0,0,0,0,524288,0,32,0,0,0,0]-[268566536,0,33554432,0,0]
[128,0,0,0,0,0,0,16,134217728,0,0,0,1048576,0,0,0]-[545259520,3,16,0,0]
[0,131072,0,0,0,0,0,0,0,0,0,0,1048576,128,0,0]-[131072,268435488,0,65544,128]
[0,0,0,0,0,64,0,0,0,0,0,0,512,0,0,0]-[8192,0,3072,0,128]
[8,0,67108864,0,0,8192,0,0,1048576,0,0,0,0,0,0,0]-[0,16,32,12288,0]
[0,0,0,0,0,0,65536,0,0,0,2048,0,0,0,0,0]-[0,8388608,512,0,131073]
[0,32,0,0,0,0,0,0,0,0,0,0,0,0,0,2048]-[144,524288,0,512,0]
[128,0,0,0,0,0,0,0,1048576,0,0,131072,0,0,0,0]-[0,262144,0,1077936128,524288]
[0,0,67108864,0,0,0,524288,0,1048576,0,0,0,0,0,536870912,0]-[0,272629760,0,136314880,0]
[0,0,67108864,0,0,256,0,0,1048576,0,8,0,0,0,16384,0]-[0,16,0,5242880,4]
[0,0,67108864,0,262144,0,0,0,0,0,0,0,536870912,0,0,0]-[32768,2147483712,0,8192,0]
[0,0,0,0,67108864,0,0,0,1048576,0,0,0,256,0,0,0]-[256,0,1,1048832,0]
[0,0,65536,0,0,0,0,0,0,0,0,0,1048576,0,0,0]-[0,8392712,85197312,1073758212,608]
[0,0,0,0,0,0,0,0,0,0,0,536870912,262144,0,33554432,0]-[134348804,0,0,16384,0]
[0,0,4096,0,0,256,0,0,0,0,0,0,0,128,0,0]-[268435456,276824320,0,0,0]
[0,0,67108864,0,0,0,0,8,0,0,4096,0,0,0,0,0]-[16783360,54952192,1073762816,33849356,65664]
[0,0,0,0,0,256,0,0,0,0,0,0,134217728,128,0,0]-[8,0,524288,536870992,262144]
[0,0,0,0,0,0,0,0,134217728,0,0,0,1310720,0,4096,0]-[0,1050626,0,0,1024]
[0,0,67108864,0,0,0,8192,0,0,0,0,16777216,0,0,0,0]-[67108864,0,335544320,16,1048577]
[0,128,0,2,0,0,0,0,0,0,0,0,0,0,0,0]-[0,2168455168,16777216,2097152,2097152]
[0,128,0,0,32768,0,0,0,0,0,0,0,0,0,0,0]-[0,16777232,0,538968064,0]
[8,0,0,0,0,0,0,0,0,0,0,0,1048576,0,0,0]-[536870912,2245136,1073741928,1342308480,512]
[128,0,0,0,0,0,0,0,0,0,0,0,0,4096,0,0]-[0,0,1024,5242880,4096]
[0,0,1024,0,67108864,0,0,0,0,0,0,0,0,0,0,0]-[134217728,0,8388640,0,2097152]
[0,0,0,0,0,0,0,0,0,1073741824,0,0,1048576,0,0,0]-[536870912,0,0,2149580816,0]
[0,2147483648,67108864,0,0,1,0,0,0,0,0,0,0,0,0,0]-[0,16785408,0,16,131072]
[0,16777216,0,0,0,8192,0,0,16777216,0,0,0,0,0,33554432,0]-[536870912,268443648,0,0,16384]
[0,0,0,0,32,0,0,0,0,16,0,0,0,0,0,0]-[0,536870912,2099201,0,0]
[0,0,0,0,67108864,64,0,0,1048576,0,0,0,0,128,0,0]-[16384,1073741824,8396960,536870912,4]
[0,8388608,16777216,0,0,0,0,0,0,0,0,0,0,0,0,0]-[2097152,2,134217728,1073741824,0]
[1,268435456,0,0,0,0,0,0,0,0,0,0,0,0,0,0]-[536870992,0,33554432,0,0]
[0,0,0,0,0,262144,0,0,0,0,0,0,262144,0,0,0]-[8,512,0,49152,0]
[0,0,0,0,0,256,0,16,0,0,8,1073741824,0,0,0,0]-[0,8392704,16777216,2048,0]
[0,0,0,16777216,1073741824,0,8192,0,0,0,0,0,0,0,0,0]-[0,67108992,0,0,24]
[0,1024,0,0,0,0,64,0,0,0,0,0,0,0,0,0]-[32,134512640,0,0,0]
[262144,0,0,0,0,0,0,256,0,0,0,0,0,0,0,0]-[512,0,4,1114112,0]
[1,0,67174400,0,0,0,0,0,0,0,0,0,0,0,0,0]-[32,8,2162688,0,0]
[0,256,0,128,0,0,0,0,0,0,0,0,0,0,0,0]-[131072,8,16809988,8704,262144]
[0,0,67108864,0,0,0,0,33554432,0,0,0,0,0,0,2097152,0]-[134217760,16384,8,0,0]
[0,0,64,0,0,0,0,0,0,0,0,8388608,0,0,0,0]-[0,0,17301504,8388612,0]
[0,0,0,0,67108864,0,0,0,0,0,0,0,0,0,16384,0]-[1073741824,512,0,17039360,0]
[0,0,0,0,0,0,8192,16,0,0,0,0,0,0,1024,0]-[2147483648,0,0,0,1050656]
[0,0,32,0,0,0,0,0,0,0,0,0,1048576,0,262144,0]-[1048578,4,0,131072,0]
[524288,0,0,0,0,0,0,0,0,0,4096,0,0,128,0,0]-[0,131136,1,262144,0]
[0,8,0,134217728,0,0,0,0,0,0,0,0,0,0,0,0]-[67110912,0,1073741824,0,8192]
[0,0,0,0,536870912,0,0,0,4,0,0,0,0,128,0,0]-[1327104,0,8388608,0,0]
[524288,0,1,0,0,0,0,0,0,0,65536,0,0,0,0,0]-[0,18,8192,4194304,0]
[0,0,0,0,0,0,134225920,0,0,1,0,0,0,0,0,0]-[2048,2,1048576,2097152,0]
[0,0,0,0,0,0,0,0,0,2097152,0,1024,0,0,0,0]-[0,4098,0,536870912,8192]
[0,0,0,0,0,0,0,0,0,0,0,0,128,32,0,0]-[0,4194304,0,1024,16896]
[0,0,0,0,0,0,0,0,1048576,0,0,0,1048576,0,0,1]-[0,33554468,0,0,8192]
[0,0,0,0,16,0,0,0,2097152,0,0,0,0,0,0,0]-[0,0,1,16777472,1]
[0,0,0,0,0,0,0,0,0,0,0,0,262144,128,33554432,0]-[1048592,620759041,2097282,2097184,0]
[0,0,67108864,0,0,0,0,0,8192,0,0,0,0,536870912,0,0]-[65536,512,33554432,4,0]
[0,0,67108864,0,0,0,0,16,0,0,0,0,1310720,0,0,0]-[4259840,67113028,1075838980,35660032,0]
[0,0,0,0,33554432,0,0,0,33554432,0,0,0,8,0,0,0]-[0,8,128,0,288]
[0,128,0,0,0,0,0,0,0,0,2097152,0,0,0,0,0]-[0,262144,65536,1073741824,16]
[0,0,0,0,0,0,0,0,134217728,0,0,134217728,0,0,0,0]-[67108898,128,0,0,0]
[0,0,67108864,0,0,0,0,134217728,0,0,4096,0,0,0,0,0]-[67108864,0,32,16,524288]
[0,0,0,0,0,64,0,0,1048576,0,0,0,262144,0,0,0]-[12582912,134217728,16384,0,0]
[0,0,0,0,0,0,0,8,1048576,0,0,0,0,128,0,0]-[294933,1310752,819328,941621458,1572868]
[0,0,0,0,0,256,0,0,0,4194304,1048576,0,0,0,0,0]-[512,128,8650752,0,0]
[0,0,0,0,0,256,0,0,0,0,33558528,0,1048576,0,0,0]-[2097153,0,0,81920,16384]
[0,0,0,0,8192,0,0,0,0,0,0,0,0,0,16384,0]-[0,8392704,0,32768,512]
[0,32768,0,0,0,0,0,16,1048576,0,0,0,1048576,128,0,0]-[32768,269484032,0,4096,0]
[0,0,67108864,0,0,0,0,0,0,0,0,0,1073741824,0,0,0]-[2198376450,285493612,340313868,2339672585,3883139]
[0,0,0,0,67108864,0,0,0,1048576,131072,0,0,0,0,0,0]-[0,4,8388641,0,0]
[0,0,0,0,0,0,0,264,0,0,0,0,0,0,0,0]-[8192,134250688,0,33554436,68096]
[0,0,0,0,0,0,0,0,524288,0,0,0,1048576,128,0,0]-[1048641,16777216,0,65556,32]
[0,0,0,0,0,0,0,0,0,0,0,0,0,536870912,0,64]-[32,0,33554432,134217728,512]
[1073741824,0,0,0,536870912,0,0,0,0,0,0,0,0,128,0,0]-[1024,0,524288,32,128]
[16,0,0,0,0,4,0,0,0,0,0,0,0,0,0,0]-[1048576,0,194,0,0]
[0,0,67108864,0,0,0,0,0,1048576,0,4096,0,0,134217728,0,0]-[65536,4,0,640,0]
[0,0,67108864,512,1,0,0,0,0,0,0,0,0,0,0,0]-[83886080,2147532912,12800,2317354240,1573888]
[0,128,0,0,2147483648,0,0,0,0,0,0,0,1048576,0,0,0]-[128,67109376,0,4096,0]
[0,0,67108864,0,0,2048,0,0,0,0,0,0,0,128,0,0]-[2147483648,268436512,1078019072,592,256]
[0,0,67633152,2,0,0,0,0,0,0,0,0,0,128,0,0]-[0,0,2097152,64,65664]
[0,0,67108864,0,0,0,0,1073741824,0,0,0,0,16777216,0,0,0]-[100663296,65536,0,0,2]
[0,0,67108864,0,0,0,0,0,135266304,0,4096,0,0,0,0,0]-[67584,537133312,1073741840,256,128]
[262144,0,0,0,0,0,8192,0,1048576,0,0,0,0,128,0,0]-[1,0,262144,268435456,1048576]
[0,0,0,0,0,64,0,0,0,0,0,131072,131072,0,0,0]-[16,2147483904,0,0,32]
[128,0,67108864,0,0,0,0,0,1048576,0,0,0,2097152,0,0,0]-[0,0,0,2148573248,0]
[0,0,0,0,0,0,0,0,0,0,0,256,0,0,524288,0]-[0,0,524288,570441728,0]
[0,0,0,0,524288,0,0,16,0,0,0,0,0,0,0,0]-[805306368,8256,0,0,0]
[536870912,0,0,0,0,0,0,0,0,0,0,32,0,0,0,0]-[1048576,2181038592,34078784,0,2]
[256,0,0,0,0,0,0,0,0,0,4096,0,1048576,128,0,0]-[0,16777216,1,67108864,128]
[0,0,1024,0,0,0,0,0,0,1024,0,0,0,0,0,0]-[4096,16384,2,256,0]
[0,0,0,0,0,0,131072,0,0,0,0,0,0,0,33554432,0]-[288,4194304,0,0,8]
[0,0,0,0,0,0,0,0,0,0,0,0,0,32,33554432,0]-[256,4718592,268435456,0,0]
[0,16,67108864,0,0,0,0,0,0,0,4096,0,0,0,0,0]-[0,2147483656,4096,8,0]
[0,0,0,0,0,256,0,0,0,0,0,32,0,67108864,16777216,0]-[0,1048704,0,262144,64]
[0,0,67108864,0,131072,256,0,0,1050624,0,0,0,0,0,0,65536]-[0,33554432,16,2147483648,1]
[0,0,0,0,67108864,0,0,0,64,0,0,0,0,0,0,0]-[134217984,0,1,536870912,0]
[0,4096,0,0,0,0,0,0,134217728,0,0,0,0,0,0,0]-[576,142671874,1073741824,256,0]
[1073741824,0,0,0,0,0,0,0,0,0,0,0,0,0,33554432,0]-[262176,2483028224,268437504,18890752,278592]
[0,0,0,0,0,67108864,0,0,16777216,0,0,0,0,134217728,0,0]-[24576,0,536870914,0,0]
[0,0,1073741824,0,0,0,0,0,0,0,0,0,67108864,0,0,0]-[64,0,8194,256,0]
[1024,0,0,0,0,0,0,0,1048576,0,0,0,0,0,0,0]-[50350080,8388736,262288,1152,1582081]
[0,0,0,0,0,256,0,0,0,0,0,0,0,262272,0,0]-[1536,0,0,67112960,0]
[128,0,0,0,0,0,0,0,1048576,0,268435456,0,0,0,0,0]-[0,0,0,303038466,0]
[16,0,0,0,0,256,0,0,134217728,0,0,0,0,0,0,0]-[0,1048576,4,2097408,0]
[0,0,67108864,524288,0,0,0,0,0,0,0,0,1048576,0,0,0]-[8388608,16384,256,134217856,34820]
[0,0,268435456,0,0,0,0,0,0,8192,0,0,0,0,0,0]-[524288,134217856,0,8,0]
[0,0,67108864,0,0,64,0,0,0,0,0,0,0,128,264,0]-[0,131104,4,512,0]
[1073741824,0,67108864,0,0,4194304,0,0,0,0,0,0,0,0,0,0]-[2147483648,1024,0,33554432,2]
[0,0,0,1073741824,0,64,0,0,0,0,4096,0,0,0,0,0]-[1073741824,0,0,67174528,0]
[0,0,0,0,0,0,0,0,0,0,131072,16384,0,0,0,0]-[65664,134217732,0,285220864,1048576]
[0,0,67108864,0,0,0,0,0,1048576,0,0,1073741824,0,0,0,0]-[0,268435472,524320,167817217,1024]
[0,0,0,0,0,0,8192,0,0,0,0,262144,0,0,0,0]-[1056769,553656704,548,301989888,1049089]
[0,0,67108864,0,0,0,0,0,0,0,0,0,1,0,0,0]-[13107272,73408544,302023684,548,16384]
[0,0,67108864,0,0,8192,2097152,0,0,0,0,0,0,128,0,0]-[2,0,0,327696,0]
[0,0,0,0,0,0,64,0,1048576,512,0,0,0,0,0,0]-[2048,128,144,4194368,0]
[0,16,0,0,0,0,0,0,1048576,0,0,0,0,128,0,0]-[32768,536870912,537665536,201326592,0]
[0,0,67108864,256,67108864,0,0,0,0,0,0,0,0,0,0,0]-[0,256,2129920,8192,0]
[0,128,0,0,0,0,0,256,0,0,0,0,0,0,0,0]-[285212704,131074,0,16777216,0]
[0,0,0,64,0,0,0,0,0,0,262144,0,0,0,0,0]-[0,32768,4096,1073750016,0]
[0,0,0,0,0,0,8192,0,33554432,16,0,0,0,0,0,0]-[1073741824,0,35651584,0,2097152]
[0,0,0,0,0,0,0,0,0,0,0,262144,0,0,1,0]-[0,2164260992,0,0,128]
[0,0,67108864,0,0,0,0,0,1048576,0,0,0,0,8192,33554432,0]-[0,0,8192,33280,64]
[0,0,16777216,0,0,0,0,256,0,0,0,0,262144,0,0,524288]-[268435456,536870914,1048576,0,0]
[0,0,0,0,0,2304,0,0,0,0,0,0,0,0,0,0]-[264,75596928,545325072,16385,32768]
[0,0,0,0,0,256,0,0,16777216,0,4096,0,0,0,0,0]-[64,33554688,1082196032,268435456,0]
[0,0,67108864,2147483648,0,0,0,0,0,0,0,32,0,0,0,0]-[33554432,262144,67584,0,0]
[0,0,0,0,4,0,0,16,0,0,0,0,0,128,0,0]-[512,16777216,532480,0,0]
[0,0,67108864,0,0,0,0,0,536870912,0,0,0,0,0,0,0]-[2302775394,2485516605,2183196172,57784230,2280706]
[0,0,67108864,0,0,0,0,0,0,0,0,0,4096,128,0,0]-[2153775106,18440,2151677956,64,384]
[0,0,0,0,0,0,0,0,0,64,0,0,0,0,32,0]-[16384,576,0,256,0]
[0,0,0,0,67108864,0,0,0,134217728,0,0,0,0,0,33554432,0]-[2048,2050,0,16777216,524296]
[0,0,0,0,0,0,0,68,0,0,262144,0,0,128,0,0]-[1073741824,2,8,1,0]
[4,0,0,0,0,0,0,0,0,0,0,0,1048576,0,0,0]-[193200128,16777216,33816579,16908804,1572864]
[0,0,0,0,0,0,0,0,134217728,0,1,0,0,0,0,0]-[536870912,0,2097152,1073741824,2048]
[0,0,0,0,0,0,0,0,134217728,0,0,0,1024,0,0,0]-[268435472,262144,8,0,0]
[32,0,67108864,0,0,0,0,0,0,0,4096,0,0,0,0,0]-[2621440,256,1073741824,0,0]
[0,0,67108864,0,0,0,0,0,16777216,0,4096,0,0,128,0,0]-[0,256,16384,4096,128]
[0,0,67108864,0,0,0,2,0,0,0,0,0,0,0,0,0]-[2349334570,38054413,1144589836,2148803288,673798]
[0,0,0,2097152,0,0,0,0,0,0,0,0,32,0,0,0]-[0,32,2,16384,256]
[0,0,0,0,0,0,4194304,0,1048576,0,0,0,0,0,0,0]-[1,1074790400,536872960,2147483648,8196]
[0,0,0,0,0,0,0,0,268435456,0,0,0,0,128,0,0]-[17,8519680,0,0,0]
[0,0,0,0,0,0,0,0,2097156,0,0,0,0,0,0,0]-[262144,1073741824,0,1024,2]
[16384,0,0,0,65536,0,0,0,0,0,0,0,0,0,0,0]-[0,525320,67108864,0,0]
[128,0,0,0,0,0,0,0,0,0,4096,0,0,0,0,0]-[1575439169,2806492477,176374481,3611807406,2265386]
[0,0,67108864,0,0,256,0,0,0,0,4096,0,1048576,0,0,0]-[2281701445,50364456,1118228,4356,180612]
[0,0,67108864,0,0,1048576,64,0,0,0,0,0,0,4,0,0]-[2147483648,0,65536,524292,0]
[0,0,67108864,0,0,0,0,16,0,16777216,4096,0,0,0,0,0]-[0,48,512,0,16384]
[0,0,0,0,0,64,0,0,0,0,0,0,0,0,0,8192]-[64,0,0,536879104,64]
[0,268435456,67108864,0,0,0,0,16,0,0,0,1073741824,0,536870912,0,0]-[0,4112,512,16,2097152]
[0,0,67108864,0,0,0,0,0,0,0,0,0,32,0,0,0]-[2350911584,2218797828,1574444,54558805,66]
[0,0,67108864,0,0,0,0,0,1048576,0,0,0,268435456,0,0,4096]-[65536,268500992,0,16,0]
[0,0,67108864,0,0,8256,0,0,0,0,0,0,0,0,0,0]-[20971522,2684368896,4194320,1,18560]
[128,0,67108864,0,0,0,0,16384,0,0,0,0,0,0,0,0]-[4194304,268436480,0,1048576,0]
[0,0,67108864,0,0,0,0,0,0,0,0,0,2097152,0,33554432,0]-[32,0,4,262208,0]
[0,0,262144,0,0,0,0,16,1048576,0,0,0,65536,0,0,0]-[0,0,128,8194,64]
[262144,0,0,0,0,0,0,0,0,0,0,0,0,0,0,256]-[1073741824,0,10240,268435456,0]
[0,0,0,0,2147483648,0,536870912,0,0,0,0,0,0,0,524288,0]-[9437248,0,268435456,0,0]
[0,0,0,0,0,0,16384,0,67108864,0,0,0,0,2097152,0,0]-[32,131072,8519680,0,0]
[0,0,67108864,0,0,0,0,16,0,0,0,16,0,128,0,0]-[1,1,4,2,0]
[0,262144,128,0,0,0,0,0,32770,0,16,0,0,0,0,0]-[16777344,134217728,0,4194304,0]
[0,0,67108864,0,0,16777216,0,0,134217728,0,0,0,0,0,0,0]-[0,327680,0,16777216,1024]
[0,0,67108864,0,0,0,0,0,1048576,8192,0,0,0,0,0,0]-[65536,570490896,526352,34603537,1048577]
[0,0,0,0,0,0,0,0,0,0,0,128,0,128,0,0]-[8,256,537002020,1073741824,336960]
[128,0,0,0,0,256,0,0,1048576,2,0,0,0,0,0,0]-[0,0,536879112,8192,0]
[2097152,0,0,0,0,0,8192,0,0,0,0,0,0,0,0,0]-[0,256,512,0,2080]
[0,0,67108864,0,0,0,0,0,1048576,0,4096,0,0,2048,0,0]-[2048,0,33554448,33555456,0]
[0,0,0,2048,0,256,0,0,0,0,0,0,0,0,0,0]-[268435456,0,134217728,268435456,1]
[0,0,0,0,16777216,0,0,0,0,0,4,0,0,128,0,0]-[33554433,0,2,8388608,0]
[0,0,0,0,0,0,0,16,0,0,0,0,268435456,128,0,0]-[16,32,2,0,1048576]
[16384,0,67108864,0,0,0,0,33554432,0,0,0,0,1048576,0,0,0]-[2097152,4,0,16777472,0]
[0,0,67108864,32768,0,262144,0,0,0,0,0,0,536870912,0,0,0]-[32768,2214608896,0,0,0]
[0,0,0,0,0,0,0,512,0,0,0,0,0,1048576,0,0]-[0,0,1074790400,2147483648,8]
[0,0,0,0,0,0,0,0,1048576,0,0,32,0,0,0,0]-[2476982453,1914458801,63630587,4202278385,3876307]
[0,0,67108864,0,0,131072,0,0,0,0,0,0,0,0,0,0]-[4096,6152,1064960,17040401,64]
[0,0,0,0,0,0,8192,0,0,0,0,0,2147483648,128,0,0]-[1048576,1,0,335544320,0]
[0,268435456,67108864,0,0,0,0,0,1048576,0,0,0,0,0,0,0]-[4194312,112,24,4194321,2244608]
[0,0,0,0,0,67108864,64,0,0,0,0,0,0,0,0,0]-[2048,67633154,4096,0,4096]
[32,0,0,0,0,0,0,0,1048576,0,0,0,0,128,0,0]-[0,8388608,32896,1073741952,1056896]
[0,0,8388608,0,0,0,0,8,0,0,0,0,0,0,0,0]-[0,20480,0,536870912,2048]
[0,0,67108864,32,0,0,0,0,0,0,4096,0,0,1073741824,0,0]-[2621440,256,0,4,0]
[0,0,0,0,0,256,0,0,0,0,0,0,33554432,0,0,0]-[0,268501120,268435456,0,0]
[0,0,0,0,0,0,0,536870912,0,0,0,0,0,128,0,0]-[131728,278004800,1612587136,545260112,393312]
[0,0,0,0,0,0,8192,8,0,0,1048576,0,0,0,0,0]-[268435456,64,0,536870912,4096]
[0,67108864,67108864,0,0,0,0,0,0,0,0,0,262144,0,0,0]-[0,64,268435460,0,32768]
[0,0,67108864,0,0,1,0,0,0,0,0,0,262144,0,0,0]-[0,17412,0,0,1024]
[0,0,0,0,0,256,0,0,1048576,0,0,0,1048576,128,0,0]-[393216,276889600,1082392609,203427840,140352]
[0,0,67108864,0,32,0,0,16,1048576,0,0,0,0,0,0,0]-[0,0,8,1049088,4]
[0,0,67108864,0,0,0,0,0,0,0,0,0,1048576,2147483776,0,0]-[0,0,8192,2097156,32768]
[0,0,0,0,0,0,0,512,17825792,0,0,0,0,0,0,0]-[0,128,0,67117056,1024]
[0,0,67108864,0,0,0,128,0,0,0,0,0,0,0,0,0]-[25690115,2129936,3288462352,17871633,2050]
[0,0,67108864,0,16384,0,0,0,0,0,4096,0,0,0,0,0]-[0,541073408,0,0,2]
[2147483648,0,0,0,0,0,0,16,0,0,0,0,1048576,0,0,0]-[0,8388616,134217728,67108864,0]
[0,0,67108864,0,0,0,0,0,0,0,0,0,260,0,0,0]-[0,0,524288,17301504,16384]
[0,0,0,0,0,0,0,16,8192,0,0,0,0,0,0,0]-[67109376,71377408,262656,268484689,2109440]
[0,0,0,0,32,0,0,0,0,0,0,0,8,0,512,0]-[65536,0,8404992,2097152,0]
[0,0,67108864,0,0,0,64,0,0,0,0,0,0,0,0,65536]-[0,4,4096,5242880,2048]
[0,0,0,0,0,64,0,0,0,0,0,32,1073741824,0,0,0]-[2684354560,0,0,2147483648,2]
[0,0,67108864,0,0,512,0,0,1048576,0,0,0,0,0,0,0]-[17301504,37770264,2048,2097152,1024]
[8,0,67108864,0,0,64,0,0,134217728,2097152,0,0,0,0,0,0]-[2,4096,1024,8192,0]
[0,262144,67108864,0,0,0,0,0,0,0,0,0,0,0,0,0]-[524288,2986386496,2816,1049600,66624]
[0,0,0,0,0,0,0,0,0,0,0,1,0,32768,0,0]-[0,1048576,128,1048576,2]
[0,0,0,0,0,0,0,0,0,0,0,0,1048576,8388608,0,0]-[2147483648,285212672,1310752,268456192,262146]
[0,0,0,0,0,16,0,0,0,0,64,0,0,268435456,0,0]-[2147484672,512,0,16,0]
[0,0,0,0,0,0,0,0,0,0,2097152,0,0,0,33554432,0]-[128,1,2,1024,0]
[0,0,4096,0,0,0,64,0,2097152,0,0,0,0,0,0,0]-[65536,8448,0,1073741824,0]
[0,0,0,0,0,32,0,32,0,0,0,0,0,0,0,0]-[262144,0,0,16777344,32768]
[0,0,67108864,0,0,0,0,16,0,0,33554432,0,1048576,0,0,0]-[0,335609856,0,2149581056,0]
[0,0,67108864,0,0,0,0,0,134217728,0,0,0,264,0,2048,0]-[8,8,1073741824,0,256]
[0,0,67108864,0,0,0,0,24,1048576,0,4096,0,0,0,262144,0]-[2048,262144,1073741824,32768,0]
[0,0,67108864,0,0,0,0,0,0,524288,0,0,0,0,262144,0]-[2097154,4,0,8192,0]
[0,0,0,0,0,0,0,16,33554432,0,0,0,0,0,0,0]-[16778240,16793600,0,0,0]
[0,0,0,0,0,0,0,4096,134217728,0,0,0,0,128,0,0]-[0,8454144,536870916,0,0]
[0,0,0,0,0,0,0,0,135266304,0,0,134217728,0,128,0,0]-[0,537919744,0,4096,0]
[0,0,0,0,16384,0,0,0,1048576,0,0,0,0,128,0,0]-[0,262144,537395200,134217728,1024]
[0,0,0,0,0,0,0,16,0,0,4096,0,0,0,131072,0]-[1073741824,17039360,128,0,0]
[0,8192,0,0,0,0,0,0,0,67108864,0,0,1048576,0,0,0]-[0,67108864,8192,67109120,0]
[0,0,67108864,0,0,8192,0,0,65536,0,0,0,0,0,0,0]-[65540,0,0,16777216,2]
[0,0,67108864,0,0,4194304,0,0,0,0,2097152,0,0,0,0,0]-[32768,2147485696,4,0,0]
[8388608,0,0,0,0,0,0,0,0,0,0,0,1048576,128,0,0]-[2490368,16777216,2097152,69206016,2097152]
[0,0,67108864,128,0,0,0,0,0,0,0,0,1048576,0,0,0]-[142606336,16827392,0,2169504296,129]
[0,0,0,0,0,256,0,0,0,0,0,0,0,128,0,4]-[512,8388864,0,2048,0]
[0,0,67108864,0,0,64,0,0,0,0,0,0,0,2048,0,0]-[2147483648,2097408,0,0,2]
[0,0,67108864,0,67108864,0,0,0,0,0,4096,0,0,1,0,0]-[0,32768,0,4736,0]
[0,0,0,2147483648,0,64,0,0,0,0,0,0,0,0,0,0]-[33554432,2,4194304,4096,0]
[0,0,67108864,0,4,0,0,0,134217728,0,0,0,8388608,0,0,0]-[134250496,0,589824,0,0]
[0,0,67108864,0,0,0,0,0,1048576,0,0,0,0,128,1048576,0]-[0,2147487752,65536,0,0]
[0,0,8388608,0,0,0,64,0,1048576,0,0,0,0,0,0,0]-[0,65536,524288,537919488,0]
[2,0,0,0,0,0,0,16,0,0,0,0,1048576,0,0,0]-[277876736,3,0,0,64]
[0,0,0,1,0,0,0,16,0,0,0,0,0,0,0,0]-[0,1572864,1073742848,536870912,141312]
[0,0,0,0,16384,0,0,0,0,4096,0,0,1048576,0,0,0]-[0,67125248,0,16384,32768]
[0,128,0,0,0,0,0,0,0,0,0,0,0,0,0,256]-[1048608,0,0,2048,128]
[0,0,67108864,0,0,0,0,0,0,0,0,0,0,536870912,0,16384]-[134217728,520,16384,0,0]
[0,128,0,0,0,0,0,0,0,0,0,8388608,0,0,0,0]-[0,0,0,539099136,2097152]
[0,0,0,0,2,0,0,0,0,0,0,0,4194304,0,0,0]-[8,0,16,0,40960]
[0,0,0,0,0,0,8192,67108864,1048576,0,0,0,0,0,0,0]-[0,0,262208,64,1]
[128,0,67108866,0,0,0,0,0,0,0,0,0,0,536870912,0,0]-[0,0,1024,4194384,0]
[0,0,0,0,0,0,0,2097152,0,0,0,0,0,128,0,0]-[4,0,1073741824,1073741840,327680]
[0,0,67108864,65536,67108864,0,0,0,1048576,0,0,0,1048576,0,0,0]-[0,16384,8192,768,0]
[0,0,0,0,0,0,0,16,0,0,0,0,0,0,2097152,0]-[536870912,1024,2228224,134235136,8]
[0,0,0,0,0,0,0,16,0,0,0,0,0,160,0,0]-[1025,537395200,64,0,149504]
[0,1,0,0,0,8192,0,0,1048576,0,0,0,1048576,0,0,0]-[65536,0,64,1073741952,0]
[0,0,67108864,0,0,0,0,16777216,1048576,0,0,0,0,2048,0,0]-[0,0,0,2097664,260]
[0,0,67108864,0,32,0,8192,536870912,0,0,0,0,0,0,0,0]-[0,8,2099200,0,256]
[2048,0,67108864,0,0,0,0,16,1048576,0,0,0,0,0,0,0]-[0,268435456,0,256,144]
[0,256,67108864,0,0,0,0,0,0,0,0,0,1,0,0,0]-[8,4202528,0,0,0]
[0,0,67108864,0,67108864,8388608,0,0,0,0,4096,0,0,0,0,0]-[0,0,66048,4608,0]
[0,0,67108864,0,0,0,0,0,0,0,0,0,1048584,0,0,0]-[69699,67207233,35725312,184619384,2114754]
[0,0,16384,0,0,0,0,0,134217728,0,0,0,0,128,0,0]-[576,536870912,0,32,0]
[0,0,0,0,0,0,0,0,1048576,0,4096,0,0,0,0,2]-[0,4194304,8388624,256,0]
[0,0,201326592,0,0,0,0,64,0,0,0,0,0,0,0,0]-[0,268435456,4,2147483656,0]
[0,0,0,0,0,32,0,0,0,0,0,0,0,262144,0,0]-[32,8390664,0,0,0]
[0,0,0,0,0,64,0,0,1048832,0,0,0,0,0,0,0]-[65536,0,524416,2147483648,0]
[128,0,67108864,0,0,0,0,0,17825792,0,0,0,0,0,0,0]-[33554432,268435456,8,67,84]
[0,0,0,0,0,0,64,16,0,0,1073741824,0,0,0,0,0]-[0,0,2147485696,67108865,0]
[0,0,0,0,0,524608,0,0,0,0,0,0,0,0,0,0]-[80,640,0,0,0]
[134217728,0,0,0,0,0,0,0,0,0,0,4,0,0,0,0]-[0,32776,393216,0,0]
[0,0,67112960,0,0,0,0,0,0,524288,0,0,0,0,0,0]-[2,16777216,0,12288,0]
[0,0,67108864,0,0,0,0,0,0,0,0,0,0,0,512,0]-[41943055,67108864,268442120,2302672896,524292]
[0,32,67108864,0,0,0,0,0,0,0,4096,0,8,128,0,0]-[2049,0,0,0,2097280]
[0,0,0,0,128,0,0,0,0,0,0,0,1048576,0,0,0]-[8652800,20480,20971520,155648,3146240]
[0,0,0,0,0,0,0,0,1048576,0,4096,0,0,128,0,4096]-[0,268500992,0,0,532480]
[0,0,0,0,67108864,8192,0,0,1048576,0,0,0,0,128,0,0]-[0,2048,2097152,8650752,0]
[0,8192,0,0,0,0,0,0,1048576,0,0,0,0,0,0,0]-[2164277632,4194816,16785408,1074266400,0]
[0,0,0,0,0,0,0,0,0,0,4096,0,1064960,0,0,0]-[64,4,65536,67125760,65536]
[0,0,0,0,2147483648,0,0,0,134217728,0,0,0,0,0,0,0]-[536936448,8192,2228230,16388,1048576]
[65664,0,0,0,0,0,0,0,0,0,0,0,0,0,0,0]-[1073741824,262400,8388608,139265,4352]
[0,0,0,0,0,4194304,0,0,0,0,0,0,0,128,0,0]-[2,1,1074003968,268435520,96]
[0,0,0,0,67108864,0,64,0,16777216,0,0,0,0,0,0,0]-[33554432,8192,0,0,8224]
[0,0,0,0,0,0,0,16,0,4194304,0,8388608,0,0,0,0]-[1048576,64,0,17301504,0]
[0,0,67108864,0,0,0,0,0,16777216,0,0,0,8,0,0,0]-[2,0,256,16781440,0]
[0,0,0,0,67108864,0,0,0,0,0,0,0,2097152,0,0,0]-[32,0,33554432,4194304,512]
[0,0,0,0,0,256,32768,0,1048576,0,0,0,0,0,0,0]-[0,128,8388608,2147483904,0]
[0,0,67108864,0,0,0,0,0,0,0,64,0,2147483648,0,0,0]-[0,8,8448,262144,2]
[0,0,67108864,0,0,0,0,2048,0,0,0,0,2048,0,0,0]-[201326592,0,32768,0,1048576]
[0,0,0,0,65536,0,0,0,0,0,0,0,0,536870912,0,0]-[0,1152,33554432,131072,0]
[0,0,0,0,0,8192,0,0,1048576,0,0,0,262144,0,0,0]-[2097408,3221225472,671089668,0,0]
[0,0,0,0,0,16384,8192,0,0,67108864,4096,0,0,0,0,0]-[0,0,134217728,67176448,0]
[0,0,0,0,0,0,0,0,0,0,0,0,1048576,0,524288,0]-[143851652,83886112,6291457,624951424,201352]
[0,0,0,128,0,64,64,0,0,0,4096,0,0,0,0,0]-[2048,0,128,0,130]
[0,0,16777216,0,0,0,0,0,0,0,67112960,0,0,0,0,0]-[268435456,0,268435584,1024,0]
[0,0,67108864,0,0,0,0,0,0,2147483648,4096,0,0,0,0,0]-[0,83886104,33554432,4195328,65536]
[0,0,0,0,0,0,8192,16,0,0,0,16384,0,0,0,0]-[0,0,4096,268435520,16]
[0,0,67108864,0,0,0,0,0,0,0,0,262176,1048576,128,0,0]-[32769,16777216,0,0,128]
[0,0,0,0,0,0,0,0,0,0,4100,0,0,128,0,0]-[16384,0,128,2048,65536]
[0,0,67108864,0,0,0,0,0,0,0,4096,0,0,0,4194304,0]-[2048,64,33554432,0,16384]
[0,0,67108864,0,0,0,8192,0,0,0,0,0,0,0,67108864,0]-[0,8192,0,4096,1050624]
[0,0,0,0,0,0,0,0,0,0,0,131072,0,2147483648,0,0]-[524288,0,2048,536870912,8192]
[0,0,0,0,0,0,8192,0,8,0,0,0,0,128,0,0]-[65536,0,134217728,0,513]
[0,0,0,0,0,0,0,16,2048,0,0,0,0,536870912,0,0]-[0,0,131072,256,16512]
[0,0,0,0,67108864,0,0,0,0,0,4096,8192,0,0,0,0]-[16384,131072,4096,4096,0]
[0,0,8388608,0,0,256,0,0,0,0,0,0,1048576,0,0,0]-[0,1049088,4112,0,0]
[0,0,67108864,8388608,0,0,0,0,1048576,0,0,32,0,0,0,0]-[2147483648,33554432,0,33554432,128]
[0,0,2,0,0,0,0,0,0,0,0,0,64,128,0,0]-[16,1073741824,524288,4,0]
[0,0,8388608,0,0,0,0,4096,17825792,0,0,0,0,0,0,0]-[256,0,0,768,8192]
[0,0,0,0,1048576,0,0,16,0,0,0,0,1048576,128,0,0]-[32768,0,0,16,160]
[0,0,1140850688,0,0,0,0,0,16777216,0,0,0,0,0,0,0]-[16777216,65536,0,36,0]
[0,0,0,0,0,524288,32,0,0,0,0,8388608,0,0,0,0]-[0,0,17040896,0,0]
[0,0,0,0,0,0,0,0,0,0,67108872,32,0,0,0,0]-[0,0,67272704,0,32]
[0,1048576,0,0,67371008,0,0,0,0,0,0,0,0,0,0,0]-[67108864,0,1056896,0,0]
[0,0,0,0,0,0,0,0,0,0,0,0,8,128,0,64]-[268435456,0,2,16,2097152]
[0,0,4,0,0,0,0,0,0,0,0,0,0,0,128,0]-[67108872,1048576,8192,0,0]
[32768,0,0,0,0,0,0,0,16777216,0,0,0,0,0,0,0]-[0,0,262146,32832,0]
[0,0,0,0,0,256,8388608,0,0,0,4096,0,0,0,0,0]-[0,0,1207959552,67108868,0]
[128,0,0,0,1073741824,0,0,0,0,0,0,0,0,0,0,0]-[0,65536,1024,16385,0]
[131072,0,67108864,0,0,0,0,67108864,0,0,0,0,0,0,0,0]-[0,0,17408,512,1]
[128,0,0,0,0,0,0,16,1048576,524288,0,0,0,0,0,0]-[0,0,0,2449473600,0]
[0,0,67108864,0,0,8192,0,0,0,0,0,262144,0,0,0,0]-[0,0,2101248,98304,0]
[0,0,0,0,0,0,0,0,0,0,0,0,256,0,0,4096]-[1048576,16384,67108864,16,0]
[0,0,0,0,0,64,0,0,0,0,0,0,0,0,0,2]-[0,16,0,8388608,192]
[0,0,67108864,0,0,0,0,0,134217728,0,0,0,0,0,0,4]-[134250496,0,3072,0,0]
[0,0,0,0,0,64,0,0,0,0,0,0,0,128,0,4096]-[8,0,131076,0,1048576]
[0,536870912,0,0,0,0,0,0,0,0,0,0,1048576,128,0,0]-[1,68157440,8192,0,0]
[0,0,67108868,0,0,0,8192,0,0,0,0,0,0,128,0,0]-[0,2112,0,134217728,524288]
[0,0,67108864,0,0,0,0,8,16777216,0,4096,0,0,0,0,0]-[8388608,9216,0,256,0]
[0,0,67108864,16777216,0,0,0,0,0,0,0,0,0,0,0,0]-[2408120423,354543176,2522441276,2167781116,2198929]
[0,0,0,0,0,256,0,0,4,0,0,0,0,128,0,0]-[1049600,256,1073872896,2097152,8192]
[0,0,0,0,0,0,0,0,0,65536,0,0,0,67108864,0,0]-[33554433,131072,0,131072,0]
[0,0,0,131072,262144,0,0,0,1048576,0,0,0,0,128,0,0]-[1032,0,131076,0,0]
[0,0,67371008,0,0,0,0,0,0,0,0,0,262144,0,0,0]-[0,536870912,33587456,0,0]
[0,0,67108864,0,0,268435456,0,0,1048576,512,0,0,0,0,0,0]-[65536,0,32784,64,0]
[0,0,0,16,268435456,0,0,16,0,0,0,0,0,0,0,0]-[0,268435456,1048576,16416,0]
[0,0,0,0,0,0,0,0,0,0,0,32,537919488,0,0,0]-[536870913,33554432,0,2097152,0]
[0,0,0,0,0,0,0,0,0,0,0,32,1024,0,0,0]-[2,0,67108864,17408,0]
[128,0,67108864,1024,0,0,0,0,0,0,0,0,0,0,0,0]-[134217728,33554432,2064,1081362,2]
[0,0,0,0,0,0,0,0,33554432,0,0,0,1048584,131072,0,0]-[0,8388608,65536,16,128]
[128,0,0,0,0,0,0,0,0,0,0,0,268435456,536870912,0,0]-[262144,0,1024,4194320,0]
[0,0,0,0,0,0,0,0,1048576,64,0,0,1048576,0,0,0]-[262144,512,0,33554432,128]
[0,0,0,128,0,0,0,0,1048576,0,0,0,536870912,128,0,0]-[131072,0,128,0,131200]
[0,0,0,0,67108864,0,0,1073741824,0,0,0,0,0,128,0,0]-[131073,0,0,1073741832,0]
[0,128,1024,0,0,256,0,0,134217728,0,0,0,0,1048576,0,0]-[268435456,0,8388608,268435456,256]
[0,0,67108864,0,67371008,0,0,0,0,0,0,0,0,0,0,0]-[0,4096,65536,1048576,2097156]
[0,0,0,0,2147483648,536871232,0,0,134217728,0,4096,0,0,0,0,0]-[65600,256,8388608,0,0]
[0,0,67108864,0,536870912,0,0,0,0,0,0,0,0,0,0,2048]-[0,268435712,1048576,8192,0]
[128,0,0,0,0,0,0,0,1048576,0,0,0,0,536871040,0,0]-[280576,268501248,0,1073741904,131140]
[0,0,0,0,16777216,0,0,0,0,0,67108864,0,0,128,0,0]-[131072,0,2148007936,16,0]
[0,0,67108864,0,0,0,8192,0,0,0,0,0,0,128,1,0]-[2048,0,2097152,262272,0]
[0,0,83886080,0,0,8192,0,0,134217728,0,0,0,0,0,0,0]-[0,268439552,32768,65536,0]
[0,0,0,0,0,2147483648,0,0,134217728,0,0,0,0,0,0,0]-[536870912,8388608,538968072,268439584,540936]
[0,1024,67108864,0,0,8192,0,16777216,0,0,0,0,0,0,0,0]-[32,262152,0,0,32768]
[1073741824,0,0,0,0,256,0,0,0,0,0,0,0,128,0,0]-[262208,8388608,0,262144,0]
[0,0,0,0,0,0,0,0,128,0,4096,0,0,0,0,0]-[268697600,134217728,0,1074301312,589952]
[0,0,0,0,0,0,0,0,262144,0,0,0,0,0,0,262144]-[384,0,1048576,0,4]
[128,0,67108864,0,0,0,0,0,0,0,0,134217760,0,0,0,0]-[1,2147483648,67108864,0,2097152]
[0,8388608,0,0,0,0,0,0,16,0,0,0,0,0,0,0]-[512,1310736,0,0,0]
[0,0,0,0,0,0,0,67108864,0,0,0,0,1310720,128,0,0]-[0,17827840,0,2097152,0]
[0,8192,0,0,0,2097152,0,0,1048576,2097152,0,0,0,0,0,0]-[0,512,32768,67108864,524288]
[0,0,0,0,0,0,0,1073741824,0,0,0,0,262144,0,0,0]-[256,16777216,0,2097152,1048576]
[0,0,0,0,0,0,8192,0,0,0,0,0,0,262144,0,0]-[196608,0,0,33554496,8]
[0,0,0,0,0,0,0,0,8388608,0,4096,0,0,0,0,0]-[16777728,17203260,134217793,268637184,65546]
[0,0,67108864,0,0,0,0,0,0,8,0,0,0,0,0,0]-[3089107208,268711680,5771304,1093764608,524416]
[0,0,0,0,0,0,0,0,1049600,0,0,0,0,0,0,0]-[8192,64,131072,0,2097152]
[0,0,0,0,0,0,0,512,0,0,4096,0,1048576,0,0,0]-[8388672,8,1,256,16394]
[0,0,0,0,0,8192,0,0,0,0,0,0,0,0,0,8192]-[2048,64,2048,131072,0]
[0,0,0,128,134217728,0,0,0,0,0,0,0,0,0,0,0]-[131072,4,65664,0,0]
[0,0,0,0,1,0,0,0,1048576,0,0,0,0,0,0,0]-[16777216,16777216,0,133376,1050626]
[0,0,1024,0,0,0,0,0,1048576,524288,0,0,0,128,0,0]-[131072,8388608,0,128,4]
[0,0,0,0,2048,0,0,16,0,0,0,0,1048576,0,0,0]-[0,1048608,2097152,0,4096]
[0,0,67108864,0,0,0,0,0,1048576,0,0,0,0,0,262144,0]-[0,0,33587200,135266304,0]
[0,0,67108864,0,0,0,0,0,0,0,0,0,1048704,0,0,0]-[65536,0,2560,0,1]
[0,0,0,0,0,0,0,0,1048576,0,32,0,0,0,0,0]-[8192,570425984,562176194,1363173888,8196]
[16777216,0,0,0,0,0,0,0,0,0,0,0,0,0,1073741824,0]-[1073741824,1048576,536870912,4096,0]
[0,0,67108864,0,0,524288,0,0,0,0,0,0,262144,0,0,0]-[0,5124,33554432,0,0]
[0,0,67108864,0,0,0,0,262144,0,0,0,0,0,0,33554432,0]-[0,67108864,1073741824,0,524290]
[0,0,0,0,0,0,0,0,0,0,4096,0,1048576,4,0,0]-[0,8,1,131584,0]
[0,0,0,0,0,256,0,0,0,0,0,4,0,0,0,0]-[1,16777344,1073741832,278784,0]
[0,0,67108864,0,0,0,0,16,0,0,4096,0,0,0,0,2048]-[4097,64,0,4194304,0]
[0,0,0,0,0,4096,0,0,0,268435456,0,0,0,0,0,0]-[67110016,0,0,67108864,0]
[0,0,67108864,0,0,8192,0,0,0,0,0,0,0,134217728,0,0]-[0,0,67108864,1048576,131076]
[0,0,0,0,0,0,0,0,1048576,0,0,0,1048580,128,0,0]-[2147483648,144,0,0,256]
[0,0,0,0,4,0,8192,0,1048576,67108864,0,0,0,0,0,0]-[1024,2147483656,0,0,2]
[0,256,67108864,0,0,0,0,0,0,4194304,8,0,0,0,0,0]-[0,131080,0,2,64]
[0,0,0,0,0,0,64,0,0,0,0,0,1310720,0,0,0]-[3457024,4,33554448,6291460,4098]
[0,128,0,0,0,0,0,16,1048576,0,0,0,0,0,0,0]-[34816,5521440,17072128,539012352,131200]
[0,0,0,32,0,0,0,0,4,0,0,0,0,128,0,0]-[1310720,0,8388608,512,0]
[536870912,0,67108864,0,0,0,0,0,0,0,0,1073741824,0,0,0,0]-[0,2147484176,512,0,0]
[0,0,64,0,0,0,0,8,0,0,0,0,0,0,67108864,0]-[0,0,32,268443648,4096]
[0,0,0,0,0,0,0,2097152,0,256,0,0,0,0,0,0]-[0,131080,8388864,0,0]
[0,0,0,0,0,0,0,0,0,0,0,0,262144,128,0,65536]-[0,1025,536870913,69206016,0]
[0,0,0,0,0,65536,0,0,0,2147483648,0,0,0,0,0,0]-[0,0,536936448,0,264192]
[0,0,0,0,0,0,0,16,0,0,4096,0,0,128,0,256]-[524288,0,64,33570816,0]
[0,0,67108864,0,0,0,536870912,16,0,0,0,0,0,0,0,0]-[8388608,2097184,3670048,1,0]
[0,0,0,0,32768,0,0,0,1048576,0,4096,0,0,0,0,0]-[262144,541065216,0,67108864,0]
[0,0,67108864,0,0,0,0,0,0,0,0,0,0,128,32768,0]-[1,131072,2097152,2,0]
[128,0,67108864,0,0,0,0,0,0,0,0,0,0,0,0,32]-[64,0,8192,32832,0]
[536870912,0,0,0,0,0,64,0,1048576,0,0,0,0,128,0,0]-[0,536870912,32,538968064,0]
[0,0,0,0,0,0,0,0,134217728,0,67108864,0,0,0,0,0]-[0,8390657,8388616,0,128]
[0,0,67108864,67108864,0,0,0,0,1048576,0,0,0,0,0,0,0]-[33554432,4194336,16,577,128]
[0,0,0,0,0,0,2112,0,1048576,0,0,0,268435456,0,0,0]-[262144,0,0,6324224,0]
[0,0,8,0,0,0,0,0,512,0,0,0,0,0,0,0]-[0,2147483648,0,1073750016,262144]
[0,0,67108864,0,0,0,2097152,0,0,0,0,0,0,536870912,0,0]-[0,0,0,16,147584]
[0,0,0,0,0,0,0,0,1048576,4,0,128,0,0,0,0]-[16809984,0,0,536871936,0]
[0,0,67108864,0,0,0,0,0,1048576,0,0,0,0,536870912,33554432,0]-[0,260,0,64,524288]
[0,0,0,134217728,0,16777216,0,0,0,0,0,0,0,0,0,0]-[524288,1048576,32772,0,0]
[0,0,67108864,0,0,0,0,0,0,0,131072,0,0,0,0,0]-[197660682,2432770365,102873348,54305077,3801159]
[0,0,0,0,0,0,0,0,0,0,0,0,0,16,33554432,0]-[0,0,2164260868,0,2]
[0,0,0,0,0,256,0,0,134217728,0,0,0,262144,0,0,0]-[268435472,0,0,2097408,0]
[0,0,0,0,0,0,0,0,0,0,0,0,1048576,0,268697600,0]-[0,4,0,135282688,0]
[0,0,0,0,0,8192,8192,2097152,0,1,0,0,0,0,0,0]-[0,0,17039364,0,32]
[0,0,67108864,0,0,0,8192,65536,0,0,0,0,0,0,0,0]-[32768,0,0,33792,2]
[0,0,0,0,262144,0,0,0,0,0,4096,0,65536,0,0,0]-[512,8448,0,32768,0]
[0,0,67108864,0,0,0,0,0,0,0,0,0,0,524416,0,0]-[0,0,1075838980,0,32768]
[0,0,0,0,67108864,0,8192,0,0,0,4096,0,0,0,0,0]-[0,8192,64,33554432,32]
[128,0,67108864,0,0,0,64,0,0,0,0,0,0,128,0,0]-[0,262400,8192,65536,0]
[0,0,0,0,0,0,0,0,1048576,0,0,0,8,0,0,4096]-[0,0,524289,524288,128]
[67108864,0,0,0,0,0,0,0,1048576,0,0,0,0,0,0,0]-[50593792,546324608,262144,563264,144]
[0,0,0,0,0,0,0,0,1048576,0,0,0,1056768,0,0,0]-[64,4194304,0,2208,266242]
[0,0,67125248,0,0,0,0,0,0,0,0,0,0,0,0,65536]-[536871424,0,131072,1073741824,0]
[0,0,0,0,134217728,0,0,0,1048576,0,16,0,0,0,0,0]-[2097152,0,0,268959744,4]
[0,128,0,0,0,0,0,0,0,0,0,0,1048576,128,0,0]-[302121602,67108896,24580,1074008128,262272]
[0,128,0,0,0,0,0,32,1048576,0,0,0,1048576,0,0,0]-[128,0,33554432,4198400,0]
[0,1024,0,0,0,0,0,0,0,0,0,0,262144,536871040,0,0]-[16384,2048,128,0,524288]
[0,0,67108864,0,0,0,0,16,1048576,0,0,128,0,0,0,0]-[16777216,0,32,525312,0]
[8192,0,67108864,0,0,0,0,0,0,0,0,0,0,0,0,0]-[168298537,16826373,102777404,2097536,2]
[0,0,8388608,2147483648,0,0,0,0,0,0,0,0,0,32,0,0]-[0,1024,16777232,16384,0]
[8,0,0,0,0,0,8192,0,0,0,0,0,0,128,0,0]-[0,16777216,536870912,96,0]
[0,0,0,0,0,0,0,0,1024,0,67108864,0,0,0,0,0]-[0,8396800,32768,0,32]
[0,128,67108864,0,67108864,0,0,0,0,0,0,0,0,536870912,33554432,0]-[0,262656,2113536,0,0]
[0,0,67108864,0,0,0,0,16,0,512,0,0,0,128,0,0]-[16400,0,0,268435456,262144]
[0,0,4096,0,0,64,0,0,0,0,0,0,0,0,0,0]-[0,2560,128,536870912,0]
[0,0,67108864,0,0,0,64,0,1048576,0,4096,0,0,0,0,0]-[2099201,536870912,1107296256,33024,128]
[0,0,0,0,0,0,0,512,0,0,4096,16777216,0,0,0,0]-[1073741824,0,0,0,20488]
[128,0,0,0,0,0,0,0,16777216,0,4096,0,0,0,0,0]-[16384,256,0,128,4096]
[128,0,0,0,0,0,0,0,0,0,131072,32,0,128,0,0]-[0,1024,0,268435472,131072]
[16777344,0,0,0,0,8192,0,0,0,0,0,0,0,0,0,0]-[4194304,2048,0,32768,32]
[0,0,0,0,0,2,0,0,0,0,0,0,0,128,0,0]-[411648,805371905,16391,1881411584,0]
[16777216,0,0,0,0,0,0,16,0,0,0,0,0,128,0,0]-[16,67584,0,0,32]
[0,0,0,0,0,0,0,268435456,0,0,0,0,0,128,0,16]-[33554432,1024,536870912,4096,0]
[0,0,67108864,0,0,0,16384,1073741824,0,0,0,0,0,0,0,0]-[0,0,0,16810240,2048]
[0,0,67108864,0,0,0,0,0,1048576,0,0,0,0,128,2147483648,0]-[4,65536,1073741824,0,128]
[0,0,0,0,0,0,0,2,0,0,0,0,1073741824,128,0,0]-[1024,262144,0,2048,1024]
[0,0,67108864,0,0,0,0,0,0,0,1052672,0,0,0,0,0]-[0,604012544,512,33408,0]
[0,128,256,0,0,16777216,0,0,0,0,0,0,0,0,0,0]-[0,33816584,262144,0,0]
[0,0,0,0,0,8192,0,0,0,0,4096,0,0,0,0,262144]-[0,131080,0,268435456,32768]
[262144,0,67108864,0,67108864,0,0,0,0,0,0,0,135266304,0,0,0]-[0,2147483648,1048580,128,0]
[0,0,0,0,0,0,1073741824,0,0,0,0,0,0,128,0,0]-[268468752,329760,2539651,1140851364,98304]
[0,0,67108864,0,0,0,0,0,134217728,0,0,0,0,32,0,0]-[32771,805339136,8,16786464,131072]
[0,0,0,0,0,0,65536,0,0,0,0,0,1179648,0,0,0]-[0,0,1090519296,0,1]
[0,0,0,0,0,0,0,0,1048576,0,0,0,0,2,0,0]-[327680,33554560,524289,2148532353,64]
[0,0,0,2147483648,0,8192,0,0,0,0,0,0,0,0,0,0]-[0,12582920,0,0,1]
[128,0,67108864,0,0,0,0,0,0,0,4096,0,1048576,0,0,0]-[142950401,100835424,16,131106,2261030]
[128,0,67108864,0,0,0,0,65536,8388608,0,0,0,0,0,0,0]-[64,0,8,17,0]
[0,0,0,0,0,256,0,2048,0,0,0,0,0,0,0,0]-[67108865,73728,286720,131072,0]
[0,0,67108864,0,1073741824,0,0,0,0,0,0,2048,1048576,0,0,0]-[2097152,4128,0,0,64]
[0,0,68157440,0,0,0,0,0,0,0,0,0,0,16384,0,0]-[34078720,67108864,0,1,0]
[0,0,0,0,0,0,8200,0,0,0,0,0,0,128,0,0]-[1048577,0,0,268435456,1048576]
[0,0,0,0,0,0,0,0,0,0,0,16,0,0,0,32]-[131076,536870912,0,131072,0]
[0,0,67108864,0,0,0,0,2048,0,0,0,0,0,128,0,0]-[8388672,2147549200,6291488,132,65540]
[0,0,67108864,0,0,32,0,16,0,0,0,0,0,0,0,0]-[16384,8912896,0,0,8192]
[0,0,67108864,0,0,1,0,0,2048,0,0,0,0,0,0,0]-[67633152,33554432,0,32,0]
[0,0,67108864,134217728,0,0,64,0,0,0,0,0,0,0,0,0]-[2147483648,65536,65536,64,0]
[0,0,0,0,2147483648,0,0,0,0,0,0,32,0,0,0,0]-[2147549184,128,32770,16388,32768]
[0,0,67108864,0,0,0,0,0,1048576,0,0,0,67108864,0,0,0]-[2097152,0,1073741824,2147484672,0]
[0,16384,0,0,0,0,0,0,1056768,0,0,0,0,0,0,0]-[0,0,128,514,1]
[0,0,67108864,0,0,0,0,0,134217728,0,0,131072,0,0,0,0]-[0,67108865,16,0,2048]
[0,0,0,0,0,8448,0,0,134217728,0,0,0,1048576,0,0,0]-[0,0,68157440,0,516]
[0,128,0,0,0,256,8192,0,1048576,0,0,0,1048576,0,0,0]-[65536,128,64,2048,0]
[0,0,67108864,0,0,0,0,0,1048576,0,0,32,1048576,0,0,0]-[2129921,302006784,0,2186280976,1048704]
[0,0,0,0,536870912,0,0,0,0,0,0,1073741824,0,0,0,0]-[1073741824,0,0,67108864,1049088]
[0,0,67108864,0,16,0,0,0,1048576,0,0,0,0,128,0,0]-[33556480,0,8192,2101248,4]
[0,0,67108864,0,131072,0,0,0,0,0,4096,0,64,0,0,0]-[524288,536870912,16384,4,0]
[0,0,0,0,64,0,0,0,0,0,4096,0,0,0,0,0]-[266496,2147484736,16,167936,81920]
[0,0,0,0,8,0,0,0,0,0,4096,0,1048576,0,0,0]-[0,0,167772160,100663296,81920]
[0,0,67108864,0,0,0,128,0,16777216,0,0,0,0,0,0,0]-[2,0,16384,16781312,0]
[0,0,0,0,0,536870912,0,0,1048576,0,0,0,262144,128,0,0]-[0,536870912,536870912,0,1056768]
[128,0,0,2048,0,0,0,0,0,0,0,0,0,0,0,0]-[0,0,1024,32770,32]
[128,0,67108864,0,0,0,0,0,1048576,0,0,0,256,128,0,0]-[0,0,8192,112,0]
[0,0,67117056,0,0,0,0,0,0,0,0,0,262144,0,0,0]-[2097160,2367488,0,68,131074]
[128,0,0,0,0,0,0,0,1048576,0,0,0,1048576,128,0,0]-[33835008,268500992,545267712,1342177522,131076]
[0,0,0,0,0,0,0,0,134217728,0,4096,0,8,128,0,0]-[0,8388608,2,16,524288]
[0,0,67141632,0,0,0,0,0,1048576,0,0,0,0,0,0,0]-[32768,262144,0,2622464,131092]
[0,0,0,0,0,64,1,0,0,0,0,0,0,128,0,0]-[0,2304,8388608,8388608,0]
[0,0,0,64,0,0,0,0,0,0,4096,0,0,128,0,0]-[0,1024,1073741952,0,128]
[0,0,67108864,0,33554432,0,0,0,0,0,0,0,0,131072,0,0]-[8388608,1344,0,0,2048]
[0,0,67108864,0,0,0,0,0,1048576,0,0,0,0,128,0,512]-[35651584,536870912,0,4096,0]
[0,0,67108864,0,0,0,0,16,0,134217728,0,0,0,0,0,0]-[71303168,4457472,525312,2,0]
[0,0,0,0,0,0,0,67108864,0,0,0,0,1048576,0,0,0]-[0,16793600,167772161,2097152,2101248]
[0,0,268435456,0,0,0,0,0,1048576,0,0,2,1048576,0,0,0]-[0,0,8388616,524416,0]
[0,0,0,0,0,0,0,16,0,0,0,0,1048576,536870912,0,0]-[16448,268439556,0,2181038096,2113536]
[0,0,67108864,0,0,64,64,0,0,0,0,0,0,0,0,0]-[29360128,2147490320,4229128,0,131076]
[0,0,0,0,0,32768,0,0,0,0,4096,0,0,0,0,0]-[512,20971520,640,137216,0]
[0,0,67108864,0,0,0,0,0,0,0,1073741824,0,1048576,0,0,0]-[0,2052,0,2165309444,3145728]
[0,8192,0,0,0,0,0,0,0,0,4,0,0,0,0,0]-[2151678080,0,16777216,0,0]
[0,0,0,0,2097152,0,0,0,0,0,0,0,262144,128,0,0]-[0,537921536,0,0,8192]
[0,0,0,0,0,0,0,0,0,0,0,0,16384,0,67108864,0]-[0,134217728,33816608,0,0]
[0,0,67108864,0,67108864,0,0,0,0,0,0,0,0,268435456,0,0]-[0,33555008,0,16,0]
[0,0,0,0,0,0,0,0,1048576,0,2147483648,0,1048576,0,0,0]-[0,1073741840,1610612736,0,0]
[131072,0,0,0,67108864,0,0,0,0,0,0,0,0,128,0,0]-[1048576,0,537133056,1073741824,0]
[0,0,67108864,0,262144,256,0,0,0,0,0,0,0,128,0,0]-[8,32,532480,0,557056]
[0,1073741824,16777216,0,0,0,0,0,0,0,0,0,0,0,0,0]-[1024,0,1024,1073741888,0]
[0,0,0,0,65536,0,0,0,0,0,0,0,8,128,0,0]-[128,1,524288,16,0]
[0,0,0,0,0,0,0,0,0,0,2048,0,0,128,0,0]-[0,67108864,32768,536875008,0]
[0,0,67108864,0,0,0,0,0,1024,0,0,0,327680,0,0,0]-[0,2147483648,4,134217728,128]
[0,0,0,0,0,0,0,0,0,64,0,0,0,32,0,0]-[0,1024,0,2097160,8]
[0,0,0,0,0,1073742080,0,0,1048577,0,0,0,0,0,0,0]-[0,0,8388608,2147487744,256]
[0,0,0,0,0,64,0,0,1048576,0,0,0,0,0,67108864,0]-[16,640,0,64,0]
[0,0,0,0,0,0,0,0,134217728,0,67112960,0,0,128,0,0]-[16384,65,1073741824,0,0]
[0,0,0,0,0,0,0,16,0,0,0,0,0,0,128,0]-[2147483648,8389124,135399424,144,2097184]
[64,0,0,0,0,0,0,0,1048576,0,0,0,0,0,0,0]-[16777217,580124676,827592,67109120,16]
[0,0,0,0,0,0,2097152,16,0,0,0,0,0,0,0,0]-[2147483648,8454148,131584,33554432,262144]
[0,0,67108864,0,8192,0,0,0,0,0,0,0,0,0,0,0]-[17334308,824521025,2485125152,2147520512,1050630]
[0,0,0,0,0,0,0,16,8,0,0,0,0,0,0,0]-[16384,0,536875008,2147483664,2383873]
[0,0,0,0,0,0,0,0,0,0,4096,16,1048576,0,0,0]-[8388672,32776,134217744,148228,0]
[0,0,0,0,0,0,0,512,0,0,0,0,4,0,0,0]-[1140850816,0,1073741824,0,0]
[0,8,67109120,0,0,0,0,0,0,0,0,0,262144,0,0,0]-[32,2147483968,0,0,0]
[0,0,67108864,0,0,0,0,0,0,1073741824,0,0,0,536870912,0,0]-[0,16777216,1024,2147483664,0]
[0,0,0,0,512,0,0,0,1048576,0,0,0,0,2147483776,0,0]-[128,0,40960,4096,0]
[0,0,67108864,0,0,0,0,0,4096,0,0,0,0,0,0,0]-[239112236,2164673305,1075913784,18199555,622913]
[0,134217728,67108864,0,0,0,0,0,0,0,0,0,1048576,0,0,0]-[2097152,67111424,0,4,16384]
[0,0,0,0,0,0,0,524288,0,0,0,0,0,0,0,16]-[131072,65536,0,131072,512]
[0,0,4096,32768,0,256,0,0,0,0,0,0,0,0,0,0]-[131072,8448,1073741824,0,0]
[0,0,0,0,0,0,0,8208,0,0,0,0,1048576,128,0,0]-[64,67108864,0,0,262272]
[0,0,67108864,0,0,0,64,0,0,0,4096,134217728,0,0,0,0]-[2048,0,1107296256,4,0]
[0,268435456,67108864,0,67141632,0,0,0,0,0,4096,0,0,0,0,0]-[0,32784,512,4096,0]
[0,0,0,0,0,8192,67108864,0,1048576,0,0,0,1048576,0,0,0]-[33554436,0,16777216,128,0]
[0,0,67109376,0,0,0,0,0,0,0,0,0,0,0,0,0]-[4722720,2449539368,2217224244,1417760,133125]
[0,0,67108864,0,0,0,0,4096,0,0,0,0,0,2097280,0,0]-[0,268435456,1073758208,512,0]
[0,0,0,0,0,257,0,0,0,0,0,0,0,0,0,0]-[2097664,64,16908296,131328,0]
[131072,0,0,0,0,0,0,0,0,0,0,0,262144,0,0,0]-[0,1027,50364544,32,0]
[0,0,0,0,0,256,32,16,0,0,0,0,8,0,0,0]-[16,1048576,0,0,4097]
[0,0,0,0,0,0,0,0,1572864,0,0,0,0,128,0,0]-[2228240,1610874880,128,1073741824,0]
[0,1,0,0,0,256,64,0,0,0,4096,0,0,0,0,0]-[16384,131136,0,32768,0]
[0,0,0,134217728,0,0,0,0,1048576,0,0,0,1048576,0,0,0]-[16777216,8388608,0,134221824,0]
[0,0,0,0,0,0,0,0,0,0,0,0,1048576,0,2048,0]-[0,286278148,33816576,33685504,1024]
[0,0,0,0,0,0,0,0,1048576,0,0,0,0,0,268435456,0]-[128,16,16777344,0,0]
[0,0,69206016,0,0,0,0,0,0,0,0,0,0,128,0,0]-[33554432,0,2621440,2,0]
[0,0,0,524288,0,0,0,0,65536,0,0,0,0,0,0,0]-[0,4128,0,0,24]
[0,0,0,0,0,256,0,0,0,0,4096,0,0,262144,0,0]-[68157440,0,0,0,139264]
[0,0,0,0,0,8192,0,0,0,0,0,0,0,128,0,4096]-[2,1073741824,8421376,262144,0]
[0,0,0,0,0,0,8192,0,0,0,0,0,0,134217728,0,0]-[603987968,603980544,688914496,2228224,2049]
[0,0,0,0,0,262144,0,0,0,0,0,0,1048576,0,0,0]-[1073741952,514,1075841024,82056,0]
[0,0,0,0,0,0,0,32768,0,0,0,0,0,128,0,0]-[16392,9437472,2,0,4]
[0,0,0,0,0,0,0,0,0,0,0,8388608,0,2147483648,0,0]-[131584,134217728,512,0,0]
[0,0,0,0,131072,0,0,0,0,524288,0,0,0,0,0,0]-[8,128,0,0,1028]
[0,0,0,0,0,0,0,0,34603008,0,0,0,0,0,0,0]-[33554432,4210688,0,67108864,0]
[0,0,524288,0,0,0,0,16,0,0,0,0,0,0,0,0]-[1089536,805322752,786496,540672,0]
[0,0,0,0,0,16,0,0,0,0,0,0,0,536870912,0,0]-[0,0,67108864,3221225472,64]
[0,0,0,0,0,0,0,2048,1073741824,0,0,0,0,0,67108864,0]-[33554688,67108864,0,0,131072]
[128,0,0,0,0,0,0,0,0,0,0,0,0,0,0,1024]-[0,2048,0,3,32]
[0,4,67108864,0,0,0,0,0,0,0,0,1,0,0,0,0]-[0,4,67108864,0,1025]
[0,0,0,0,2,0,8192,0,0,0,0,0,0,0,0,0]-[528384,0,0,0,8256]
[0,2097152,0,0,0,0,0,0,0,0,0,0,0,0,524288,0]-[81920,0,131072,128,0]
[0,0,0,0,536870912,512,0,0,0,0,0,0,0,0,0,0]-[0,2097152,0,67111168,0]
[0,0,0,0,0,0,0,0,0,0,0,0,1048576,128,33554432,0]-[2280135,294717440,1610874880,212078712,2359488]
[0,0,0,0,0,0,0,65536,1048576,0,0,0,0,2147483648,0,0]-[0,8454144,8388608,1048576,0]
[0,0,0,0,0,0,512,0,0,0,0,0,1114112,0,0,0]-[262144,0,0,1114116,0]
[2,0,0,0,0,0,0,0,0,0,0,0,0,0,0,4096]-[0,0,0,268500992,32769]
[0,0,67108864,0,0,0,0,0,0,64,0,0,2097152,0,0,0]-[0,0,512,2148532288,0]
[0,0,67108864,0,0,0,0,0,1048576,0,0,0,0,4,0,0]-[65536,268435456,0,524304,0]
[0,0,0,16777216,0,0,0,16,0,0,0,0,262144,128,0,0]-[0,0,3178496,67108864,0]
[0,0,0,0,0,64,0,0,1048576,0,0,0,1048576,0,0,0]-[2181105664,1141899920,8390664,554313793,2097605]
[256,0,0,0,0,0,0,0,0,0,4096,64,0,0,0,0]-[2097408,16,268435456,0,0]
[0,0,0,0,0,0,0,0,0,0,135168,0,0,0,0,0]-[17367552,2684363028,0,0,0]
[0,0,0,0,0,0,0,0,134217728,0,0,536870912,0,0,0,0]-[592,0,0,16384,0]
[0,67108864,0,16777216,0,0,0,0,0,0,4096,0,0,0,0,0]-[589824,0,0,0,65544]
[0,0,0,1,0,0,0,0,0,0,32768,0,0,0,0,0]-[2,67108864,0,64,4096]
[0,0,67108864,0,0,0,0,16,9437184,0,0,0,0,0,0,0]-[0,0,0,337,0]
[0,0,67108864,0,0,0,8192,16,0,0,0,0,0,0,0,0]-[2214658048,2231377952,34609700,33821104,1050896]
[0,0,67108864,0,0,4096,0,0,4096,0,0,0,0,0,0,0]-[0,0,66568,262144,0]
[0,33554432,0,0,0,64,0,0,1048576,0,0,0,0,0,0,0]-[98304,0,8912896,0,0]
[0,0,67108864,0,0,0,16384,8192,0,0,0,0,0,0,0,0]-[33554432,0,0,2097408,2048]
[0,0,0,0,0,16384,0,0,0,0,4096,0,0,0,0,0]-[8409601,2147483648,33554433,33792,65696]
[0,0,256,524288,0,0,0,0,0,0,0,0,0,0,0,0]-[536870912,0,0,131072,4097]
[0,1024,0,0,0,0,0,0,1048576,0,0,0,0,536870912,0,0]-[16384,0,128,33554432,64]
[0,0,67108864,32,0,0,0,0,0,0,4096,0,1048576,0,0,0]-[0,83886092,4096,4096,98304]
[0,32,67108864,0,0,0,0,8,0,0,0,0,0,0,0,0]-[4096,0,1073741824,262144,64]
[0,0,0,0,0,0,0,0,0,0,67108864,32,0,0,0,0]-[268435456,0,67239936,0,128]
[0,0,0,0,0,0,8,0,0,0,0,0,0,0,67108864,0]-[1073741824,524288,131104,0,0]
[0,128,0,0,67108864,64,0,0,0,0,0,0,1048576,0,0,0]-[0,2147483648,2048,536870912,4]
[0,0,67108864,0,0,64,0,0,0,65536,0,0,1048576,0,0,0]-[0,512,0,0,1090]
[0,0,0,0,0,0,0,0,1048576,1,0,0,0,0,33554432,0]-[0,4194304,16777216,2097216,0]
[2048,0,0,0,0,0,0,0,33554432,0,0,32,0,0,0,0]-[2097168,0,0,65536,512]
[0,0,0,256,0,0,2147483648,0,0,0,4096,0,0,0,0,0]-[1073742144,0,0,512,0]
[0,0,0,0,0,0,0,0,0,0,16781312,0,1048576,0,0,0]-[262144,0,0,0,2097186]
[0,0,0,65536,0,0,0,0,0,0,0,0,262144,0,0,0]-[270008320,198,51412994,4268032,32768]
[0,0,0,0,0,0,0,0,0,0,4096,16384,65536,0,0,0]-[4096,0,64,264192,0]
[0,0,0,64,256,256,0,0,0,0,0,0,0,0,0,0]-[1,0,0,536936448,2048]
[65536,0,67108864,0,0,0,0,0,0,0,4096,0,0,0,0,0]-[16777216,67141632,512,0,0]
[0,0,0,0,0,0,0,0,0,0,16,0,0,128,0,0]-[131209,1358954561,3,536870916,262148]
[0,0,0,0,0,0,2105344,0,0,0,0,0,0,0,0,0]-[1140850690,67108865,16777248,268697600,530]
[0,0,0,0,0,0,0,0,134217728,0,0,0,0,128,0,0]-[1016523519,1016564713,1639951631,1424440574,1673164]
[0,0,0,0,0,0,4096,8,0,0,0,0,0,0,0,0]-[1073774592,134479872,0,0,0]
[0,0,0,33554432,4194304,0,0,16,0,0,0,0,0,0,0,0]-[64,0,0,2048,4112]
[0,0,0,0,0,0,0,0,1048576,0,4096,134217728,1048576,0,0,0]-[0,0,1,4352,128]
[0,0,0,0,0,65536,0,0,17825792,0,0,0,0,0,0,0]-[2164260864,1073741824,1,0,0]
[0,0,67108866,0,0,0,0,0,1048576,0,0,0,0,0,0,0]-[2147549184,16384,0,0,1048576]
[0,0,0,0,0,0,0,0,0,0,4096,0,0,65536,0,0]-[2281963520,83886080,2181038144,393472,262144]
[0,65536,67108864,0,0,0,0,8,0,0,0,0,0,0,0,0]-[0,2048,34816,0,524288]
[4,0,67108864,0,0,0,0,0,0,0,0,0,0,536870912,0,0]-[0,4,0,0,540736]
[0,0,0,0,0,0,8192,0,0,0,0,0,0,1024,0,0]-[1,0,134217760,0,1]
[0,0,0,0,67108864,0,0,0,0,0,0,0,0,0,0,32768]-[0,1,2147483650,0,512]
[0,0,67108864,0,0,0,0,268435456,67108864,0,0,0,0,0,0,0]-[67112961,0,0,0,65536]
[0,0,67108864,0,0,0,0,16,0,16384,0,0,0,0,0,0]-[67108864,1,1073741824,0,131072]
[0,33554432,83886080,0,0,0,0,16,0,0,0,0,0,128,0,0]-[12,0,0,262144,524288]
[128,0,0,0,0,0,0,16,0,0,0,0,0,128,2147483648,0]-[0,65536,8388608,32,32]
[0,0,67108864,0,0,256,0,0,0,0,0,0,0,0,0,2048]-[0,8192,1073741824,2147483648,131072]
[0,0,0,262144,0,0,0,0,0,0,4096,0,1048832,0,0,0]-[0,16777216,16,512,4096]
[0,0,0,4194304,0,0,0,0,0,0,0,0,134217728,0,0,0]-[0,8208,67108864,16384,0]
[0,0,65536,0,0,0,0,16,0,0,0,0,0,0,0,0]-[2214625296,67633160,689341008,4194336,262144]
[0,0,67108864,0,0,0,0,0,0,0,0,0,0,512,0,0]-[2315255814,271001168,1343319056,41166480,720903]
[0,0,0,0,16777216,0,0,0,0,0,0,0,1048576,0,33554432,0]-[0,1073741824,0,268435458,512]
[0,0,0,0,0,0,0,0,16777216,268435456,0,0,0,0,0,0]-[128,2097154,0,1073741824,0]
[4,0,67108864,0,0,0,0,0,0,0,0,0,0,0,0,64]-[0,16777216,33554432,33,0]
[0,0,67108864,0,0,0,0,8388624,1048576,0,0,0,0,0,0,0]-[0,0,2048,35651840,0]
[0,0,0,0,0,0,8192,0,1048576,0,0,0,0,128,0,65536]-[32768,0,8388608,640,0]
[0,0,0,0,0,0,0,0,1024,0,0,0,0,128,0,0]-[2098193,8388864,2685042820,673448576,2523296]
[0,0,0,0,0,0,4096,134217728,0,0,0,0,0,0,0,0]-[32,536870912,32768,1073741824,0]
[0,0,0,0,0,536870912,0,0,0,0,4096,0,0,0,0,0]-[606784,17170432,0,132356,2101248]
[0,0,0,0,0,33554432,0,0,0,0,4096,0,0,0,0,0]-[1073758209,264,1342177296,32768,0]
[8,0,0,0,0,0,0,16,0,0,0,0,0,0,0,0]-[16,68157968,2164391936,4097,12321]
[0,0,0,0,0,0,0,0,1048576,0,4096,0,262144,128,0,0]-[16640,0,129,73401632,9216]
[0,0,67108864,0,0,524288,0,0,0,0,0,4096,0,0,0,0]-[16777216,0,4096,72,0]
[0,0,67108864,0,0,0,0,2147483648,1048576,0,0,0,0,0,0,0]-[2164293632,4194304,4235280,36708562,0]
[0,0,67108864,0,0,64,0,0,1048576,0,0,1056,0,0,0,0]-[2147483648,512,0,532480,0]
[0,0,1,0,0,0,0,0,1048576,0,65536,0,262144,0,0,0]-[16384,1073741828,536870912,0,0]
[0,0,4096,0,0,8192,0,0,0,0,0,0,0,0,0,0]-[100663296,524288,75497472,134217728,16386]
[0,0,201326592,0,0,64,0,16,1048576,0,0,0,0,0,0,0]-[0,512,2048,2147483648,128]
[0,0,67108864,0,67108864,0,0,0,0,0,0,0,0,0,256,0]-[0,131076,0,1049088,0]
[0,0,0,0,0,8192,0,0,0,0,0,0,134217728,0,0,0]-[33554440,5120,524288,393232,135680]
[536870912,0,0,0,0,0,0,0,1048576,67108864,0,0,0,0,0,0]-[0,536870912,262144,1081344,0]
[0,0,67108864,0,0,0,0,0,0,268435456,0,0,1048576,0,0,0]-[1024,128,2,1073741824,0]
[0,0,0,0,0,0,0,0,16777216,0,0,0,0,128,4,0]-[0,0,2,72,64]
[0,0,1073741824,0,0,0,0,0,0,0,0,0,0,0,536870912,0]-[0,1064960,2147483664,0,0]
[0,0,0,0,0,0,8,0,0,0,0,0,1048576,0,0,0]-[134217732,0,0,276824064,0]
[0,0,0,32768,0,0,0,0,0,0,0,128,0,0,0,0]-[512,0,512,1024,262144]
[0,0,0,0,0,64,0,0,0,8396800,0,0,0,128,0,0]-[80,0,0,0,1028]
[0,0,0,0,0,0,0,16,0,1073741824,0,0,0,0,0,0]-[0,0,4098,2147483904,0]
[0,0,268435456,0,0,0,0,2048,0,0,0,0,0,134217728,0,0]-[16384,0,3,1048576,0]
[0,0,0,0,0,0,0,8192,0,32768,0,0,0,0,0,0]-[0,1073741824,1024,32768,4]
[0,0,67108864,0,8,0,0,0,1048576,0,0,0,0,0,0,0]-[0,32,16,528640,524288]
[0,0,0,0,16777216,0,0,0,134217728,0,0,0,0,0,0,0]-[1,0,0,9437184,131072]
[0,0,0,0,0,0,0,0,1048576,0,0,0,1048576,0,8,0]-[0,16384,262144,71303168,0]
[0,0,262144,0,0,0,0,0,134217728,0,0,0,0,0,0,0]-[0,65537,0,268435456,1]
[0,0,0,67108864,0,0,0,0,0,0,0,0,0,0,0,2048]-[8193,1048576,0,2048,0]
[1073741824,0,0,0,0,0,0,0,0,0,2147483648,0,0,0,0,0]-[67108864,0,64,524288,8192]
[8208,0,0,0,0,0,0,0,0,0,0,0,0,0,0,0]-[33554432,0,516,131072,0]
[0,0,134217728,0,0,8,0,0,1048576,0,0,0,0,0,0,0]-[0,256,50593792,0,0]
[0,16384,0,131072,0,0,0,0,0,0,0,0,0,0,0,0]-[4194304,0,67108866,4096,0]
[0,0,67108864,0,0,0,0,0,256,0,0,0,262144,0,0,0]-[524288,20480,0,4194304,0]
[0,0,67108864,0,0,12288,0,0,0,0,0,0,0,0,0,0]-[67108864,1024,2048,8192,0]
[256,0,0,0,0,0,0,0,0,0,0,0,0,0,33554432,0]-[16,16777728,0,67108864,0]
[0,1048576,16777216,0,0,0,0,0,0,0,0,0,1048576,0,0,0]-[0,2,262144,0,1026]
[0,0,0,0,0,0,0,16,134217728,0,4096,0,1048576,0,0,0]-[16448,8,0,20736,16512]
[0,0,16777216,0,0,0,0,0,16777216,0,0,0,0,0,0,0]-[2684354816,33557504,2,1073872992,10592]
[0,0,0,0,32768,8192,0,0,0,0,0,0,0,0,0,0]-[512,4112,67108867,282625,12288]
[0,0,67108864,0,0,1,0,0,0,0,0,0,1048576,0,0,0]-[0,67108864,4096,16777216,1024]
[0,0,0,268435456,0,0,65536,0,0,0,0,0,2147483712,0,0,0]-[256,0,1048576,33554432,4]
[0,0,0,0,0,32,536936448,0,1048576,0,0,0,0,0,0,0]-[256,128,0,33554432,524288]
[128,0,0,0,0,0,2147483648,0,0,0,0,0,0,0,0,0]-[16896,0,0,1073750016,0]
[0,0,0,0,0,0,0,0,0,524288,0,0,0,33554432,0,0]-[8,8388736,0,1048576,0]
[0,0,0,0,4,0,0,0,1048576,0,0,0,0,0,0,0]-[16384,9519104,25436288,1073774720,1025]
[0,0,0,4194304,0,0,0,0,0,0,67108864,0,262144,0,0,0]-[0,1073741826,0,0,131074]
[0,0,0,0,131072,0,0,0,1048576,0,0,0,0,0,0,0]-[2147535124,1086603280,1107558416,2152741408,1285]
[0,0,0,0,0,8192,0,0,0,8,0,32,0,0,0,0]-[536870912,2147483648,0,1073741824,2]
[33554432,0,0,0,0,0,64,0,0,0,0,0,0,0,0,0]-[2097152,537002114,0,260,0]
[128,32,0,0,0,0,0,0,0,0,0,0,0,0,0,0]-[1073872896,100663314,0,0,68]
[0,0,0,1,0,0,0,0,262144,0,0,0,0,0,0,0]-[2147491968,0,0,1081348,10240]
[0,0,0,0,0,64,0,0,0,0,0,0,262144,128,0,0]-[0,67239936,2097154,32,65536]
[0,131072,67108864,0,0,0,0,4096,1052672,0,0,0,1048576,128,0,0]-[2097152,268435456,0,0,1048704]
[0,0,67108864,0,0,0,0,0,1048576,0,0,16,0,0,0,0]-[2147483648,33882144,48,2147525057,256]
[0,0,0,0,0,64,0,0,4,0,0,0,0,0,0,0]-[536870912,524288,8388608,0,1024]
[0,0,0,0,0,0,8,0,0,0,0,16777216,0,0,0,0]-[335544320,0,0,0,264192]
[0,0,67108864,0,0,0,0,0,0,0,268435456,32,0,0,0,0]-[2,0,0,33562624,128]
[0,0,1073741824,0,0,0,0,16,0,0,0,32,0,0,0,0]-[16384,0,16777216,64,2048]
[0,0,67108864,0,0,0,0,0,1048576,0,0,0,0,128,1073741824,0]-[0,262144,0,0,1179712]
[0,0,67108864,0,0,0,64,0,0,0,0,0,0,1,0,0]-[0,36864,1024,4096,2097152]
[0,0,67108864,2,0,0,0,0,0,0,0,32,0,0,0,0]-[16777216,536870912,1048576,32,0]
[0,0,67108864,0,67108864,0,0,0,67108864,0,0,0,0,0,0,0]-[0,576,1073741824,4194304,0]
[0,0,2,0,0,8448,8192,0,0,0,0,0,0,0,0,0]-[2147549184,8192,262144,0,0]
[0,0,67108864,0,0,8192,64,0,0,0,0,0,0,0,0,0]-[33554434,45056,1024,16777216,0]
[0,128,0,0,0,0,0,0,134217728,0,8192,0,1024,0,0,0]-[512,0,2097152,1073741824,16384]
[128,65536,0,0,0,0,0,0,0,0,0,0,0,0,0,0]-[0,2048,49152,16384,524352]
[0,0,67108864,524288,0,0,0,16,0,0,0,0,0,0,0,0]-[0,16777216,1073742848,0,131072]
[8,0,67108864,0,65536,0,0,0,0,0,0,0,0,0,0,0]-[67141632,4,0,0,2097152]
[0,0,67108864,0,0,0,0,16,0,0,1073741824,0,0,0,0,0]-[0,67111440,512,1,2097152]
[0,0,67108864,4,0,0,0,0,1048576,0,0,0,0,128,0,0]-[2048,32,0,64,64]
[0,0,67108864,0,0,0,0,0,134217728,0,0,0,0,0,0,256]-[2,0,40960,1048576,0]
[0,0,0,0,0,0,8192,0,0,0,1073745920,0,0,0,0,0]-[0,8193,4096,0,32]
[0,0,0,0,0,0,0,0,1048576,0,0,0,268435456,0,0,0]-[1096810521,16777858,1099,56672386,16384]
[0,0,0,4,0,256,0,0,1048576,0,0,0,0,0,0,0]-[256,8388608,16777232,2147483648,0]
[0,4096,67108864,256,0,0,0,0,1048576,0,0,0,0,128,0,0]-[2097152,0,1073750016,0,64]
[0,0,8192,0,0,0,0,0,0,0,0,8192,0,0,0,0]-[65792,16777216,0,1073741824,0]
[0,0,0,0,0,0,0,16,1048576,0,0,0,0,2147483648,0,0]-[0,9437200,545261568,2181038080,8192]
[0,320,0,0,0,0,0,0,0,0,0,0,0,0,0,0]-[0,256,256,67108864,64]
[128,0,536870912,0,0,0,0,0,1048576,0,0,0,0,0,0,0]-[4194368,0,0,16908288,0]
[0,0,67108864,512,1,0,0,0,1048576,0,0,0,0,128,33554432,0]-[0,32,0,136314880,524288]
[0,0,0,0,0,1073741824,8192,0,0,0,0,0,0,0,0,0]-[256,4096,1073741832,0,0]
[0,0,0,0,0,0,0,16,1048576,0,0,0,0,0,8388608,0]-[16,268435456,32768,0,16]
[4,0,0,0,0,0,0,16,0,0,0,0,0,0,0,0]-[136331264,67108864,2097664,1073741824,524288]
[0,0,0,0,0,0,0,0,1048576,0,536870912,0,0,0,0,0]-[33554689,128,270360,272629760,8192]
[0,16384,0,0,0,0,0,0,0,0,0,1024,0,128,0,0]-[68,0,128,512,0]
[0,0,0,0,0,0,0,0,0,131072,0,0,262144,0,0,0]-[35652100,0,1048592,67109888,0]
[0,1048576,0,0,0,0,0,268435456,0,0,0,0,0,0,0,0]-[536870912,16777216,0,16777216,512]
[0,0,67108864,0,33554432,256,0,0,0,0,0,0,0,0,0,0]-[0,0,2097152,262144,320]
[0,0,0,0,512,0,0,8,2097152,0,0,0,262144,128,0,0]-[262660,0,0,4,0]
[128,0,0,0,0,0,0,0,0,0,0,0,1048576,8,0,0]-[0,0,16384,1073741953,0]
[128,0,0,268435456,0,0,0,0,0,0,0,0,0,0,0,0]-[64,73728,67239952,32768,262144]
[0,0,0,0,0,0,0,0,0,512,0,0,0,0,0,32]-[134217728,8519680,0,268435456,16384]
[0,0,0,0,0,64,0,0,0,0,0,0,0,32,0,0]-[2684362752,16,10240,0,0]
[1073741824,0,0,0,0,64,0,0,0,0,0,0,0,0,0,0]-[2684357138,2,16777216,0,2306]
[0,0,67108864,0,0,0,0,0,0,0,0,1073741824,0,128,0,0]-[2099267,0,1048580,2097316,524292]
[0,0,0,0,0,8448,0,512,0,0,0,0,0,0,0,0]-[2176,0,0,0,516]
[0,0,0,0,524288,0,0,0,0,64,0,4,0,0,0,0]-[16,0,134217856,0,1]
[0,0,67108864,0,0,0,0,0,0,0,0,0,1024,4,0,0]-[0,2048,65536,36,0]
[0,0,0,0,0,256,0,0,0,0,0,1073741824,0,0,0,0]-[8192,0,4,4,64]
[1024,0,0,0,0,0,0,0,0,0,0,0,0,128,0,0]-[1064960,536870912,131104,2048,1152]
[0,0,67108864,0,0,256,0,0,0,0,0,0,0,131072,0,0]-[0,16777224,4718592,0,0]
[0,0,0,0,0,0,64,16,16,0,0,0,0,0,0,0]-[0,135270400,0,4096,0]
[0,0,0,33554432,0,0,0,0,0,0,0,0,1048576,536870912,0,0]-[1048642,4,0,0,0]
[0,0,67108864,16384,0,0,0,268435456,0,0,0,0,0,0,0,0]-[8388608,0,2415919104,0,2]
[0,0,67108864,0,0,0,1073741824,0,0,0,0,0,1048576,128,0,0]-[66,0,2097152,512,0]
[1073741824,8192,67108864,0,0,0,0,0,0,0,0,0,0,0,0,0]-[2147483656,4194304,0,32768,0]
[0,0,0,2,0,0,0,0,1048576,0,4096,0,0,0,0,0]-[65536,262176,1,0,0]
[0,32,0,0,128,256,0,0,1048576,0,0,0,0,0,0,0]-[0,0,1090519040,201326592,0]
[0,0,67108864,0,32768,0,0,0,0,0,268435456,0,0,65536,0,0]-[0,4194304,1024,20,0]
[0,0,67108864,0,0,0,0,0,16384,0,0,0,0,0,0,0]-[66,2214596628,1073741828,33554496,1064960]
[0,2048,0,0,0,0,0,0,0,0,4096,0,0,0,0,0]-[0,2684354560,0,256,32]
[0,0,67108864,0,0,0,0,0,33554432,0,0,0,0,131200,0,0]-[0,2048,0,262662,32960]
[128,0,0,0,0,0,0,2048,0,0,0,0,0,0,0,0]-[1048704,2147483650,0,0,0]
[0,0,0,0,0,0,0,0,0,0,0,33554432,0,0,128,0]-[0,8,32840,0,0]
[0,0,67108864,0,0,0,0,268435456,0,0,0,0,0,0,0,0]-[2262831178,2147894568,2484181536,2148569328,1280022]
[536870912,0,0,0,0,0,0,0,0,0,0,0,0,0,4096,0]-[0,2147483648,4,67108864,256]
[0,0,0,0,0,0,0,0,0,8388608,0,0,1048576,0,0,0]-[8421442,67112992,2097152,131072,2139144]
[0,0,0,0,0,0,0,0,0,128,0,0,1048576,0,0,0]-[9457793,0,4194304,4096,262208]
[0,0,0,0,0,0,0,0,0,0,0,0,1048576,128,8388608,0]-[33554432,0,1073741826,0,131072]
[0,0,0,0,0,0,16384,0,0,0,0,0,1048576,0,0,0]-[332421,2214593122,134217824,131072,544]
[0,128,0,0,0,0,0,0,0,0,0,0,8192,0,0,0]-[128,8,1024,4194304,0]
[0,0,0,0,0,256,0,16,1048576,0,0,0,0,128,0,0]-[262160,277938176,1073741856,404756480,8256]
[0,0,67108864,0,0,0,0,0,1207959552,0,0,0,262144,128,0,0]-[0,536870913,0,2097152,524288]
[0,0,0,0,0,0,4194304,0,0,0,0,0,0,128,0,0]-[1048587,1610874880,536870912,1610612900,2359300]
[0,0,0,0,0,0,0,0,0,0,276824064,0,0,0,0,0]-[786432,2097152,0,0,4]
[0,0,64,0,0,0,0,0,0,0,0,0,0,0,1073741824,0]-[0,131072,2147484672,2048,0]
[0,0,67108864,1073741824,0,0,0,16,0,0,0,1024,0,0,0,0]-[0,67109392,0,0,2048]
[0,0,67108864,0,0,0,0,0,0,0,16777216,0,262144,0,0,0]-[0,67108864,0,33555488,0]
[0,0,67108864,0,0,8192,0,0,1048576,0,0,0,256,0,0,0]-[0,0,8192,544,1]
[0,0,2,0,0,0,0,0,16777216,0,0,0,0,0,0,0]-[16385,0,2147483648,0,4096]
[0,0,0,0,0,0,0,0,0,0,33816576,0,0,0,0,0]-[16777216,0,0,65568,8192]
[0,0,0,0,0,128,262144,16,0,0,0,0,0,0,0,0]-[64,66048,536870912,0,0]
[0,0,0,0,0,32,64,0,0,0,0,0,0,0,0,0]-[2,0,2,16777216,32768]
[0,0,0,0,0,64,0,0,0,0,0,0,0,4194304,0,0]-[0,64,68,0,1048576]
[0,0,0,0,0,8192,0,0,1048576,0,0,0,1048576,0,0,0]-[2871068932,1098917914,698685552,1099745939,401702]
[0,0,603979776,0,0,0,0,0,0,0,4096,0,0,4,0,0]-[524288,4194368,65536,0,0]
[0,0,1,64,0,0,0,0,16777216,0,65536,0,0,0,0,0]-[0,0,2147483776,1,128]
[134217728,0,0,0,8,0,0,0,0,0,0,0,0,0,0,0]-[1032,0,4096,67108864,0]
[0,0,0,0,0,256,0,0,1048576,0,0,0,0,134217856,0,0]-[262144,268435712,0,134217728,8192]
[0,0,16777216,0,0,0,64,16,0,0,0,0,0,0,0,0]-[0,262145,263168,0,0]
[0,0,0,0,0,0,0,0,0,512,4096,0,1048576,0,0,0]-[64,32768,0,20480,0]
[0,0,67108864,0,0,0,0,0,134217728,0,0,0,0,536871040,0,0]-[0,2305,0,0,192]
[0,0,0,0,0,0,262144,0,134217728,0,0,0,0,0,0,0]-[4259848,0,33554432,1073741824,1051136]
[0,0,0,0,0,0,0,0,0,0,4096,0,1048576,0,536870912,0]-[64,0,0,65536,16392]
[0,0,0,0,0,0,0,8,134217728,0,0,0,0,0,0,0]-[16802305,134222208,2560,134217868,66048]
[0,0,0,0,0,256,0,0,0,8192,0,0,0,0,0,0]-[0,4480,0,4096,0]
[0,0,67108864,0,0,0,0,0,0,0,128,0,0,268435456,0,0]-[136314880,262144,2147483648,0,0]
[0,0,0,0,0,0,64,0,0,0,0,8192,0,0,0,0]-[0,0,2052,268435464,0]
[0,0,0,0,536870912,0,64,0,0,0,4096,0,0,0,0,0]-[1,131072,0,131328,0]
[0,0,0,2147483648,0,0,0,0,0,0,4096,0,0,128,0,0]-[0,262144,1,2056,0]
[0,0,67108864,0,0,0,0,0,0,8192,0,0,0,128,0,0]-[0,0,532484,0,1048576]
[0,268435456,67108864,0,0,0,0,0,0,0,0,0,0,128,0,0]-[2151677952,4112,0,0,0]
[0,0,0,0,0,0,0,0,0,0,0,32,0,128,0,0]-[3124151935,3508293168,42650087,4163356884,3389170]
[0,0,0,0,0,8192,0,0,2147483648,0,0,0,0,0,0,0]-[36175874,0,0,0,4096]
[128,0,335544320,0,0,0,0,8,1048576,0,0,0,0,0,0,0]-[0,0,8,2147483776,4]
[0,268435456,0,0,0,256,0,0,0,0,0,0,0,0,0,0]-[0,4160,809631752,262144,0]
[0,0,67108928,0,0,0,0,0,0,0,0,0,0,0,0,0]-[8912967,876833352,3558446112,5834293,689216]
[0,0,536870912,0,0,0,0,0,0,0,0,0,0,0,33554432,0]-[131072,2,4,134217728,0]
[0,0,67174400,0,0,256,0,0,0,0,0,0,0,0,0,0]-[0,12288,65540,0,0]
[0,0,67108864,32,0,0,0,16,0,0,4096,0,0,0,0,0]-[0,67108864,512,4096,16384]
[0,0,0,0,0,64,0,0,0,0,268435456,0,0,0,0,0]-[268435520,4096,527392,0,32]
[0,0,1024,0,268435456,256,0,0,1048576,0,0,0,0,0,0,0]-[0,65536,32,67108864,1]
[0,0,67108864,33554432,0,0,8192,0,0,0,0,0,0,0,0,0]-[33554432,8448,4100,0,0]
[0,0,0,0,0,0,0,8,1024,0,0,0,0,0,0,0]-[32,0,0,20544,0]
[0,128,0,0,0,0,0,8388608,1048576,0,0,0,0,0,0,0]-[131072,512,0,1073741888,0]
[0,65536,0,0,0,8192,0,0,0,0,0,0,64,0,0,0]-[8388608,0,8192,536870944,0]
[0,0,0,0,0,0,0,134217728,134217728,0,0,0,0,0,0,0]-[268437504,2050,0,0,0]
[0,0,67371008,0,0,0,0,0,0,0,0,0,1048576,0,0,0]-[4096,2147484256,33556736,16842752,17408]
[0,0,0,0,0,0,0,0,1048576,0,0,0,0,0,4096,0]-[2147483904,128,1073741824,256,524288]
[0,0,2,0,0,0,0,0,0,0,0,0,16,0,0,0]-[536870912,0,0,2176,524288]
[8388608,0,0,0,0,0,0,16,0,0,0,0,0,128,0,0]-[0,8388608,8388608,0,2097184]
[0,0,0,0,0,0,0,0,0,2,0,0,0,0,67108864,0]-[1073742344,134217728,0,0,0]
[0,0,67108864,0,0,0,0,0,1048576,8388608,0,0,8,0,0,0]-[65536,32,0,32,4]
[128,0,67108864,0,0,8448,0,0,0,0,0,0,0,0,0,0]-[0,2048,0,98305,0]
[0,0,0,0,0,256,0,0,1073741824,0,0,0,0,0,0,0]-[2147491840,0,268566528,0,12288]
[0,0,0,0,0,8192,0,0,0,0,0,0,0,0,0,4]-[134217728,1073741824,10485824,16777216,0]
[0,0,67108864,0,67108864,0,0,0,1048576,0,0,0,1048576,536870912,0,0]-[2181038080,0,0,0,257]
[0,128,0,0,0,0,0,0,134217728,0,1048576,0,1048576,0,0,0]-[8388608,1048576,0,16777472,0]
[0,0,67108864,0,0,0,0,0,1048576,0,0,0,1048576,0,268435456,0]-[1,0,0,168820736,0]
[0,0,0,0,0,0,0,16384,1048576,0,0,0,0,128,0,0]-[128,0,1074266112,2,0]
[0,8192,0,0,0,0,0,0,0,0,0,0,1048576,0,0,2048]-[4194304,0,8388608,1074266112,0]
[0,0,67108864,131072,0,0,0,0,1048576,0,0,0,0,128,0,0]-[0,0,0,2097282,1024]
[0,0,0,0,0,320,0,0,1048576,0,0,0,0,0,0,0]-[278552,100664192,25176209,2835888449,402885]
[0,0,67108864,0,0,8192,0,0,64,0,0,0,0,0,0,0]-[35651584,0,1024,16777216,0]
[0,0,67108864,0,0,0,0,0,0,0,4096,2,0,0,0,0]-[0,0,81920,5120,0]
[0,0,64,0,0,0,0,16,0,0,0,0,0,128,0,0]-[1073741824,4210688,16,0,0]
[0,0,0,0,0,0,0,0,1048576,0,0,0,0,33554432,0,0]-[21,1082408976,96,68719648,1024]
[0,0,67108864,0,0,0,0,0,1073741824,0,0,0,0,128,0,0]-[0,262401,1048576,2101314,0]
[0,0,0,0,0,0,64,0,0,131072,0,0,0,536870912,0,0]-[0,295424,0,0,8192]
[0,0,67108864,0,67371008,0,0,0,0,0,8,0,0,0,0,0]-[0,0,65536,1048832,4]
[0,0,0,65552,0,0,0,0,0,0,0,0,1048576,0,0,0]-[16908290,0,0,512,0]
[0,0,0,0,0,262144,0,0,0,0,4096,0,0,0,33554432,0]-[256,0,1207959552,16384,0]
[0,0,67108864,16384,67108864,0,0,0,0,0,0,0,0,0,0,0]-[4194304,67108864,6144,1048832,4]
[0,0,67108864,0,0,0,0,0,34603008,0,0,0,1048576,0,0,0]-[1,0,4194304,33554432,64]
[0,0,0,0,0,0,0,0,1048576,0,0,2,0,128,0,0]-[2244608,8650752,532480,67108864,1048576]
[0,0,0,0,0,0,0,256,1048576,0,4096,0,0,0,0,0]-[0,0,33554561,512,0]
[0,0,0,0,0,0,0,134217728,1024,0,0,0,0,0,0,0]-[2048,0,1024,67108864,131072]
[0,0,0,0,0,0,32768,0,0,0,0,0,0,2147483648,0,0]-[0,524288,8256,131078,0]
[0,268435456,0,32,0,0,0,0,0,0,0,0,0,0,0,0]-[32,0,2097152,0,8256]
[0,0,67108864,0,67108864,0,0,0,0,0,0,0,0,0,0,0]-[2395572333,3077045117,3593600572,2340239359,3821015]
[0,0,0,0,0,32832,0,0,1048576,0,0,0,0,0,67108864,0]-[0,640,0,2147483648,128]
[0,0,0,0,4,0,0,0,0,0,1,0,0,0,0,0]-[0,262144,4194432,0,4096]
[0,0,0,0,0,0,131072,0,128,0,0,0,0,128,0,0]-[302252032,64,0,0,0]
[0,0,0,0,0,0,0,16777216,0,0,4096,0,0,0,0,0]-[9181188,537067824,65619,268435584,2115592]
[0,0,0,0,0,524288,0,0,16777216,0,0,0,0,0,0,0]-[0,0,263680,0,4096]
[0,0,0,0,0,0,0,16,0,0,4096,0,67108864,0,0,0]-[1074004480,0,16,0,0]
[0,0,0,0,0,0,0,1073741824,0,0,0,0,1048576,0,0,0]-[65796,2147483648,544,268967936,0]
[0,0,0,0,2147483648,64,0,0,0,0,0,0,1048576,0,0,0]-[2147484160,128,0,524288,0]
[128,0,67108864,0,67108864,0,0,0,134217728,0,0,0,0,536871040,0,0]-[0,67840,0,16,0]
[0,0,67108864,536870912,0,0,0,0,1048576,0,0,32,0,0,0,0]-[0,528,33554464,0,0]
[0,0,0,0,0,0,0,0,0,0,0,32,1048576,131072,0,0]-[0,16793600,0,0,2097184]
[0,0,0,0,128,0,0,16,0,0,0,0,0,0,0,0]-[0,8,1048576,1,8192]
[262144,0,0,0,0,0,0,0,0,0,0,0,0,0,1073741824,0]-[16,4,0,524288,2048]
[128,0,0,0,8388608,0,0,0,0,0,0,0,0,128,0,0]-[131072,0,8388608,268435464,0]
[536870912,0,0,0,262144,0,0,0,0,0,8192,0,0,0,0,0]-[0,134479872,67108864,0,32768]
[0,0,0,0,0,256,0,16,0,0,0,0,0,0,4,0]-[16,0,2097152,2147483648,8192]
[0,1,0,1,0,0,0,0,0,0,0,0,0,0,0,0]-[8388608,33554434,1048576,0,0]
[0,0,0,0,0,8192,0,524288,0,0,0,0,0,128,0,0]-[2,1073741824,536870916,0,0]
[0,0,0,0,0,0,0,0,0,0,4112,0,0,0,33554432,0]-[134217728,2048,16777216,134217728,0]
[0,0,67108864,0,67108864,0,0,0,32,0,0,0,0,0,0,0]-[67108864,16777216,2048,512,0]
[0,0,0,0,0,0,0,2,4096,0,0,0,0,128,0,0]-[32840,0,0,268435456,0]
[0,0,0,8,0,256,0,0,0,0,0,0,0,0,0,0]-[0,268435456,268435520,256,0]
[0,33554432,67108864,0,0,0,0,0,0,0,0,0,1048576,128,33554432,0]-[4,0,4,64,524288]
[0,0,67108864,0,0,524288,0,0,0,0,0,0,1048576,0,0,0]-[0,0,73728,35651584,0]
[16,0,0,0,0,0,0,0,0,0,0,0,0,536870912,0,0]-[1048576,256,1152,0,0]
[0,33554432,0,0,0,0,0,1073741824,0,0,0,0,0,0,0,0]-[4,134217728,0,0,144]
[0,0,0,0,0,8192,8192,0,0,0,0,0,3145728,536870912,0,0]-[0,0,8388608,294912,256]
[0,0,0,0,0,0,0,0,0,2,0,0,1048576,0,0,0]-[131072,131088,8192,1090551812,0]
[8,0,0,33554432,0,0,0,0,0,0,0,0,0,0,0,0]-[16777216,0,1,131072,131072]
[0,0,0,0,0,0,0,16,0,0,0,0,0,536936448,0,0]-[1073742848,8194,0,536871936,0]
[128,0,67108864,0,0,0,0,0,0,0,524288,0,0,536870912,0,0]-[0,65536,1024,16,131072]
[0,0,67108864,0,0,0,0,0,0,0,0,524288,0,0,0,0]-[197197835,3036932969,3258573328,56435578,2688147]
[0,0,0,0,0,0,0,16,0,0,0,0,0,0,524288,0]-[524288,4100,318771778,1107312640,1126400]
[0,0,67108864,0,0,0,0,0,0,0,4096,0,65536,0,0,0]-[4096,2147484704,0,262144,128]
[0,0,0,0,65536,0,0,0,0,0,0,0,0,67108864,16777216,0]-[16384,0,0,1025,2097152]
[524288,0,67108864,0,0,0,64,0,0,0,1,0,65536,0,0,0]-[0,8192,268435456,0,2097156]
[0,0,0,0,0,4,0,0,0,0,0,0,1048576,0,0,0]-[1,4096,0,65792,8192]
[0,0,0,0,8388608,0,0,0,0,0,2147483648,0,0,0,0,0]-[0,16,1,16384,64]
[1048576,0,0,0,0,0,64,0,0,0,0,0,0,0,0,0]-[0,40960,8192,1073741824,0]
[0,0,16777216,0,0,0,0,0,0,0,8,0,0,0,0,0]-[0,0,134250496,0,544]
[0,0,0,0,0,0,0,0,0,0,268435456,0,0,0,8,0]-[268439552,0,0,1075838976,0]
[0,0,67108864,0,0,16384,0,0,0,0,4096,0,1048576,0,0,0]-[2101249,0,0,0,128]
[0,0,0,4194304,0,0,0,0,0,0,0,0,262144,128,0,0]-[262668,0,0,0,0]
[0,0,67108864,0,0,0,0,0,0,0,33554432,0,262144,0,0,0]-[0,182272,0,0,0]
[0,0,0,0,0,64,0,8,0,0,0,0,262144,0,0,0]-[0,128,1024,536879104,0]
[0,0,0,0,0,0,0,0,0,0,0,0,262144,8192,0,0]-[516,0,0,16388,0]
[0,0,67108864,0,262144,64,0,0,0,0,0,0,0,0,0,0]-[0,16,8,1,2]
[0,8192,0,0,0,0,0,0,0,0,0,0,0,128,0,0]-[1179788,84511744,2156044294,1147404324,623232]
[0,0,0,0,0,0,0,4,4,0,0,0,0,0,0,0]-[4456448,67108864,131072,0,0]
[0,0,0,0,0,0,0,16,1048576,1024,0,0,262144,0,0,0]-[0,0,268435456,262144,33280]
[4194304,0,0,0,0,0,0,0,0,0,0,8388608,0,0,0,0]-[0,1024,524352,4,0]
[0,0,67108864,0,0,0,0,0,134217728,0,0,0,1048576,128,0,0]-[4194304,67117073,512,16,64]
[0,0,0,0,0,64,0,256,0,0,0,0,0,0,0,0]-[131072,0,131072,131584,0]
[0,0,0,0,0,256,0,0,134217728,0,0,0,1048576,0,0,0]-[268517888,0,1075838976,16781568,16513]
[0,0,0,0,0,256,0,0,0,0,16,0,1048576,0,0,0]-[4,1073741840,2050,524288,4]
[0,0,1073750016,0,0,0,0,0,0,0,0,0,0,0,0,0]-[128,0,4096,64,2048]
[0,0,0,0,67108864,0,0,8,0,131072,0,0,0,0,0,0]-[0,33554432,16384,0,520]
[0,0,67108864,0,0,0,0,0,1048576,0,12288,0,0,128,0,0]-[4,0,0,2097184,1024]
[0,0,67108864,0,0,1073741824,0,0,0,0,4096,0,0,128,0,0]-[0,16777281,0,128,0]
[32768,0,67108864,0,0,0,0,16,0,0,0,0,0,0,0,0]-[561152,16389,526848,128,0]
[0,0,0,0,0,0,0,0,0,0,0,0,8192,0,33554432,0]-[16778241,0,0,0,1024]
[0,1024,67108864,0,0,0,0,0,0,0,0,0,0,0,0,0]-[50855970,2457645,3222275608,19400066,49154]
[0,0,67108864,0,0,0,0,0,0,1024,0,0,0,0,0,0]-[115904524,272714296,340878904,2148316991,1624131]
[0,0,0,0,0,8192,0,0,0,0,0,0,262144,128,0,0]-[2097168,131072,538968067,65536,8192]
[0,0,67109888,0,0,0,0,0,1048576,0,0,0,0,128,0,0]-[0,0,32768,658,1028]
[0,33554432,67108864,0,0,0,0,0,134217728,0,0,0,0,128,0,0]-[64,67108864,4,0,524288]
[0,0,67108864,0,0,0,0,0,1048576,33554432,0,0,0,0,0,0]-[2147485696,33833252,4196360,528418,1574097]
[128,128,0,0,0,8192,0,0,0,0,0,0,0,128,0,0]-[1048576,97,0,0,0]
[0,0,0,0,0,64,1024,0,0,0,0,0,0,128,0,0]-[0,1050624,524288,536870912,0]
[0,0,4,134217728,0,0,0,0,1048576,0,0,0,0,0,0,0]-[2147483648,4194304,0,3221225472,0]
[0,0,0,0,0,0,0,0,1048576,0,4096,0,0,128,0,131072]-[4,0,786432,0,131072]
[128,0,0,0,0,0,0,0,0,0,0,0,0,128,0,256]-[16384,2048,40960,0,0]
[0,0,0,0,0,0,0,0,1077937152,0,0,0,0,0,0,0]-[0,0,17039360,16777220,0]
[130,0,0,0,0,4,0,0,135266304,0,0,0,0,128,0,0]-[16384,262400,0,0,524288]
[0,0,0,0,0,0,8192,0,0,0,0,0,16384,128,0,0]-[33554432,553648128,0,268435456,0]
[0,0,67108864,0,0,0,0,8,0,0,0,1073741824,0,0,0,0]-[4194306,0,0,4,64]
[0,256,0,0,0,0,0,0,0,0,0,32,0,128,0,0]-[33555456,262144,0,268435456,0]
[1024,0,0,0,0,0,0,8,0,0,0,0,0,0,0,0]-[4096,134479872,0,2097152,262144]
[0,32768,0,0,0,0,0,0,0,0,4096,0,0,0,0,0]-[528384,0,0,0,16392]
[0,0,0,0,0,0,0,0,0,0,4198400,0,1048576,0,0,0]-[2359297,67141632,0,66048,8]
[0,0,0,0,0,0,0,0,0,16,0,32,0,0,0,0]-[134348801,0,256,0,0]
[0,0,0,0,0,8192,0,0,4,0,0,0,0,0,0,0]-[0,16777472,0,1024,8193]
[0,0,0,0,0,4194560,0,0,0,0,0,0,0,0,0,0]-[256,65792,0,0,4096]
[0,0,67108864,0,0,0,0,0,0,0,0,0,16640,0,0,0]-[0,16777216,67108864,16777216,1]
[65536,0,0,0,0,256,0,0,1048576,0,0,0,1048576,0,0,0]-[0,33554432,0,69206272,0]
[8388608,0,0,0,0,0,0,0,0,0,4194304,0,0,128,0,0]-[8,0,0,1073741824,1048640]
[0,0,2,0,0,0,0,0,0,0,0,262144,0,0,0,0]-[72,8192,262144,0,0]
[0,0,1024,0,0,0,8192,0,0,0,0,0,0,0,0,0]-[131072,0,67108896,335544336,1]
[0,0,0,0,0,0,0,0,16777216,0,0,0,0,524288,0,0]-[4,557056,0,0,2048]
[0,0,0,0,0,0,64,0,1048576,0,0,0,0,0,33554432,131072]-[0,536871044,0,4194304,0]
[0,0,0,0,0,0,0,0,1048576,0,4096,0,0,0,0,256]-[327680,4194336,1107296320,33554432,0]
[0,0,67125248,0,0,8192,0,0,0,0,0,0,0,0,0,0]-[34078720,4,0,65536,0]
[0,0,71303168,0,0,0,0,0,1048576,0,0,0,0,0,0,0]-[2097152,0,33554432,134218752,0]
[0,0,0,0,32,0,0,0,0,0,4096,0,0,0,0,131072]-[512,67109120,0,131072,32]
[0,0,67108864,0,0,0,0,0,0,0,266240,0,0,0,0,0]-[25231360,139296,65536,66048,2]
[0,0,0,0,0,0,0,0,0,0,4,0,268435456,0,0,0]-[1073741825,0,134217730,0,0]
[128,0,0,0,0,256,0,0,1048576,0,0,0,0,536870912,0,0]-[262144,256,0,2147483648,64]
[0,0,0,0,0,8192,0,0,0,0,0,0,0,32,0,0]-[536870916,2147483648,556007424,0,2]
[0,0,0,0,0,0,8192,0,0,0,0,0,0,0,16384,0]-[1073741826,8,8192,0,0]
[0,0,67108864,0,0,33554432,0,0,0,0,4096,0,1048576,0,0,0]-[0,0,1342177280,294912,0]
[1073741824,0,0,0,0,8192,0,0,0,0,0,0,0,0,0,0]-[536870920,0,4,144,2]
[0,0,67108864,0,0,0,0,16777216,0,0,0,0,0,1048576,0,0]-[32,268435456,36,0,0]
[0,16777216,0,0,0,0,0,0,1048576,0,0,0,0,0,0,0]-[16908288,4160,151147625,1611797504,0]
[0,0,0,0,0,0,268435456,0,1048576,0,0,0,0,128,0,0]-[33947648,1074003968,1073741825,2101250,1048576]
[0,0,0,0,4194304,0,0,0,0,0,0,0,1048576,0,0,0]-[0,3584,805568512,1073741824,2]
[0,0,0,0,0,0,0,0,0,0,4096,0,0,2176,0,0]-[1,131072,0,268435464,0]
[0,0,67108864,0,0,0,0,16,0,16777216,0,0,0,536870912,33554432,0]-[0,268435456,512,0,2113536]
[0,0,0,0,0,256,64,0,1048576,0,0,0,0,32,0,0]-[0,0,0,536903744,128]
[0,33554432,0,0,4194304,0,0,0,0,0,0,0,0,0,0,0]-[17826320,0,1,0,0]
[0,0,0,0,0,0,0,0,1207959552,0,0,0,0,128,0,0]-[268435456,8388608,4,0,128]
[0,0,67108872,0,0,8192,0,0,1048576,0,0,0,0,0,0,0]-[2097152,4,32768,32769,128]
[256,8388608,0,0,0,64,0,0,0,0,0,0,0,0,0,0]-[536870928,0,0,0,6]
[1048576,0,1024,0,0,0,0,0,0,0,0,0,0,0,0,0]-[0,0,0,18,8194]
[64,0,0,0,0,0,0,0,16777216,0,0,0,1024,0,0,0]-[2080,0,8388608,0,512]
[0,0,0,0,32768,8192,0,0,16777216,0,0,0,0,0,0,0]-[0,2147483648,64,1,4096]
[0,0,67108864,0,0,0,0,0,0,0,4096,8,0,0,0,0]-[0,587202880,0,263424,0]
[0,0,67108992,0,0,0,0,0,0,0,0,0,262144,0,0,0]-[524288,1028,0,32,0]
[0,0,0,0,0,0,0,0,1048576,0,0,0,4259840,0,0,0]-[0,0,64,1074790402,0]
[0,0,0,0,0,0,1,0,0,0,0,0,0,536870912,0,0]-[0,4096,0,1249902608,520]
[0,0,0,4194304,67108864,0,0,0,134217728,0,0,0,0,0,0,0]-[0,8192,67108864,4,4096]
[0,0,0,0,0,0,0,16,0,0,4096,0,0,4,0,0]-[0,4,576,33554432,0]
[0,0,0,0,0,16,0,16,0,0,0,0,1048576,0,0,0]-[16384,512,0,16,4096]
[0,0,67108864,0,0,0,0,0,0,64,0,0,256,128,0,0]-[0,0,0,328192,4]
[0,0,0,0,0,256,0,0,134217728,0,0,16777216,0,0,0,0]-[0,8454144,20,0,0]
[0,0,0,0,0,0,0,0,1048576,0,0,8,0,192,0,0]-[0,1073742080,536870912,0,128]
[0,0,1140850688,0,0,0,0,0,0,0,0,0,0,2048,0,0]-[0,16384,2147483648,262144,524288]
[0,0,0,0,0,0,0,0,0,64,0,0,1048576,128,0,0]-[0,0,1048580,2048,524288]
[0,0,1073741824,0,0,0,0,0,1048576,0,0,0,0,128,0,0]-[33603584,0,8192,268437504,131076]
[64,0,0,0,262144,0,0,0,0,0,0,0,1048576,128,0,0]-[0,16779264,262144,67108864,0]
[0,0,262144,0,0,0,0,0,1048576,0,0,0,65536,0,0,0]-[0,0,128,8194,128]
[0,0,0,0,0,0,0,0,134217728,0,0,0,0,32768,0,0]-[0,65546,0,0,256]
[0,0,67108864,1024,0,0,0,0,0,0,4096,0,0,0,0,0]-[134217730,0,0,18,0]
[0,0,0,0,0,0,0,0,1048576,16777216,0,0,0,128,0,0]-[33570832,65536,537403392,0,0]
[0,0,67108864,0,0,0,0,0,1048576,512,0,0,0,0,0,0]-[37748736,2248146992,34079760,138969409,4]
[0,131072,0,0,0,0,0,16384,0,0,0,0,1048576,0,0,0]-[256,0,2,8388640,0]
[128,0,67108864,0,0,0,0,0,0,0,0,16384,0,128,0,0]-[33554496,268500992,0,0,0]
[1048704,0,0,0,0,0,0,0,1048576,0,0,0,0,0,0,0]-[393216,0,8192,301989888,4]
[0,0,0,4096,0,0,0,16,1048576,0,0,0,0,0,0,0]-[65536,0,786432,0,64]
[0,0,67108864,0,0,0,0,0,1048576,0,0,0,0,0,536870912,0]-[5,33554692,8,2149622032,20]
[0,256,67108864,0,67108864,0,0,0,0,0,0,0,0,0,0,0]-[8,2214600752,8192,0,16]
[0,0,0,0,0,0,64,0,0,0,67108864,0,0,0,4,0]-[0,0,590336,536870912,0]
[0,0,0,0,0,0,0,0,1048576,0,0,8,0,128,0,0]-[128,32,1073741824,0,131072]
[0,0,0,0,0,0,0,8,0,0,0,32,0,0,0,0]-[262660,262144,4608,134250496,0]
[0,0,0,0,67108864,8192,0,0,134217728,0,0,0,0,0,0,0]-[0,1342181376,0,128,0]
[0,0,0,0,67108864,0,0,8,0,0,4096,0,262144,0,33554432,0]-[0,4194560,1073741824,0,8]
[0,0,67108864,0,0,0,0,0,0,0,0,0,0,536870912,2048,0]-[2048,268435460,0,0,16384]
[0,0,67108864,0,4,0,0,0,1048576,0,0,0,1048576,0,0,0]-[16809984,512,8192,1048576,0]
[16777216,0,0,0,0,0,0,0,1048576,0,0,0,0,0,0,0]-[16,8388640,262144,2487223440,132180]
[0,0,0,0,1,0,0,0,0,0,0,0,0,128,0,0]-[1049088,336855040,1,16,0]
[0,0,67108864,0,0,0,0,0,0,0,0,0,0,128,262144,0]-[0,0,2097156,0,2228224]
[0,0,0,0,0,0,0,16777216,1048576,262144,0,0,0,0,0,0]-[0,1073758208,8,4096,0]
[0,0,67108864,0,67108864,16384,0,0,1048576,0,0,32,1048576,0,0,0]-[0,33554944,33554432,0,128]
[128,0,0,0,0,0,0,4,0,0,0,0,0,0,2048,0]-[67108864,0,0,196608,524288]
[0,131072,0,0,0,0,0,16,0,0,0,0,0,32768,0,0]-[0,32,2,0,1052672]
[0,0,536870912,0,0,0,0,0,0,0,0,0,0,2147483648,0,0]-[0,524288,40960,0,2097152]
[0,0,0,0,0,0,0,0,0,0,32,0,0,128,0,0]-[1048576,536872960,8324,75497608,8192]
[0,0,67108864,0,0,0,32,0,0,0,0,0,256,0,0,0]-[2147483648,0,0,851968,0]
[0,0,0,0,0,0,0,0,1048576,2048,0,0,1048576,0,0,0]-[0,0,33554432,2181038080,8192]
[0,1073741824,67108864,0,0,16384,0,0,0,0,4096,0,1048576,0,0,0]-[4097,0,0,256,128]
[0,0,67108864,0,0,64,0,262144,0,0,0,0,0,0,0,0]-[0,2048,4128,8192,0]
[0,0,0,0,0,272,0,0,0,0,0,0,1073741824,0,0,0]-[2147484672,0,0,2048,1024]
[0,0,0,0,0,0,0,16,1048576,0,262144,0,0,0,0,0]-[16,8388612,34816,0,8192]
[1073741824,0,67108864,0,0,0,0,16,0,0,0,0,0,0,33554432,0]-[0,268439552,2048,0,2113536]
[0,0,67108864,0,0,0,8192,0,4,0,4096,0,1048577,0,0,0]-[0,32768,33554432,512,2]
[128,0,67108864,0,536870912,0,0,0,0,0,0,0,0,0,0,0]-[4194368,0,0,8192,4]
[0,0,67108864,0,0,0,16,0,1048576,0,0,0,0,0,0,0]-[0,262176,1073750016,1057056,524544]
[0,0,67108864,0,0,0,0,0,16,0,0,0,1048576,0,0,0]-[0,4,16,34603520,17410]
[0,128,0,0,0,0,0,16,0,0,0,0,0,128,0,0]-[268566542,1048672,1073741824,1074006018,327808]
[0,0,0,0,0,8388608,0,16,1048576,0,0,0,0,0,0,0]-[0,16,0,33,8192]
[0,0,67108864,0,0,0,0,0,1048576,0,0,0,0,136,0,0]-[33554432,0,32800,528,64]
[0,0,8192,0,0,0,0,0,0,0,0,0,0,2147483776,0,0]-[1048704,262144,0,4,0]
[0,0,524288,0,0,0,0,0,1049600,0,0,0,0,128,0,0]-[17,0,32,512,0]
[0,0,0,0,0,0,32,0,0,0,0,0,1048576,0,0,0]-[2147746304,2147624960,604242442,524288,38024]
[0,256,0,0,0,0,0,0,0,0,0,0,64,0,0,0]-[320,0,1050624,0,0]
[0,0,0,0,0,0,0,0,0,2097152,0,0,64,1048704,0,0]-[512,268435456,1073741824,8388608,0]
[131072,0,0,0,0,0,0,0,0,0,0,0,1048576,0,0,0]-[134479872,4096,807403520,131074,2]
[2048,0,0,0,0,0,0,0,0,0,0,0,0,1048576,0,0]-[1048576,0,6144,262144,0]
[0,524288,67108864,0,0,0,0,0,0,0,4096,0,0,0,0,0]-[17301504,4194560,0,0,0]
[0,0,0,0,0,0,0,8192,0,0,0,0,1048576,0,0,0]-[49280,0,815792144,2172665856,2097226]
[0,16,0,0,0,256,0,16,1048576,0,0,0,0,0,0,0]-[2147483648,65536,0,201326592,0]
[0,0,0,0,0,256,0,0,32768,0,0,0,0,128,0,0]-[0,0,2147483776,0,36]
[0,0,0,0,0,16777472,0,16,0,0,0,0,0,8192,0,0]-[0,67108896,0,1,262144]
[0,0,0,0,0,0,4194304,0,135266304,0,0,0,0,0,0,0]-[0,1073758208,0,128,131072]
[0,0,16777216,0,0,0,0,0,0,0,0,0,270336,0,0,0]-[0,2,0,1280,1048576]
[0,0,0,0,67108864,0,8192,0,0,0,0,128,1048576,0,0,0]-[0,2147483648,9439232,0,0]
[0,0,67108864,0,0,0,0,16,0,0,0,32768,1048576,128,0,0]-[32768,67108896,0,0,128]
[0,0,67108864,0,0,0,0,0,1048576,0,0,0,1048577,0,0,0]-[0,0,0,524416,524289]
[0,0,0,524288,0,0,64,0,0,0,0,0,0,0,0,0]-[2424832,134217728,0,16777792,2]
[0,128,0,0,0,0,536870912,0,1048576,0,0,0,65536,0,0,0]-[65536,32,0,2050,0]
[0,0,0,0,0,0,0,16,0,0,0,0,16777216,0,0,0]-[525376,545341444,9445376,0,24577]
[1048576,0,0,0,0,0,0,0,134217728,0,0,0,0,0,33554432,0]-[0,128,134742016,64,0]
[0,0,67108864,32,0,256,0,0,0,0,0,0,0,0,0,0]-[2621440,32,8,0,0]
[0,0,0,0,0,0,0,0,1048576,4096,0,0,0,0,0,0]-[2149844992,37765156,541327456,939532800,1]
[0,0,0,2,0,8192,0,0,0,0,0,0,0,0,0,0]-[0,256,2,1024,16]
[0,0,0,0,0,8192,0,0,0,0,268435456,0,0,0,0,0]-[0,0,514,544,0]
[128,0,0,0,0,0,0,0,0,0,0,1073741824,0,0,0,0]-[1073741888,2048,0,2415919120,655360]
[0,0,67108864,0,0,67108864,0,0,0,0,0,0,0,0,0,0]-[2240284769,2197822504,2218788608,36966979,3145732]
[0,0,0,0,0,8388608,0,0,0,0,0,0,1048576,128,0,0]-[2052,1050624,0,268702208,0]
[0,0,0,0,0,8448,0,16,134217728,0,0,0,0,0,0,0]-[0,268435456,150995008,0,0]
[0,0,0,0,0,2048,0,0,0,0,4096,0,0,0,0,0]-[0,71566352,8388609,17408,32768]
[0,0,0,0,0,8388609,0,0,0,0,0,0,0,0,0,0]-[268435456,8192,524288,0,32768]
[0,128,0,131072,0,0,0,0,0,0,0,0,0,0,0,0]-[8388608,131072,1140850688,0,262144]
[0,0,0,0,0,0,0,0,134217728,0,0,2048,1048576,0,0,0]-[16384,9,2097152,0,0]
[0,0,0,0,0,8388864,0,0,1048576,0,0,0,0,128,0,0]-[0,1048576,8388609,67108864,0]
[0,0,67108864,512,0,256,0,0,1048576,0,0,0,0,0,0,0]-[262144,0,16777280,0,8192]
[0,0,67108864,0,0,0,0,0,0,0,4096,0,0,0,0,32]-[64,536870912,0,33587200,0]
[67108864,0,0,0,0,0,0,0,0,0,0,0,0,128,0,0]-[268435456,75497728,537395200,2112,2490368]
[0,0,67108864,16777216,0,0,0,0,65536,0,0,0,0,0,0,0]-[2,16384,2147483648,32768,0]
[0,0,0,262144,0,0,0,0,0,268435456,0,0,1048576,0,0,0]-[0,2097280,2,1073741824,0]
[0,67108864,0,0,0,256,8192,0,0,0,0,0,0,0,0,0]-[67174400,0,134217728,2048,0]
[0,0,0,0,0,256,0,0,135266304,0,0,0,1048576,128,0,0]-[0,8388608,0,4096,1088]
[0,0,67108864,0,0,8192,0,0,0,134217728,4096,0,0,0,0,0]-[0,553779208,0,0,0]
[0,0,0,0,2048,0,0,0,0,0,0,0,262144,0,0,0]-[512,262656,0,0,262144]
[0,128,0,0,0,2097152,0,16,0,0,0,0,0,0,0,0]-[0,0,136314880,4160,0]
[16384,0,0,0,0,0,0,0,0,0,0,0,262144,0,0,0]-[0,1073750016,33587200,0,0]
[524288,0,0,0,67108864,0,0,0,0,0,0,0,0,0,0,0]-[4278528,2,50331648,4202497,0]
[0,0,0,0,0,0,0,0,134217728,0,0,0,0,0,4194304,0]-[536870920,0,0,268451840,0]
[0,0,68157440,0,0,0,8192,0,0,0,0,0,0,0,0,0]-[2147483648,0,268435456,65600,0]
[128,0,16777216,0,0,0,0,0,0,0,0,0,4194304,0,0,0]-[545259552,0,16,0,0]
[8192,0,67108864,0,0,0,0,32,0,0,0,0,0,0,0,0]-[524288,0,0,20971584,0]
[0,16,0,0,0,0,0,0,0,0,0,32,0,0,0,0]-[0,0,268435456,134217856,512]
[0,0,0,0,0,0,0,0,0,0,0,0,1048576,0,0,16]-[134217984,0,67108864,536870912,0]
[0,0,0,0,0,256,64,0,0,0,4096,0,0,0,0,0]-[278528,131144,1073811968,131328,4224]
[0,0,67108864,0,0,0,64,0,0,0,4096,0,0,128,0,0]-[2099200,604110912,1073741824,4,128]
[0,0,0,0,0,8192,0,0,2097152,0,0,0,8,0,0,0]-[0,32768,16777216,16,2]
[0,0,67108864,0,0,0,0,16,1048576,0,0,32,0,0,0,0]-[2147483648,512,0,2181038080,0]
[0,0,0,0,0,8192,0,0,0,0,4096,0,0,0,128,0]-[2097152,2147483648,0,0,16392]
[0,0,0,0,0,0,0,1056768,0,0,0,0,0,0,0,0]-[128,0,32768,16384,64]
[0,0,67108992,0,0,0,1048576,0,0,0,0,0,0,0,0,0]-[524288,4,0,32768,16]
[0,0,0,0,0,0,0,64,16777216,0,0,0,0,0,0,0]-[512,0,0,8192,2097153]
[0,0,0,0,0,0,0,0,2,0,0,0,0,128,0,0]-[1067147,536870912,1613234176,75501696,65536]
[0,128,0,0,0,256,0,0,134217728,0,4096,0,0,0,0,0]-[268435456,0,1073741840,268435712,0]
[0,0,0,0,0,64,0,0,0,0,0,0,0,536871040,0,0]-[2128,1073743872,0,64,132]
[0,0,67112960,0,0,0,0,0,1048576,64,0,0,0,0,0,0]-[0,0,4718592,256,1]
[0,0,75497472,0,0,0,0,8,0,0,4096,0,262144,0,0,0]-[4096,0,1073741824,262144,128]
[0,0,0,0,0,0,0,0,0,0,4,0,0,33554432,0,0]-[0,128,1024,1073741832,0]
[0,0,0,0,0,0,0,0,1048576,0,0,0,0,128,0,32]-[16384,0,0,2048,9216]
[128,0,67108864,0,32768,0,0,0,0,0,0,0,1048576,128,0,0]-[0,2147491856,67108864,0,0]
[0,0,0,0,0,0,8,65536,0,0,0,0,0,0,0,0]-[16,0,4,4194304,64]
[128,0,67371008,134217728,0,0,0,0,0,0,0,0,0,0,0,0]-[0,268435456,16384,16842752,0]
[0,0,67108864,0,0,0,0,64,0,0,0,0,1048576,0,0,0]-[8388610,2415919169,22528,2147553284,33792]
[0,0,0,0,0,0,0,0,0,0,0,0,0,1048577,0,0]-[67108864,32768,263168,0,0]
[0,0,0,0,0,0,0,0,512,0,0,0,262144,0,0,0]-[8,0,4096,64,262144]
[268435456,32768,0,0,0,0,0,0,0,0,0,0,0,0,8,0]-[16,32,4,4194304,0]
[128,0,0,0,0,0,0,0,0,8192,0,0,0,0,0,0]-[1074003968,262144,0,2147483648,0]
[0,0,0,0,0,0,0,0,0,0,4096,0,4096,0,0,0]-[134283266,0,2147549184,1073790984,8]
[256,0,67108864,0,0,0,8208,0,16777216,0,0,0,0,0,0,0]-[4718592,0,0,2147483648,64]
[0,0,0,0,0,0,64,0,0,0,0,0,0,256,0,0]-[0,0,1073745920,536870912,2048]
[0,0,0,65536,0,0,0,0,0,0,0,0,1048576,0,0,0]-[268567488,9453591,169873408,2233090576,2187336]
[0,0,0,0,0,16,0,0,0,64,4096,0,1048576,0,0,0]-[0,40,134217728,512,0]
[0,0,0,16384,0,8388608,0,0,0,0,0,0,0,0,1048576,0]-[0,0,8912896,0,1064960]
[0,0,1073741824,0,0,0,0,0,0,0,0,0,0,0,4,0]-[0,0,268435460,32768,8192]
[0,0,67108864,0,0,0,0,0,0,0,0,0,67108864,128,0,0]-[2097216,32,532512,262144,524288]
[0,0,0,0,0,0,4,0,0,0,0,0,0,32,0,0]-[0,272629776,16777280,2097164,0]
[128,0,0,0,0,0,0,0,0,0,4096,0,0,2048,0,0]-[0,163840,0,0,10]
[0,0,67108864,131072,0,0,0,536870912,0,0,0,0,0,0,0,0]-[4194304,2097152,33554432,2097152,0]
[0,0,0,32768,0,0,0,0,134217728,0,0,0,0,0,0,0]-[0,1048640,4,256,0]
[128,0,0,0,33554432,0,0,0,33554432,0,0,0,0,131072,0,0]-[67108864,65536,0,16384,131072]
[0,0,67108864,0,0,0,0,0,0,0,0,32,1048576,128,0,0]-[33588802,16777216,2,405012628,2261184]
[0,0,0,0,0,256,0,0,0,0,0,32,1048576,0,0,0]-[1049152,269484032,402722816,2149582848,143424]
[0,16777216,0,0,0,8192,0,0,0,0,0,0,8,0,0,0]-[536870912,0,2097152,1,128]
[0,0,0,0,0,8192,0,0,402653184,0,0,0,0,0,0,0]-[1048576,524288,67108864,0,4]
[0,4194304,67108864,0,0,0,0,0,0,16384,0,0,0,0,0,0]-[0,2097152,2097168,64,0]
[0,0,67108864,0,0,0,0,0,537919488,0,0,0,0,128,0,0]-[0,0,32768,4162,0]
[0,0,0,0,0,8388608,0,0,0,0,0,16777216,0,128,0,0]-[268435456,0,524288,67108864,1048576]
[0,0,0,0,0,8192,33554432,0,0,0,0,8192,0,0,0,0]-[65544,0,0,1073741825,0]
[0,0,0,0,0,8192,0,8,0,0,0,0,262144,0,0,0]-[4194304,0,134217728,0,136]
[0,0,67108864,0,0,8388608,0,0,0,0,0,2147483648,0,0,0,0]-[0,2048,16896,0,64]
[0,0,67109888,0,0,0,0,8,1048576,0,0,0,0,0,0,0]-[0,0,34816,2,1]
[0,0,0,1024,0,0,0,0,0,0,8192,0,0,0,0,0]-[0,0,4195328,0,96]
[0,0,0,0,0,0,0,0,1064960,0,0,0,1048576,128,0,0]-[0,0,0,536873024,524288]
[0,0,0,0,0,536870912,0,0,0,0,4096,0,262152,0,0,0]-[8454144,0,8404992,0,0]
[2176,0,0,65536,0,0,0,0,0,0,0,0,0,128,0,0]-[33554432,2048,131072,65536,0]
[0,0,0,8388608,0,0,0,0,1048576,0,0,0,8,0,0,0]-[256,16,128,0,256]
[0,0,0,2048,0,0,0,0,0,0,4096,0,0,0,0,0]-[268439552,67272712,8405072,268469376,32]
[0,0,67108992,0,0,0,67108864,0,0,0,0,0,262144,0,0,0]-[0,18432,256,0,524288]
[0,0,0,0,131072,0,0,0,0,0,67108864,0,0,0,0,0]-[16384,8192,0,0,1028]
[0,0,0,0,0,256,0,0,0,0,0,0,0,128,0,512]-[0,1048576,4,4096,131072]
[0,0,0,0,0,0,0,0,0,0,0,65536,0,0,0,16]-[1073742336,0,4096,0,4]
[0,0,0,0,0,0,0,0,0,0,2,0,1048576,0,0,0]-[42090496,16779264,4194304,2099208,530432]
[0,0,67108864,0,0,0,0,0,0,0,0,1048576,0,0,0,0]-[2181038090,18688,68608,35430720,17558]
[0,0,67108864,0,0,0,8,0,0,0,0,0,0,536870912,0,0]-[0,4100,0,17825793,81924]
[0,0,0,32,0,0,64,0,0,0,4096,0,0,0,0,0]-[264192,8,1073741824,0,0]
[0,0,67108864,0,0,0,8192,0,0,0,4096,0,0,1,0,0]-[0,32776,0,128,2097152]
[128,0,0,0,0,0,0,0,1073741824,0,0,0,0,0,0,0]-[8520256,536870912,2147484672,0,262144]
[2147483648,0,335544320,0,0,0,0,0,0,0,0,0,0,0,0,0]-[0,536870912,8196,0,16384]
[0,0,0,0,16384,0,0,0,0,0,0,32,0,0,0,0]-[2415919112,0,67108864,0,0]
[0,0,0,0,0,0,0,268435472,1048576,0,0,0,0,0,0,0]-[16779264,0,786432,0,0]
[0,0,0,0,0,0,0,0,1048576,0,4096,0,1048576,128,0,0]-[2375681,32,4097,67129856,16514]
[0,0,67108864,0,0,0,0,0,0,0,134217728,0,0,128,33554432,0]-[4,32,2147483648,262144,0]
[0,0,0,0,0,0,0,0,0,0,0,0,256,0,67108864,0]-[524288,0,4227072,268435456,0]
[0,0,67108864,0,0,0,0,0,0,0,0,2048,134479872,0,0,0]-[0,4096,0,2098176,1048576]
[0,0,0,128,0,0,64,0,0,0,0,0,0,0,0,0]-[2048,131272,65696,0,0]
[0,0,0,0,0,0,0,8,1572864,0,0,0,0,0,0,0]-[0,1064960,0,16,524288]
[0,0,0,0,0,262144,0,16,0,0,0,0,0,0,0,0]-[542113793,4610,1210058772,805355656,64]
[0,0,0,0,0,16384,0,0,0,0,0,0,0,0,32768,0]-[4096,0,0,263168,8192]
[64,0,0,0,0,0,0,0,0,0,0,0,0,128,0,0]-[1312769,563218432,1074290822,8652804,9216]
[0,0,0,0,0,0,0,16,0,0,0,0,16384,0,0,0]-[67146240,536870912,536907778,2147483681,0]
[2148007936,0,0,0,0,0,0,0,0,0,0,0,0,0,0,0]-[256,17,8192,0,0]
[0,0,0,0,0,0,0,0,1048576,0,0,0,0,0,131072,4]-[32768,0,2048,1073741952,0]
[0,0,67108864,0,0,8192,8192,0,0,0,4096,0,0,0,0,0]-[0,2147516416,0,262272,2]
[0,0,4096,0,0,0,0,0,0,0,0,0,8,0,0,0]-[0,1049096,128,0,0]
[0,128,67108864,0,0,0,0,0,0,0,0,33,0,0,0,0]-[0,2164260864,0,35651584,0]
[536871936,0,0,0,0,0,0,0,0,0,0,0,0,0,0,0]-[262144,4096,0,538968064,0]
[0,0,2097152,0,0,0,64,0,0,0,0,0,0,0,0,0]-[16384,0,0,4,6144]
[0,0,67108864,0,0,0,0,0,0,0,0,0,0,16384,0,0]-[23167017,2684358944,10768,157286532,1048599]
[256,0,0,0,0,8388608,0,0,0,0,0,0,0,0,0,0]-[402653184,1048576,524288,0,0]
[4194304,0,0,0,0,256,8192,0,1048576,0,0,0,1048576,0,0,0]-[2147483648,128,96,0,0]
[1048576,0,0,0,0,8192,0,0,1048576,0,0,0,0,128,0,0]-[32768,536870912,8192,268435456,0]
[0,0,0,0,0,0,0,0,142606336,0,0,0,0,0,0,0]-[16779776,32,67108865,0,129]
[0,0,0,0,0,0,0,0,16777216,0,0,0,0,0,16,0]-[134217808,2,384,16777344,1048576]
[0,0,67108864,0,67108864,0,0,0,16777216,0,0,0,0,0,0,0]-[0,0,65568,4224,0]
[0,0,0,0,0,128,0,0,1048576,0,0,0,0,0,0,0]-[2183152032,1114114,1635811457,1191215552,1597697]
[0,0,0,0,32,0,0,0,0,0,4096,0,1048576,0,0,0]-[512,2147483648,1082146816,32768,0]
[0,0,0,0,0,16777216,0,0,0,0,0,0,8,0,0,0]-[335544320,32768,8194,524304,2]
[0,0,0,0,4194304,0,0,0,0,0,0,256,0,0,0,0]-[0,64,0,33587200,262144]
[0,0,0,0,0,0,0,16,0,0,0,0,0,128,33554432,0]-[32784,2048,538968066,134217776,0]
[0,0,0,0,67108864,8192,4194304,0,0,0,0,0,0,0,0,0]-[12,0,64,0,4096]
[0,128,0,0,0,0,0,0,1048576,0,0,0,16842752,0,0,0]-[65536,0,0,2050,128]
[0,33554432,67108880,0,0,0,0,0,0,0,0,0,0,0,0,0]-[0,0,17424,512,0]
[0,0,603979776,0,0,0,0,0,1048576,0,0,0,0,16384,0,128]-[16777216,0,10240,0,1024]
[0,0,67108864,0,0,0,0,0,0,0,128,0,0,0,0,0]-[250085418,2789570624,3531182112,153727030,3152]
[0,0,0,16,0,0,0,0,1048576,0,0,0,1048576,0,0,0]-[16941056,4,0,0,0]
[0,0,0,0,0,64,0,16,1048576,0,0,0,0,0,0,0]-[2147534864,1049104,8915072,2147491905,128]
[0,0,0,0,0,0,0,0,0,0,0,0,0,128,268435456,0]-[268469265,395328,1075478532,201392128,820224]
[0,0,0,0,0,536870912,0,0,0,0,0,4,0,0,0,0]-[134283264,256,0,1073741824,0]
[0,0,0,134217728,0,0,0,0,0,0,0,0,1048576,128,0,0]-[2097152,8388608,2097152,4096,0]
[0,0,67108864,32,0,0,0,0,1048576,0,0,0,512,0,0,0]-[0,0,1073741824,33554944,64]
[0,0,67108864,0,0,2147483648,0,0,1048576,0,0,134217728,0,0,0,0]-[2147483648,536871168,0,0,256]
[128,0,0,0,0,0,0,16,0,0,0,134217728,0,128,0,0]-[16384,2048,0,96,0]
[0,0,0,0,32768,0,0,0,0,0,0,0,8,0,0,0]-[4456456,536870912,0,0,0]
[0,0,67108864,0,0,0,0,0,16777216,0,0,524288,0,0,0,0]-[134217730,0,2147483648,16777216,128]
[0,0,67108864,0,0,0,0,0,256,0,0,0,1048576,0,0,0]-[0,20544,1073743872,4194304,384]
[0,0,0,0,8388608,8192,0,0,0,0,0,0,0,0,0,0]-[512,524288,16384,0,4]
[128,0,0,0,0,0,0,0,0,0,0,67108896,0,0,0,0]-[134217728,0,32768,33554432,32]
[0,0,0,0,512,0,0,16,0,0,0,0,0,0,0,0]-[524288,0,16810242,2147483680,128]
[0,0,0,0,0,33554688,0,0,0,0,0,0,0,0,0,0]-[1073758209,1048840,16,294976,524288]
[128,0,67108864,0,0,0,64,0,0,0,4096,0,262144,0,0,0]-[0,604110848,0,0,2]
[0,0,67108864,0,0,0,0,0,0,0,0,0,1048576,0,16,0]-[0,16,16644,128,0]
[0,0,67108864,0,0,0,0,8,0,0,0,0,0,0,262144,0]-[1,0,0,0,2097172]
[0,0,67108864,8192,0,0,0,0,0,0,1073741824,0,0,0,0,0]-[0,2048,512,40960,2097152]
[0,131072,0,0,0,0,0,0,1048576,0,0,0,0,0,0,0]-[271712512,402654080,1073750020,6291504,9217]
[0,0,67108864,33554496,0,0,0,0,0,0,0,0,0,0,0,0]-[32,49152,0,4096,0]
[0,2,67108864,0,0,0,0,0,0,0,0,0,0,0,0,0]-[2304770080,2701527304,1342770216,21049409,2637968]
[0,0,0,0,0,0,0,0,0,0,0,0,262144,536870912,0,0]-[48,16824333,2113664,0,139776]
[0,0,67108864,0,0,0,0,8,0,0,4096,0,16777216,128,0,0]-[0,17039360,0,0,65664]
[0,8192,0,0,0,0,0,0,16777216,0,0,0,0,128,0,0]-[128,0,9437184,1073741824,0]
[0,0,67108864,0,0,0,0,0,1048576,524288,0,0,0,128,0,0]-[2053,0,0,64,0]
[0,0,0,0,0,0,8192,0,0,0,0,0,2097152,0,0,0]-[8192,0,516,67108864,16]
[0,0,0,0,0,0,0,0,4,4194304,0,0,0,0,0,0]-[4194304,256,0,512,8]
[0,512,0,0,0,256,0,0,1048576,0,0,0,0,128,0,0]-[131072,0,1073741824,2048,1024]
[0,0,0,0,0,0,1,0,0,0,0,0,8,128,0,0]-[128,67108864,0,2048,524288]
[0,0,0,0,0,0,0,1048592,0,0,0,0,0,0,0,0]-[167772160,131072,0,262144,67072]
[0,0,67108864,0,0,0,0,0,0,0,1048576,0,262144,0,0,0]-[2097152,553697284,256,2097408,0]
[0,0,0,0,0,0,0,0,1048576,0,4096,16777216,0,128,0,0]-[4,0,262144,2097184,0]
[0,0,0,0,0,256,0,0,0,0,0,0,0,4,0,0]-[268435472,0,2097152,0,4096]
[0,268435456,0,0,0,0,0,0,134217728,0,0,0,0,536870912,0,0]-[536870912,134217728,8388616,0,0]
[0,0,67108864,1048576,0,0,0,0,0,0,0,0,1048576,0,0,0]-[2,268435968,0,0,65536]
[0,16384,0,0,0,0,0,0,1048576,0,0,0,0,0,0,0]-[16777488,512,16777216,4194307,0]
[0,0,0,0,1,0,0,8,0,0,0,0,0,0,0,0]-[0,2048,160,0,2048]
[0,0,67108864,0,67108864,0,0,0,0,0,0,0,16,0,0,0]-[0,8,1024,32,256]
[0,0,16384,0,0,0,0,0,0,0,0,0,0,0,0,16384]-[1073741840,0,0,256,512]
[0,0,67108864,0,0,0,0,512,0,0,0,0,0,128,0,0]-[64,0,1073741856,0,4]
[0,0,0,0,0,64,0,0,0,0,0,0,1048576,128,0,0]-[268583619,68159489,10493952,8388612,328932]
[0,0,0,0,0,256,0,512,0,0,0,0,0,0,0,0]-[67108928,0,1073741825,2147483648,4096]
[0,8192,67108864,0,0,0,0,0,0,0,0,0,1048576,128,0,0]-[1,67108864,8192,0,65536]
[67108864,0,0,0,0,0,0,0,0,16,0,0,0,0,0,0]-[0,0,536870929,0,65536]
[0,0,67108864,8192,0,256,0,0,0,0,4096,0,0,0,0,0]-[2097152,32,512,32768,0]
[0,0,67108864,0,0,0,0,0,16777216,1024,0,0,0,0,0,0]-[0,2147483680,1024,8,0]
[0,0,0,0,0,0,0,0,0,0,4096,0,0,0,0,1024]-[1073742336,0,16,16384,0]
[0,0,0,0,0,8192,0,0,0,0,4096,8388608,1,0,0,0]-[1074003969,0,0,256,0]
[0,0,0,0,0,8192,0,0,0,0,0,8388608,0,0,0,0]-[256,2147516416,528448,8388608,0]
[0,0,0,0,0,0,0,0,0,0,64,0,262144,0,0,0]-[0,32770,553648386,0,2]
[0,0,67108864,0,0,0,0,0,0,0,0,0,0,2,0,256]-[0,131080,2097152,0,524288]
[128,0,0,0,0,0,0,0,134217728,0,0,0,1048576,0,0,0]-[512,0,8388608,1073741824,256]
[0,0,67108864,0,0,0,64,0,0,0,0,0,8,0,0,0]-[33556480,532,590848,525312,384]
[0,256,0,0,0,16777216,8192,0,0,0,0,0,0,0,67108864,0]-[268959744,524288,2147483648,0,0]
[0,0,0,0,0,0,0,0,0,0,0,1,4,0,0,0]-[8,2359424,0,0,0]
[0,0,83886080,512,0,0,0,0,16777216,0,0,0,0,0,0,0]-[0,2048,1048576,0,2050]
[0,0,67108864,0,0,8192,0,262144,0,0,0,0,0,0,0,0]-[8454144,536875008,4726784,16,0]
[0,0,67108992,0,0,256,0,0,0,64,0,0,0,0,0,0]-[524296,0,512,0,16384]
[128,0,0,0,0,0,0,0,1048704,0,0,0,1048576,128,0,0]-[33554432,0,0,1073741952,524288]
[0,0,0,0,0,0,0,0,0,0,0,262144,0,0,134217728,0]-[0,1073741832,33554432,0,2097152]
[8388608,0,0,0,0,0,0,0,0,524288,0,0,0,0,0,0]-[16781320,545259520,0,1073741824,2097152]
[0,0,67108864,0,0,256,0,0,262144,0,4096,0,0,0,0,0]-[0,32832,0,65664,0]
[128,0,0,0,0,0,0,0,135266304,0,0,0,0,536871040,0,0]-[0,65792,0,1073741840,0]
[0,8388608,0,0,0,0,0,0,0,0,0,0,2147483648,0,0,0]-[262144,0,3,32768,0]
[0,0,524288,0,0,0,64,0,0,0,0,16777216,0,0,0,0]-[1048576,536871040,128,0,0]
[0,0,0,0,0,0,0,0,0,0,4096,0,1048576,0,4,0]-[2048,131104,268435456,272924672,16392]
[0,0,67108864,0,0,0,0,0,1048576,0,4096,8388608,1048576,0,0,0]-[1,33554436,0,256,0]
[0,0,67108864,0,0,0,0,0,0,0,0,524288,16,0,0,0]-[0,0,0,16777250,128]
[0,2147483648,0,0,0,0,0,0,134217728,0,4096,0,0,0,0,0]-[65536,67108864,16,16384,0]
[0,0,0,0,0,0,0,0,0,131072,0,0,1048576,0,0,0]-[33554432,70,1,268435456,33024]
[0,2097152,0,0,0,0,0,0,0,64,0,0,0,128,0,0]-[268435456,0,0,4226,0]
[0,0,67108864,0,0,0,16384,0,0,0,0,0,0,536870912,0,0]-[32,262144,2147483648,1024,0]
[2048,0,0,0,0,0,0,0,0,0,4096,0,1048576,0,0,0]-[2097152,0,33554448,67108864,32768]
[0,0,0,0,1,0,0,0,135266304,0,0,0,0,0,0,0]-[4,1342177280,2048,0,0]
[0,0,0,0,0,0,0,2,0,0,0,0,262144,0,0,0]-[16809992,0,0,16384,0]
[32768,0,0,0,0,0,64,0,0,0,0,0,0,0,0,0]-[0,16,805306368,0,2097152]
[0,0,1140850688,0,0,0,64,0,0,0,0,0,0,0,0,0]-[2,0,0,1024,260]
[0,0,67108866,0,0,0,0,0,0,0,0,0,0,128,0,0]-[76,67110976,0,0,3145728]
[0,0,1024,0,0,0,0,0,0,0,0,0,0,128,4,0]-[2048,0,2097152,268435456,8192]
[0,0,0,0,0,0,8,16,0,0,0,0,0,0,0,0]-[16448,1054720,8553218,2415921152,1056768]
[0,0,67108864,0,0,0,0,0,0,0,0,0,1114112,128,0,0]-[0,2048,2097152,512,2097152]
[0,0,67108864,0,16384,0,0,0,134217728,0,0,0,1048576,0,0,0]-[0,16,512,2,4]
[0,0,0,8388608,0,8192,0,0,0,0,0,0,0,128,0,0]-[671088640,8192,0,1,0]
[0,268435456,262144,262144,0,0,0,0,0,0,0,0,0,0,0,0]-[536870916,16,536870912,0,0]
[0,0,67108864,0,0,0,0,0,0,0,0,0,1310720,0,0,0]-[6389762,2235619397,1382043668,40182022,1117190]
[0,0,67108864,0,256,0,0,0,1048576,0,0,0,1048576,128,0,0]-[1,268435456,0,134217728,1048576]
[0,0,0,0,0,64,0,0,1048576,0,0,1024,0,0,0,0]-[2048,128,0,0,68]
[0,0,0,0,0,0,0,16,1048576,0,0,0,0,0,8,0]-[0,16384,262144,4195328,0]
[0,0,0,0,0,0,0,0,0,0,4097,32,0,128,0,0]-[512,0,0,327808,0]
[0,0,0,0,262144,4194304,0,0,1048576,0,0,0,0,0,0,0]-[2147483648,0,4194304,268435712,0]
[0,0,0,0,0,67108864,0,0,0,0,512,0,0,128,0,0]-[8388608,128,768,0,0]
[0,0,0,0,0,0,0,8,2,0,0,0,0,0,0,0]-[4098,134217728,134217728,0,64]
[0,0,0,0,0,0,0,0,0,0,8,0,0,0,134217728,0]-[48,128,0,67108864,0]
[0,0,67108864,0,0,0,0,0,1048576,0,524288,0,0,0,0,0]-[2162689,570425344,16,8338,1024]
[0,0,67108864,0,0,0,64,8,0,0,4096,0,0,0,0,0]-[0,131072,1073746432,32772,128]
[0,128,0,0,0,0,0,16,135266304,0,0,0,0,0,0,0]-[0,1048576,8388608,256,128]
[0,0,0,0,0,64,0,0,0,0,0,16777216,0,128,0,0]-[0,32,2147614720,512,0]
[0,0,0,0,0,0,0,0,16777216,0,0,262144,1048576,0,2048,0]-[0,269484032,0,33685504,0]
[0,1073741824,67108864,0,0,0,0,0,0,0,0,0,0,16384,0,0]-[2147483648,1,268435456,0,2]
[0,0,67109376,0,67108864,0,0,0,0,0,4096,0,0,0,0,0]-[0,2147483648,4608,512,0]
[0,0,67108864,0,0,0,0,0,1048576,0,0,1,0,0,0,0]-[2097156,536870928,1073741824,1049088,131072]
[0,0,0,0,536870912,64,0,0,0,0,0,0,256,0,0,0]-[0,4194306,0,0,16385]
[0,0,67108864,0,67108992,0,0,0,0,0,1048576,0,1048576,0,0,0]-[0,49152,0,1048576,2097152]
[2,0,0,0,0,0,0,16,1048576,0,16777216,0,0,0,0,0]-[1048576,3,4,0,0]
[0,0,0,0,0,0,0,0,1048576,0,0,0,4,128,0,0]-[264340,0,8421376,67108864,0]
[0,0,0,0,0,0,0,8,16777216,0,0,32,0,0,0,0]-[268435456,16384,0,8192,2097152]
[128,0,67108864,0,0,256,0,0,0,0,0,0,0,0,0,0]-[201328641,270830912,549896,16883963,1704272]
[0,0,67108864,33554432,0,256,0,0,16777216,0,4096,0,0,0,0,0]-[524288,0,16896,0,128]
[0,0,67108864,0,0,0,1073741824,0,0,0,0,0,0,0,1073741824,0]-[0,4194304,8192,2097152,2]
[0,0,0,0,0,8448,0,0,1048576,0,0,0,1048576,128,1024,0]-[65792,0,16777280,0,0]
[128,0,67108864,0,0,0,0,0,0,0,4096,0,0,64,0,0]-[0,32832,0,0,2097154]
[0,0,0,0,0,0,0,0,4,0,4096,0,0,128,0,0]-[262144,67109120,1073741826,18,131072]
[0,0,67108864,0,1073741824,0,0,1073741824,0,0,524288,0,0,0,0,0]-[0,536875008,0,33554432,64]
[0,0,0,0,8,256,0,0,0,0,0,0,0,0,0,0]-[3145737,0,8389120,553926912,16384]
[0,0,0,0,0,0,1048576,0,0,0,0,0,0,536870912,0,0]-[1056770,1073741840,1040,294928,0]
[0,0,67108864,0,8,0,0,0,0,0,0,0,0,128,0,0]-[33554432,822083584,0,266240,557056]
[0,0,0,0,0,0,8320,0,0,0,0,0,0,0,0,0]-[33554433,8192,84148736,65888,1049096]
[128,0,0,0,0,256,0,0,0,0,0,0,1048576,536871040,0,0]-[262208,65536,0,0,64]
[0,0,83886592,0,0,0,0,0,0,0,0,0,0,536870912,0,0]-[4096,0,0,294912,1]
[0,0,67108864,0,0,0,134217792,0,0,0,4096,0,0,0,0,262144]-[0,131080,1073807360,0,0]
[0,2097152,0,0,0,0,32,0,0,0,0,0,0,0,0,0]-[2097152,0,2048,0,262656]
[0,0,0,0,0,0,8192,0,2147483648,0,0,0,1048576,0,0,0]-[0,16384,1,2147483648,4096]
[128,0,0,0,0,0,0,0,0,0,0,0,0,0,262144,0]-[536870912,96,32768,24576,266240]
[67109120,0,0,0,0,0,0,0,0,0,0,0,0,0,0,0]-[272629760,536870912,0,4096,0]
[0,0,0,0,0,64,32768,0,0,0,0,0,0,0,0,0]-[16,33556610,8193,2147483648,1]
[8388608,0,0,0,0,0,0,0,262144,0,0,0,0,128,0,0]-[8,1610612736,2,0,0]
[0,0,2214592512,0,0,256,0,0,16777216,0,0,0,0,0,0,0]-[524288,16777216,512,1,0]
[0,0,83886080,0,0,0,0,0,0,0,0,0,262144,128,0,0]-[0,536872960,0,65568,0]
[0,0,0,0,0,0,64,0,4,0,0,0,0,0,33554432,0]-[1048576,0,1073741824,0,2050]
[0,0,67108864,0,0,8192,0,0,0,0,0,16384,0,0,0,0]-[0,96,0,524288,1024]
[0,0,67108992,8388608,0,0,0,0,0,0,0,0,0,0,0,0]-[134217728,0,2147483648,512,1]
[0,0,0,0,0,64,0,0,1048576,0,4194304,0,0,0,0,0]-[0,0,16,134219778,0]
[1073741824,0,0,0,0,0,0,0,0,0,4096,0,0,128,0,0]-[263232,268435456,1572864,262144,2097152]
[0,0,0,0,0,0,0,0,1048576,512,0,0,0,128,0,64]-[2113552,0,0,268435456,0]
[256,0,0,0,0,64,0,0,0,0,0,0,0,0,0,0]-[8192,0,128,0,6]
[0,0,0,0,1048576,0,0,0,0,0,0,0,0,0,0,256]-[1048576,8,0,2,128]
[0,0,0,0,0,32,0,0,4,0,0,0,1048576,0,0,0]-[1048576,67125248,0,512,0]
[0,0,0,0,2048,0,8192,0,1048576,0,0,0,0,0,0,0]-[0,544,12582912,0,0]
[0,0,0,0,0,256,4096,16,0,0,0,0,0,0,0,0]-[16,0,16912448,2147483904,0]
[0,67108864,0,0,0,0,0,0,0,0,0,0,0,1024,0,0]-[512,0,1024,8388608,1]
[128,0,0,0,0,0,0,8,0,0,0,0,1048576,128,0,0]-[0,268500992,0,65536,32]
[536870912,0,0,0,0,8192,0,16,0,0,0,0,0,0,0,0]-[0,1048584,512,0,8192]
[0,0,0,0,0,0,0,0,0,0,4096,131072,0,128,0,0]-[513,67108865,0,0,0]
[128,0,2214592512,0,0,0,0,0,0,0,0,0,0,0,0,0]-[0,67108881,0,0,1]
[0,0,0,0,67108864,0,8192,0,0,0,0,1073741824,0,0,0,0]-[0,0,16777760,4096,0]
[0,0,0,0,17301504,0,64,0,0,0,0,0,0,0,0,0]-[20979712,0,0,2048,0]
[0,0,0,2048,524288,0,0,0,0,0,4096,0,0,128,0,0]-[268435456,0,1073741824,268435456,2097152]
[128,0,0,0,0,0,0,0,1048576,0,1073741824,32,0,0,0,0]-[0,0,0,272629760,131136]
[0,0,0,256,0,0,0,268435456,2147483648,0,0,0,0,0,0,0]-[536870912,0,540672,0,512]
[0,0,0,262144,0,0,0,0,0,1024,0,0,0,0,0,0]-[0,0,48,2048,65536]
[1073741824,0,67108864,0,0,0,0,0,0,0,0,2,0,128,0,0]-[8,1024,0,144,0]
[0,0,0,0,0,0,1048576,0,0,0,0,0,0,0,0,64]-[0,0,0,1090527232,32768]
[0,0,0,0,131072,0,0,0,0,0,0,0,0,128,0,0]-[33555991,604113985,3766632580,1140852990,1320160]
[0,0,0,33554432,0,134217728,0,0,8388608,0,0,0,0,0,0,0]-[64,33554432,0,2049,0]
[0,0,0,0,0,256,16777216,0,0,0,0,2,65536,128,0,0]-[0,65536,131072,268435456,1024]
[0,0,67108866,0,0,64,0,0,134217728,0,0,0,0,536871040,0,0]-[2112,2048,0,0,128]
[0,0,83886080,0,0,0,0,0,0,0,0,0,0,32,0,0]-[0,268437504,268435456,0,1048576]
[1024,0,0,0,0,0,64,0,1048576,0,0,0,0,0,0,0]-[0,1310736,8192,0,0]
[0,0,67108864,262144,0,0,0,0,0,0,0,0,1048576,512,0,0]-[0,520,0,4194320,0]
[0,0,0,0,4,0,0,0,0,0,0,0,0,128,0,0]-[0,0,8388608,67108864,66560]
[0,0,134217728,0,0,0,8192,0,0,0,33554432,0,0,0,0,0]-[0,536870912,67371008,2048,0]
[128,0,0,67108864,0,0,0,0,0,0,0,0,0,0,0,0]-[131072,1024,33555456,0,0]
[0,0,0,0,0,0,2147483648,0,0,0,4096,0,0,0,0,0]-[1074545217,553656324,192,262656,81952]
[0,0,16384,0,0,0,0,0,0,0,0,0,1048576,536870912,0,0]-[1064960,4,0,16,0]
[128,0,0,0,0,0,0,0,0,0,0,0,0,536870944,0,0]-[262144,65536,1024,64,0]
[0,0,67108864,0,0,0,0,1073741824,0,0,0,0,0,536870912,0,0]-[0,8704,33570816,0,0]
[0,256,0,0,0,256,8192,16,8,0,0,0,0,0,0,0]-[0,0,536870912,16,1050624]
[0,4,67108864,0,0,0,0,0,134217728,0,0,0,0,0,0,0]-[0,8212,0,0,1048576]
[0,0,0,0,0,256,0,0,0,0,0,16,0,0,0,0]-[2048,269492480,151191568,1048864,512]
[0,0,67108864,0,0,0,0,0,0,0,0,16,0,128,0,0]-[33554433,67108865,4,0,2098176]
[0,0,67108864,0,67108864,0,0,0,0,0,8,0,0,0,0,0]-[134217728,67141632,36,0,0]
[0,16777216,0,0,2048,0,8192,16,134217728,0,0,0,0,128,0,0]-[16384,1048576,10485760,0,0]
[2097152,0,0,0,0,0,0,0,256,0,0,0,0,0,0,0]-[8,524288,1,0,131072]
[0,0,128,0,0,0,0,0,0,1048576,0,0,0,0,0,0]-[0,1026,262144,0,128]
[0,0,67108864,0,0,1048576,0,0,0,0,0,0,1052672,128,0,0]-[4,0,1048576,128,4]
[0,0,67108864,0,0,0,64,0,0,0,0,0,1,0,0,0]-[0,4096,0,16778240,16384]
[0,0,67108864,0,0,0,0,4194304,0,0,0,0,0,128,0,0]-[2155872256,0,4194304,524288,0]
[128,0,0,0,0,0,0,0,135266304,0,0,0,1048576,128,0,0]-[2048,0,536870912,268435456,524288]
[0,0,0,0,2097152,0,0,16,1048576,0,0,0,0,0,0,0]-[0,0,64,2176,1048576]
[0,32,0,0,0,0,0,0,0,0,4096,0,0,0,0,0]-[2816,0,512,67108864,2097152]
[0,0,67108864,0,0,1024,0,0,0,0,4096,0,0,0,0,0]-[524288,0,16,33554432,65536]
[0,0,0,0,0,0,0,0,0,0,1024,1024,0,128,0,0]-[64,0,0,805306880,0]
[0,0,0,0,0,0,0,0,0,0,0,0,268435456,128,0,0]-[2359835,66592,135,2359324,1048580]
[0,0,67108864,0,0,0,0,0,1048576,1048576,4096,0,0,128,0,0]-[0,268435456,32,18,0]
[0,0,0,0,0,0,0,0,0,0,4096,0,0,0,32768,0]-[134299648,262464,1082135104,3225551360,266242]
[0,0,67108864,0,32,0,0,0,1048576,0,0,0,0,0,0,0]-[2164260864,536870912,1073743880,2151195152,1048980]
[0,0,0,0,0,0,0,16,0,128,0,0,0,0,0,0]-[67698688,75505680,1104,536870912,8192]
[0,0,67108864,0,0,0,0,0,0,0,33554432,0,0,1073741824,0,0]-[2097184,16384,0,1048576,0]
[0,0,67108864,0,0,0,0,0,0,2,0,0,0,536870912,0,0]-[0,268435456,67108864,4194304,64]
[0,0,0,0,0,0,0,0,0,0,536870912,0,0,128,0,0]-[33816586,393216,2684485633,270533216,106496]
[0,83886080,0,16777216,0,0,0,0,0,0,0,0,0,0,0,0]-[71303296,16,0,0,0]
[0,0,0,0,0,0,64,0,0,64,0,0,0,0,32,0]-[0,64,0,537002240,0]
[0,0,0,0,0,0,0,16,0,8388608,0,0,0,0,0,0]-[0,1048576,545259778,33570817,0]
[0,0,0,0,0,0,0,20,0,0,0,0,0,0,0,0]-[0,0,3146242,0,0]
[0,0,0,0,0,0,16384,16,0,0,0,0,0,0,0,0]-[27067472,590448,2156921376,80,135200]
[0,0,67108864,0,0,0,0,0,0,0,0,0,1048576,0,0,262144]-[32768,40,65536,0,0]
[0,0,0,0,1048576,0,0,0,0,0,0,0,0,536871040,0,0]-[1310722,0,128,16,128]
[0,0,0,0,0,0,0,0,0,0,0,1073741888,1048576,0,0,0]-[1073741824,0,16777216,536870912,512]
[2147483648,0,0,0,0,0,0,0,0,0,0,0,1048576,0,0,0]-[16777216,109119497,167780352,67108864,323712]
[0,0,67108864,0,0,0,0,0,2,0,0,0,1048576,128,0,0]-[2097153,65536,2097152,0,65600]
[0,0,0,0,0,0,0,0,16777216,0,33554432,0,0,0,0,0]-[50340896,33280,75498512,6176,8224]
[0,0,67108864,0,0,0,8192,4096,0,0,0,0,0,0,0,0]-[0,8193,516,0,0]
[0,0,0,0,0,0,0,0,1048578,0,0,0,1048576,0,0,0]-[2097280,4,0,16,0]
[128,0,67108864,0,67108864,0,0,8,0,0,0,0,67108864,0,0,0]-[0,20480,2048,0,2097152]
[0,0,0,0,0,0,64,0,0,0,4096,0,1048576,0,262144,0]-[2097152,0,33619968,131072,4096]
[0,0,67108864,0,0,33554432,0,33554432,1048576,0,0,0,0,128,0,0]-[0,256,1073774592,64,0]
[8388608,0,0,0,0,0,0,0,1048576,0,0,0,0,0,0,0]-[19057024,1652637952,58720257,874512402,1048576]
[0,0,0,0,0,0,8192,16,1048576,0,0,0,262144,0,0,0]-[0,0,16777216,67109152,0]
[0,0,67108864,0,0,0,33554432,0,1048576,0,0,0,0,0,0,0]-[2048,16384,532488,33554432,131200]
[0,0,0,0,0,0,0,0,0,0,4194304,0,0,0,524288,0]-[0,0,17317888,16384,0]
[0,0,0,0,0,8192,0,16,1048576,0,0,0,0,0,0,0]-[269516800,12845120,2064,939657312,8193]
[0,0,67108864,0,0,0,0,0,2097152,0,0,0,0,32,0,0]-[2,32768,0,1028,0]
[0,0,67108864,0,0,16,0,0,0,0,0,0,16777216,0,0,0]-[8,0,0,16777216,32770]
[0,0,0,0,0,0,0,0,0,0,0,0,16778240,0,0,0]-[16,16384,2147491840,0,0]
[0,0,0,0,67108864,0,0,0,0,0,16448,0,0,0,16,0]-[134217728,16,160,0,0]
[0,0,0,0,0,0,64,0,1048576,0,0,32,0,0,0,0]-[16384,0,16,320,0]
[1152,0,67108864,0,0,0,0,0,0,0,0,0,0,0,0,0]-[0,637534208,0,0,1]
[0,0,67108864,0,0,0,0,0,0,0,33554432,0,1048576,0,0,0]-[2097216,302041100,4194320,2171600896,2211970]
[0,0,0,268435456,0,0,0,0,0,0,4096,0,0,0,0,0]-[4096,262144,17,0,0]
[0,0,0,0,0,0,0,16,0,512,4096,0,0,0,0,0]-[0,134283264,2,0,262144]
[0,0,83886080,0,0,0,0,33554433,0,0,0,0,0,0,0,0]-[0,0,1024,2147484672,32768]
[16,0,0,0,2147483648,0,0,16,0,16384,0,0,0,0,0,0]-[9437184,16777216,128,0,0]
[0,256,0,0,0,256,0,16,0,0,8192,0,0,0,0,0]-[0,0,0,17,264192]
[0,0,0,0,65536,0,0,0,0,0,0,0,262144,0,0,0]-[16,67108866,0,4194304,0]
[0,0,0,0,0,0,0,0,0,0,0,0,1048576,8192,0,0]-[4096,33554436,2097152,16924672,0]
[0,0,0,4194304,0,0,0,0,0,0,0,0,1048576,128,0,0]-[0,1024,8388610,536870912,0]
[0,0,64,0,0,0,0,0,1048576,0,0,0,0,0,0,0]-[2147483648,327824,17301504,524834,139268]
[128,0,0,0,0,0,0,0,0,0,0,0,67108864,0,0,0]-[1074004544,135168,2048,129,2097160]
[0,0,67108864,0,0,0,0,0,0,2097152,0,0,0,0,67108864,0]-[2,4096,0,0,2176]
[0,0,0,0,0,0,0,0,135266304,0,0,32,0,0,0,0]-[0,0,32832,1056768,0]
[0,0,0,0,0,64,0,0,1048576,0,0,33554432,0,0,0,0]-[16777216,0,16777216,2,131072]
[128,0,201326592,0,0,0,0,0,0,0,0,0,0,0,536870912,0]-[0,268435712,0,2147549184,0]
[0,0,67108864,0,0,64,0,0,1048576,0,0,0,1048576,0,65536,0]-[16777216,0,0,134222080,0]
[0,0,0,0,1024,0,0,0,0,0,0,0,0,128,0,0]-[268435456,262144,0,134217728,4]
[2176,0,67108864,0,0,0,0,0,0,0,0,0,0,0,0,0]-[33554432,268437504,0,16842752,524304]
[0,0,0,0,0,0,8192,262144,0,0,0,0,0,0,0,0]-[0,384,0,268500992,0]
[128,0,0,0,0,0,0,0,0,0,0,32,1048576,0,0,0]-[131136,0,33554432,2182103040,32]
[0,0,0,0,0,0,0,0,0,0,4096,0,0,0,131072,0]-[8470528,262208,134218240,131072,4096]
[1073741824,0,67108864,0,0,0,2,0,0,0,0,0,262144,0,0,0]-[32,256,0,0,132]
[0,0,75497472,0,0,128,0,0,0,0,0,0,0,0,0,0]-[0,32768,525312,524288,0]
[0,524288,0,0,0,8192,0,16,0,0,0,0,1048576,0,0,0]-[0,4096,2097152,0,4128]
[0,0,0,0,0,0,0,24,4,0,0,0,0,0,0,0]-[4456448,16777216,0,0,8]
[0,0,0,0,0,0,0,0,0,0,0,256,1048576,0,0,128]-[0,0,0,8650752,2049]
[0,0,0,0,0,0,0,16777216,0,0,256,0,0,0,0,0]-[8192,16384,0,4096,262144]
[0,0,0,0,0,0,0,2048,0,0,4096,0,0,0,0,0]-[469762048,98304,0,805306368,128]
[0,0,0,0,0,0,16,16,0,0,4096,0,0,0,0,0]-[0,1576960,131072,0,0]
[0,0,0,0,0,0,0,0,0,0,0,0,262144,0,8192,0]-[0,67108866,1081344,0,0]
[0,0,67108864,0,0,0,0,0,1048576,0,8192,0,0,0,0,0]-[50331648,0,0,134218752,0]
[0,0,67108864,0,0,0,134217728,8192,0,0,0,0,0,0,0,0]-[32768,0,524288,0,131074]
[0,0,0,0,0,64,0,134217728,0,0,0,0,1048576,0,0,0]-[512,2147483648,0,65,0]
[0,0,0,0,0,8192,0,0,0,0,0,0,1048576,128,0,0]-[264775,1073743936,545259552,8718528,1048736]
[0,0,0,0,0,8192,0,0,0,0,0,67108864,0,0,0,0]-[134217736,0,32768,1073741824,16416]
[0,0,83886080,0,32768,0,0,0,0,0,0,0,0,0,0,0]-[0,16777232,0,262145,0]
[0,0,0,0,0,0,0,0,1,0,0,0,0,128,0,0]-[32768,65,8388608,0,0]
[0,0,0,0,131072,256,0,0,2048,0,0,0,0,0,0,0]-[16,4096,268435456,2048,0]
[0,0,0,0,67108864,0,0,256,0,0,4194304,0,0,0,0,0]-[8192,320,2097152,0,0]
[2,0,0,0,0,0,0,0,0,0,0,0,1048576,0,0,0]-[278138882,67110914,274432,16384,64]
[128,0,0,0,4,0,0,0,0,0,0,0,262144,0,0,0]-[1048576,57344,0,0,0]
[0,0,0,0,0,0,0,0,0,2,0,0,0,0,65536,0]-[0,524288,4352,8192,0]
[0,0,0,0,0,0,2,0,1048576,0,0,0,1048576,0,0,0]-[4,0,0,536870913,4]
[0,0,0,0,0,0,0,0,4,0,0,0,8,0,0,0]-[256,1048576,512,0,4096]
[0,128,0,0,0,0,0,0,0,524288,0,0,0,0,0,0]-[4104,8,33570816,1074004480,0]
[16,0,0,0,0,0,0,0,2148532224,0,0,0,0,0,0,0]-[16,16,524288,0,16]
[0,0,67371008,0,0,0,0,16,0,0,0,0,0,0,0,0]-[0,268435496,2147483904,256,16512]
[0,0,0,0,0,0,8192,0,1048576,0,0,0,0,536870912,0,0]-[33554432,0,16777216,4128,0]
[0,0,0,0,0,2147483648,0,0,0,4096,0,0,0,0,0,0]-[0,0,541130752,268435456,0]
[0,33554432,0,0,0,8192,0,0,0,0,0,0,0,128,0,0]-[8,1073741824,4,262160,128]
[0,0,0,0,0,0,0,0,0,1048576,0,0,1048576,0,0,0]-[0,8,262144,0,262146]
[128,0,67108864,0,0,16,0,0,1048576,0,0,0,0,128,0,0]-[0,65536,0,128,131076]
[0,0,67108864,0,0,0,0,0,134217728,0,0,0,0,0,1073741824,0]-[8388621,0,256,8192,525312]
[0,134217728,0,0,0,0,64,0,0,0,0,0,0,0,0,0]-[1064960,0,67633152,32768,0]
[2048,0,67108864,0,0,0,0,0,1048576,0,0,0,0,0,0,0]-[33554432,805306372,1111531544,33554432,524436]
[0,0,0,33554432,512,0,0,0,0,0,0,0,0,0,0,0]-[0,524288,0,32896,16]
[0,0,0,0,0,256,0,0,1048576,0,0,134217728,0,0,0,0]-[0,256,80,2147483648,0]
[0,0,0,0,0,0,0,0,1048576,0,0,1073741824,0,0,0,4]-[2147631104,0,0,32,0]
[0,0,0,0,0,0,0,0,0,0,0,4194304,0,0,0,65536]-[1073741824,1024,0,67108864,1]
[0,0,0,0,0,0,0,0,16777216,2097152,0,0,0,0,0,0]-[8388608,1048576,1,0,4]
[0,0,32768,0,0,0,0,0,0,0,0,0,0,0,33554432,0]-[1048576,8,16777216,32,0]
[0,0,67108864,0,0,0,0,131072,0,0,0,0,0,0,134217728,0]-[32768,67117056,524288,2147483656,1]
[0,0,0,0,0,0,0,0,0,0,0,0,0,160,0,0]-[165267,891062272,537034979,279192620,2506752]
[0,0,67108864,0,0,0,0,0,1048576,0,0,0,0,0,4,0]-[0,0,16,134223360,524292]
[0,0,67108864,0,0,0,0,0,0,0,0,0,4194304,0,0,0]-[2307391586,2516583016,3288861208,34640166,2195603]
[0,128,0,0,0,256,0,0,0,0,0,0,2,0,0,0]-[1048576,128,80,0,0]
[1073741824,0,0,0,0,0,0,0,0,0,0,0,8,0,0,0]-[64,128,0,0,16448]
[128,0,0,0,0,0,0,0,0,0,36864,0,0,0,0,0]-[1073741824,0,41943040,4194304,0]
[0,0,536870912,0,0,64,0,0,0,0,0,0,0,0,0,0]-[0,384,8192,0,2]
[0,0,0,131072,0,0,0,0,0,0,16384,2147483648,262144,128,0,0]-[0,1024,2,2097152,1024]
[0,0,0,0,0,8192,0,0,0,0,0,0,0,0,1048576,0]-[524288,0,0,1073741824,288]
[0,0,0,0,0,0,0,0,0,0,0,0,0,128,4096,0]-[268435608,0,8396928,2162700,2097280]
[0,0,0,0,0,0,0,0,0,0,0,4096,0,536870912,0,0]-[134217728,0,268451840,0,8]
[0,0,0,0,0,0,0,0,0,0,131072,0,0,128,0,4096]-[132096,268437504,0,0,0]
[8,0,0,0,0,0,0,0,0,0,0,0,0,268435456,0,0]-[2147483648,512,0,8388624,0]
[1048576,0,0,0,0,0,0,0,0,0,0,16384,0,0,0,0]-[67174400,0,262144,0,128]
[0,0,67108864,0,0,0,0,0,0,2097152,0,0,1048576,0,0,0]-[0,16928,65536,39845888,2097152]
[524288,0,67108864,0,0,0,0,0,1048608,0,0,0,0,0,0,0]-[0,16,0,4194305,1]
[0,0,0,0,524288,0,0,0,134217728,0,0,0,0,0,268435456,0]-[276824064,0,1073741824,0,1024]
[134217728,0,0,0,0,0,0,0,1048576,0,0,0,0,128,0,0]-[2228224,32,0,128,0]
[0,0,67108864,0,0,0,0,16,0,0,0,0,1048576,128,33554432,0]-[0,67176480,0,134221824,2097280]
[0,0,67108865,0,0,0,0,0,0,0,0,0,0,128,0,0]-[0,64,1073750016,134217728,0]
[0,268435456,0,0,0,0,0,16,0,0,0,1073741824,0,0,0,0]-[0,8388624,512,16,0]
[0,0,0,0,0,320,0,0,0,0,0,0,0,128,0,0]-[1097,268632320,8388640,67108864,262144]
[0,0,67108864,0,262144,0,0,0,0,0,4096,0,0,128,0,0]-[0,0,1572868,0,524288]
[0,0,0,0,0,0,64,0,1048576,0,0,0,1048576,0,0,65536]-[262144,4,0,5242880,0]
[0,0,67108992,0,0,0,0,0,0,0,0,0,1048576,0,0,0]-[8421376,0,8192,4,0]
[0,0,0,0,0,0,0,8388608,0,0,0,0,16777216,0,0,0]-[2147614720,0,0,81920,0]
[0,0,0,0,16777216,8192,0,0,0,0,0,0,1048576,0,0,0]-[33554688,0,8388608,8388608,0]
[0,0,0,0,0,0,0,0,0,0,0,0,0,536870912,0,131072]-[1073741824,8192,33816576,0,0]
[0,0,67108864,0,0,0,0,0,0,0,0,0,1048576,128,268435456,0]-[0,64,1048580,0,524288]
[0,0,0,0,0,0,0,0,1050624,0,0,0,0,0,0,65536]-[0,33554432,536870912,2147483648,1]
[0,0,67108864,67108864,0,0,0,0,0,2147483648,0,0,0,0,0,0]-[2147483648,33,0,0,16384]
[0,0,0,0,0,0,0,8388608,1048576,67108864,4096,0,1048576,0,0,0]-[278528,0,0,67109120,0]
[0,33554432,67108864,0,0,0,0,0,0,2097152,0,0,0,0,0,0]-[0,2147483648,0,1056,2097152]
[0,0,0,0,0,0,0,256,67108864,0,0,0,8,0,0,0]-[0,2228226,536870912,0,0]
[0,536870912,0,0,0,0,0,0,1048576,0,0,0,0,0,0,0]-[1,1049088,1073741824,32769,139264]
[0,0,67108866,0,0,0,0,134217728,0,0,0,0,0,0,0,0]-[0,0,2097152,1048577,1024]
[0,0,0,0,0,0,128,0,1048576,0,0,0,1048576,0,0,0]-[0,1,0,16777216,4098]
[0,0,0,0,67108864,0,0,0,134217728,0,0,0,8,0,0,0]-[67108864,32768,16785408,0,0]
[0,262144,0,0,0,0,0,0,1048576,0,0,0,1048576,0,0,0]-[33554432,16,8388608,0,524288]
[128,0,0,0,0,0,0,0,1048576,524288,0,0,0,0,0,0]-[4194368,0,0,16777216,4096]
[0,0,0,0,0,0,0,0,2048,0,0,0,0,536870912,0,0]-[0,32768,270532608,2048,0]
[0,0,67108864,0,0,0,64,0,0,0,0,0,2147483648,536870912,0,0]-[0,256,1049600,0,4]
[0,0,67108864,0,0,0,0,0,2048,0,1048576,0,0,0,0,0]-[16777216,65536,12,0,0]
[0,0,0,0,0,4,0,16,0,0,0,0,0,0,0,0]-[16,201850912,2147483648,0,1048608]
[0,0,0,0,0,64,0,0,0,0,4096,0,16384,0,0,0]-[65536,16,0,0,160]
[0,0,0,0,0,0,0,524288,0,0,0,0,0,536870912,0,0]-[0,65536,66176,1073741824,192]
[0,0,0,16777216,0,16777216,0,0,0,0,0,0,0,0,0,0]-[67108864,1048576,32768,0,4096]
[0,0,0,0,16,64,0,0,0,0,0,0,0,0,0,0]-[2147549184,0,0,536870912,2]
[0,0,0,0,0,4096,0,0,0,0,0,0,0,0,2097152,0]-[0,0,131072,540672,4096]
[0,0,0,0,0,0,0,0,1048576,0,0,0,536870912,0,0,0]-[163841,37748864,20973728,2485136129,655488]
[0,0,0,0,0,0,0,0,0,0,64,0,0,0,0,131072]-[536870912,64,8192,0,32]
[262144,0,0,0,0,0,0,0,1048576,0,0,0,0,0,0,0]-[33816592,1644167300,4,2483617937,6144]
[0,0,0,0,2048,0,0,0,0,0,0,0,0,0,67108864,0]-[1073741824,32,131072,0,262144]
[0,0,67108864,0,0,16384,0,16,0,0,4096,0,0,0,0,0]-[0,2181038080,33554432,262144,0]
[0,0,67108864,0,0,0,0,0,1048576,0,1,0,0,128,0,0]-[4,327680,0,0,131072]
[0,0,0,0,0,0,0,0,0,0,0,4194304,0,0,33554432,0]-[0,260,0,16384,524288]
[0,2097152,0,0,0,0,0,0,0,131072,0,0,0,0,0,0]-[2097152,128,0,0,262656]
[128,0,0,0,0,0,0,0,0,0,0,0,0,4,0,0]-[65536,64,0,0,262146]
[0,0,0,0,1048576,0,0,0,0,0,0,0,1048576,128,0,0]-[270794755,0,2097152,16,32928]
[524288,0,67108864,0,0,0,0,0,0,0,2147483648,0,0,0,0,0]-[0,18433,67108864,0,0]
[0,0,0,0,0,0,0,16,264192,0,0,0,0,0,0,0]-[0,536870913,0,2,8]
[0,0,0,0,0,256,0,16,134217728,0,0,0,0,0,0,0]-[268517456,1050632,20,16384,18561]
[0,0,0,0,0,0,0,0,0,0,0,2097152,536870912,128,0,0]-[0,0,0,268435968,32832]
[128,0,0,0,0,0,0,512,0,0,0,0,0,0,0,0]-[1140852800,0,131072,2147483648,0]
[0,0,0,0,0,8192,0,0,0,0,0,0,0,128,0,128]-[2684354560,0,0,0,264]
[0,134217728,1024,0,0,0,0,0,0,0,0,0,0,0,0,0]-[0,0,67108864,16777216,262145]
[128,8192,0,0,0,0,0,0,0,0,0,0,1048576,0,0,0]-[1073872896,2048,8388608,2148565024,0]
[0,0,0,16,0,1073742080,0,0,0,0,0,0,8,0,0,0]-[1024,8320,0,4096,0]
[0,0,0,0,16384,0,0,0,0,0,0,0,0,0,268435456,0]-[0,2147549184,0,1073741824,2048]
[0,0,67108864,0,0,0,0,0,1056768,0,0,32,0,0,0,0]-[0,33570816,32,2097152,0]
[0,0,67108864,0,0,0,0,16,134217728,0,0,0,0,128,0,0]-[0,65536,2097152,4128,0]
[128,0,0,0,0,0,0,8388608,1048576,0,0,0,0,128,0,0]-[278528,0,0,32,64]
[0,0,0,0,0,268435520,0,0,0,0,0,0,0,0,0,0]-[4456448,8192,0,0,2048]
[1048576,0,0,0,0,0,64,32,0,0,0,0,0,0,0,0]-[0,524288,33554432,4194560,0]
[1048576,0,0,0,0,0,0,0,0,0,2097152,0,1048576,0,0,0]-[2147483648,0,75497472,8388608,0]
[0,0,0,0,0,64,0,0,0,0,4096,0,0,0,67108864,4096]-[8,0,131072,16777216,1048576]
[0,0,134217728,0,0,0,0,0,1048576,0,0,0,0,128,0,0]-[0,536871168,262144,0,128]
[0,0,536870912,0,0,0,0,0,0,0,0,0,0,0,8,0]-[8388612,129,8396800,0,0]
[1024,0,0,0,0,0,0,0,0,0,0,0,0,0,0,8]-[262144,134217728,8192,0,262144]
[0,0,0,0,0,4194304,0,0,0,0,4096,0,1048576,0,0,0]-[512,8192,64,32768,0]
[0,0,0,0,0,0,8192,0,0,0,2097152,0,1048576,0,0,0]-[33554432,8320,16777216,0,0]
[0,0,0,0,0,0,0,0,0,0,0,0,0,0,0,16896]-[8272,64,0,0,0]
[0,0,67108864,0,67108864,256,8192,0,0,0,0,0,0,0,0,0]-[67108864,0,36,256,0]
[0,0,0,0,0,0,0,0,2097152,0,0,0,0,128,0,0]-[532,256,1082155010,75497476,8192]
[0,0,0,0,0,0,0,8,0,0,0,0,268435456,0,0,0]-[1074003968,0,0,35651584,0]
[0,0,0,0,0,0,0,0,0,0,268435456,0,8,0,0,0]-[0,0,0,269484032,196608]
[0,0,0,0,32768,0,0,0,0,8,0,0,0,0,0,0]-[513,256,67108864,0,0]
[0,0,67108864,16777216,0,0,64,0,0,0,0,0,0,0,0,0]-[2,512,268435456,4096,0]
[0,0,67108864,0,0,1,0,0,0,0,8388608,0,0,0,0,0]-[16781312,16,0,64,0]
[16384,0,0,0,0,0,0,0,0,0,0,0,1048576,0,0,0]-[256,2147614720,0,2146,131072]
[0,0,67108864,0,0,0,0,0,16777216,0,0,0,1310720,0,0,0]-[0,67143680,2097152,0,1048578]
[0,0,0,0,0,0,0,0,0,0,2097152,0,8,0,0,0]-[2,8320,0,33554432,0]
[0,33554432,0,4,67108864,0,0,0,0,0,0,0,0,0,0,0]-[512,268435456,268435456,0,2097152]
[0,0,0,67108864,0,0,0,0,8388608,0,0,0,0,0,0,0]-[32,32776,0,268959744,0]
[0,0,0,0,0,0,0,8,0,0,536870912,0,0,0,0,0]-[270338,16384,0,2281701376,516]
[0,0,0,128,0,0,8192,0,0,0,4096,0,0,0,0,0]-[65536,0,4096,33556480,0]
[0,0,67108864,0,0,0,0,0,0,33554432,0,0,0,128,0,0]-[33554504,263456,4,4616,524288]
[0,0,0,0,0,0,4,0,0,0,0,0,1048576,128,0,0]-[16385,1048576,0,0,32]
[0,0,68157440,0,0,0,0,0,1048576,0,0,32,0,0,0,0]-[1,33554448,32768,0,0]
[0,4194304,67108864,0,0,0,0,0,1048576,0,0,32,0,0,0,0]-[0,0,24,96,0]
[0,0,0,0,2048,0,0,0,0,0,0,0,1048576,0,0,0]-[3293186,672,2375680,16795968,266248]
[0,0,0,0,0,256,0,0,0,33554432,0,0,0,0,0,0]-[256,33555456,131072,0,132097]
[0,0,0,0,0,0,64,0,0,268435456,0,0,0,0,0,0]-[16512,67714,1073746048,577011712,4096]
[0,0,0,0,0,0,0,0,0,0,4096,8388608,0,128,0,0]-[1,0,1,268435464,0]
[0,0,67108864,0,0,0,0,0,1048576,0,4,0,0,128,0,0]-[33554433,32,0,134217728,64]
[0,0,0,0,0,0,0,0,0,0,4096,32,262144,0,0,0]-[268435456,16777216,0,1024,2]
[0,0,0,0,0,256,0,0,2056,0,0,0,0,0,0,0]-[65536,4096,2097152,2048,0]
[0,0,0,512,67108864,0,0,0,0,0,0,0,0,0,0,0]-[537001984,8,536870912,3288334336,16]
[0,0,67108864,0,0,0,0,0,0,0,4096,0,0,0,0,2048]-[4096,131136,0,4195328,0]
[0,0,67108864,0,0,0,0,0,1048576,0,2048,0,0,0,0,0]-[2147483648,256,1078460416,33554562,0]
[0,1024,0,64,0,0,0,0,0,0,0,0,0,0,0,0]-[0,0,33554497,0,2048]
[33554432,0,67108864,0,0,0,0,0,0,0,0,0,0,0,0,0]-[16777216,537010184,3225424152,32785,131072]
[128,0,0,0,0,0,0,2147483648,0,0,0,0,0,0,0,0]-[536870912,131136,2147483664,67108864,0]
[0,0,67108864,65536,0,0,0,0,0,0,0,0,0,536870912,0,0]-[0,2049,1024,0,131200]
[0,0,0,0,0,0,0,0,0,0,0,0,34603008,128,33554432,0]-[262144,268500992,0,0,262144]
[0,128,0,0,0,0,0,0,1048576,0,0,0,0,0,0,0]-[19631492,2153005756,1271246035,4068013890,139668]
[0,0,0,0,0,16777216,0,0,0,0,131072,0,0,0,0,0]-[268435456,67108864,4,1,0]
[128,0,0,0,0,0,0,0,1048576,0,0,0,0,0,16384,256]-[262144,0,8388616,33554432,0]
[0,134217728,0,0,0,0,0,0,64,0,0,0,0,0,0,0]-[0,0,0,16777216,263169]
[0,0,67108864,0,0,0,536870912,0,0,0,0,0,0,0,0,0]-[85983234,1048,528416,32896,163856]
[0,0,0,0,131072,0,0,0,135266304,0,0,0,0,0,0,0]-[0,0,8388608,272,1024]
[0,0,0,0,0,0,0,0,134217728,0,0,2,0,0,0,0]-[0,8390656,0,0,264]
[128,0,67108864,0,0,256,0,0,16777216,0,0,0,0,0,0,0]-[0,0,0,16810048,524288]
[0,0,67108864,65536,0,0,0,0,0,0,64,0,0,0,0,0]-[8,1024,33556480,0,0]
[0,256,67108864,0,0,0,0,0,0,0,0,0,4194304,0,0,0]-[0,33554432,2052,4096,0]
[0,0,67108864,0,0,0,8192,0,134217728,0,0,32,0,0,0,0]-[0,536870912,4,288,0]
[0,0,67108864,0,0,0,0,0,135266304,0,0,16,0,0,0,0]-[0,262144,16,256,256]
[0,16777216,0,0,0,0,0,0,0,0,0,0,0,128,0,0]-[1153,1048896,10485764,67584,65664]
[128,0,0,0,8,0,0,0,0,0,0,0,0,0,0,0]-[134217792,264192,33792,2168455168,4144]
[0,0,0,0,33570816,0,0,0,0,0,0,0,0,128,0,0]-[8,0,2147483648,4096,8192]
[0,0,0,0,0,8192,0,0,0,0,0,0,269484032,0,0,0]-[0,10,1,8,0]
[0,0,67108864,0,0,0,0,0,1073741824,0,4096,0,262144,0,0,0]-[8388608,4194560,0,262144,0]
[0,0,0,0,0,0,0,0,512,0,0,0,1048576,0,0,0]-[0,8388608,2097168,65536,0]
[8192,0,0,0,0,16777216,0,0,0,0,0,0,0,0,0,0]-[256,4194304,2097664,0,0]
[1073741832,0,67108864,0,0,0,0,0,0,0,0,0,0,128,0,0]-[2,0,36,128,0]
[1073741824,0,0,0,0,0,0,0,536870912,0,0,0,0,0,0,0]-[16,0,4,32768,524288]
[0,0,67108864,0,0,0,0,0,0,0,0,4195328,0,0,0,0]-[67633152,1,8,0,0]
[0,0,0,0,0,8192,0,0,0,0,0,0,0,0,0,256]-[0,1073741824,2101248,0,128]
[0,8388608,67108864,0,0,256,0,0,0,0,4096,0,0,0,0,0]-[0,32776,512,32768,0]
[0,0,0,0,0,0,0,0,1048576,0,0,0,0,128,0,2048]-[32785,0,0,134224384,524288]
[0,0,0,0,0,256,0,16,0,0,67108864,0,0,128,0,0]-[0,8388608,8519680,134217728,0]
[0,384,67108864,0,0,0,0,0,0,0,0,0,0,0,0,0]-[2,0,33554432,32768,16384]
[0,0,0,0,134217728,0,0,0,1048576,0,4096,0,1048576,128,0,0]-[0,0,32,1073741856,4]
[4,0,67108864,0,0,8192,0,0,0,0,4096,0,1048576,0,0,0]-[2097152,4,0,0,16512]
[0,0,0,0,0,16448,0,0,0,0,4096,0,0,0,0,0]-[576,2147483648,0,0,32]
[0,0,524288,0,0,0,0,0,0,0,4096,0,8,0,0,0]-[262144,553648144,640,0,0]
[0,0,0,0,0,0,0,0,0,0,512,0,1048576,0,0,0]-[839915009,8396832,1073745984,2048,1028]
[0,0,0,0,0,0,134217728,0,0,0,0,0,1048576,0,0,0]-[192,0,33554432,2147483648,0]
[0,0,0,0,0,0,8192,0,0,0,0,0,0,0,2,0]-[0,256,4160,64,0]
[0,0,67108864,0,0,0,256,0,0,0,0,256,1048576,0,0,0]-[4194304,2097216,0,0,1]
[0,0,8192,0,8,0,0,0,0,0,4096,0,1048576,0,0,0]-[2097216,0,0,0,34]
[128,0,0,0,0,0,0,8388608,0,0,0,134217728,0,128,0,0]-[278528,2048,0,32,0]
[0,0,16777216,0,0,0,64,0,0,0,0,0,0,0,0,0]-[2162688,134254611,302253184,1078658560,2108448]
[0,0,67108864,0,2048,0,0,24,1048576,0,0,0,0,0,0,0]-[0,4456448,524288,524288,0]
[0,0,67108864,0,0,0,8192,0,67108864,0,0,0,0,0,0,0]-[4096,278528,2147483648,0,0]
[1073741824,0,0,0,0,0,0,0,0,0,0,0,32,0,0,0]-[32,0,532480,16384,0]
[0,0,0,0,0,0,0,33554432,0,0,0,0,1048576,0,0,0]-[2292221698,8196,1141114952,621150528,21504]
[0,0,67108864,0,64,256,0,0,0,0,0,0,0,0,0,0]-[0,65536,2162688,0,1]
[0,0,0,0,2147483648,0,0,0,0,0,4096,0,0,0,0,256]-[0,1056,276824064,0,0]
[0,262144,0,0,0,0,0,0,0,0,0,0,262144,128,0,0]-[1064976,16779264,2097154,0,8192]
[0,0,67108864,0,0,0,0,0,1048576,0,0,128,0,0,0,0]-[16809984,0,1073741824,525408,64]
[0,0,0,0,0,0,32,16,0,0,0,0,0,0,0,0]-[16,135266304,536872960,268435456,266241]
[0,0,0,128,0,0,8192,16777216,0,0,0,0,0,0,0,0]-[524288,2048,1,2147483648,0]
[0,536870912,0,0,2048,0,0,0,0,0,4096,0,0,0,0,0]-[64,0,129,0,2]
[0,0,0,0,0,64,0,0,0,0,0,0,0,129,0,0]-[2147491840,4096,1024,0,0]
[0,0,67108864,0,0,8388608,0,0,0,0,134217728,0,0,128,0,0]-[4,0,2147483648,262144,128]
[0,0,0,0,0,256,0,0,0,512,0,0,0,0,0,0]-[1048592,512,0,268435456,1]
[0,0,8,0,0,0,0,0,0,0,0,0,262144,0,0,0]-[16,16777220,32768,0,0]
[131072,0,0,0,0,0,0,16,0,0,0,0,0,0,0,0]-[524288,268435456,786432,16777218,262160]
[0,0,67108864,0,0,0,0,0,0,512,0,0,0,128,0,0]-[2097152,262144,1048576,0,128]
[0,0,0,0,0,4,0,0,0,0,4194304,0,0,0,0,0]-[0,65536,524288,16384,131072]
[0,0,67633152,0,0,0,0,0,1048576,0,0,0,0,128,0,0]-[0,16384,8,1572864,0]
[1048704,0,0,0,0,0,0,0,0,0,0,0,0,128,0,0]-[131136,0,8192,1073741824,4]
[0,0,0,0,0,256,0,0,0,0,0,0,0,0,536870912,0]-[68157504,16384,2147811330,524288,0]
[0,0,67108864,0,0,0,0,16,16,0,0,0,0,0,0,0]-[0,0,0,9224,64]
[0,0,0,0,4,256,0,0,0,0,0,0,1048576,0,0,0]-[1024,0,16777216,262144,1]
[16777216,0,0,0,0,0,0,0,0,0,0,0,0,128,0,0]-[16,65536,537149440,4224,262372]
[0,0,67108864,0,0,0,8192,0,0,0,4096,0,8,0,0,0]-[2048,8192,33554432,364800,0]
[0,0,0,16777216,0,0,0,0,2147483648,0,0,0,0,0,0,0]-[16777216,0,0,16400,256]
[2097152,0,0,0,0,0,0,0,0,2097152,0,0,0,0,0,0]-[1,0,67108866,4194304,0]
[0,0,0,0,0,0,0,8388608,0,0,0,0,0,8388608,0,0]-[0,0,1,1073758272,0]
[0,0,0,0,2147483648,256,0,0,1048576,0,0,0,0,0,0,0]-[65536,256,25165824,0,0]
[0,0,0,0,0,0,0,256,0,0,0,0,8,0,0,0]-[0,0,16777216,262145,2097152]
[0,0,67108864,0,0,0,0,1,0,0,4096,0,0,0,0,0]-[2097216,260,0,0,0]
[0,0,0,0,67125248,0,0,0,0,0,0,0,0,0,0,0]-[8,32,67108864,4,8192]
[0,0,67108864,0,0,0,0,16,1048576,0,536870912,0,0,0,0,0]-[32768,4,0,80,0]
[0,0,67108864,0,0,0,0,536870912,1048576,0,0,0,0,0,0,0]-[0,4194304,32768,4096,128]
[0,0,0,0,0,0,0,16777232,0,0,0,0,0,0,0,0]-[1572880,2064,9408,2415919232,2113536]
[0,0,0,0,33554432,8192,0,0,0,0,0,0,0,536870912,0,0]-[33554432,0,0,262145,32]
[0,0,67108864,0,131072,0,0,0,0,0,0,0,1048576,128,0,0]-[0,2048,0,4,1048704]
[0,0,67174400,0,0,0,0,0,0,0,0,0,0,4096,0,0]-[1,32,2147483648,524288,0]
[805306368,0,0,0,0,0,0,0,0,0,0,0,2097152,0,8,0]-[0,512,4,71303168,0]
[536870912,0,0,0,0,0,0,0,0,0,0,0,0,0,33554432,0]-[262144,8400896,0,32768,0]
[0,0,0,0,0,64,0,0,0,2147483648,0,0,1048576,0,0,0]-[537001986,67108864,0,1048580,192]
[0,0,0,128,0,0,0,262144,0,0,0,0,0,0,0,0]-[134217728,0,131072,536870912,524288]
[0,0,4096,0,0,64,64,0,0,0,0,0,0,0,0,0]-[16384,0,0,536870912,130]
[0,0,1,0,0,0,0,0,0,0,65536,0,0,536871040,0,0]-[2050,0,131072,1073741824,0]
[0,0,0,0,0,0,0,0,0,4194304,0,536870912,1048576,0,0,0]-[1048576,4,0,50331648,0]
[128,0,0,0,0,0,0,0,0,0,0,16,0,0,0,0]-[8454144,536920064,524288,262144,262144]
[0,0,67108864,0,1,8192,0,0,0,0,0,0,0,0,33554432,0]-[0,268439552,0,32768,16384]
[0,0,0,0,0,0,0,131072,1048576,0,0,0,8,0,0,0]-[272,0,128,0,16]
[0,256,0,0,0,8192,0,256,0,0,0,0,0,0,0,0]-[0,0,16777220,65537,0]
[0,0,0,0,67108864,0,0,0,1048576,0,0,0,262144,0,0,0]-[16640,1073758212,16777345,256,0]
[0,0,0,0,0,0,0,0,0,0,0,0,0,0,67109888,0]-[0,0,33751296,0,0]
[0,0,0,0,0,0,0,0,134217728,0,0,0,65536,0,0,0]-[5374528,547356928,2097152,280576,2564]
[0,0,0,0,0,256,0,16,135266304,0,0,0,0,128,0,0]-[0,1114112,8388608,4096,0]
[0,0,0,0,0,0,128,0,0,0,0,0,0,32,0,0]-[0,0,3,8192,2048]
[1073741824,131072,67108864,0,0,0,0,0,0,0,0,0,0,0,0,0]-[4096,8,0,32,128]
[0,0,0,0,0,0,0,0,0,0,0,0,131072,0,2048,0]-[1140850688,1048960,16,49152,0]
[0,0,67108864,0,0,32,0,0,0,0,0,0,0,0,0,0]-[25696295,2164530764,2450015240,52535445,2736517]
[0,0,67108864,0,0,0,0,0,0,0,0,8192,0,0,0,0]-[2162692,285673488,626688,1114275,49218]
[0,0,0,0,0,0,0,0,0,0,0,2097152,128,128,0,0]-[65536,0,2048,1024,4096]
[0,4128,0,0,0,0,0,0,0,0,0,0,32,0,0,0]-[4608,134217732,0,0,0]
[0,0,0,0,0,0,0,8,0,0,0,0,0,33554432,0,0]-[278528,32768,0,0,512]
[0,0,0,0,0,0,0,16,0,0,0,16,0,0,32768,0]-[16384,0,131328,4096,0]
[0,0,0,0,0,0,0,0,134217728,0,4096,0,0,0,0,131072]-[0,8212,33554432,4325384,0]
[0,0,0,0,0,8192,0,0,1048576,0,8388608,0,0,0,0,0]-[2164260864,1073741824,262144,0,0]
[524288,0,67108864,0,1073741824,0,0,0,1048576,0,0,0,0,0,0,0]-[65536,16,33562624,0,0]
[0,0,0,0,0,0,0,16,0,0,0,0,1048576,2097152,0,0]-[0,0,2101248,0,24576]
[0,0,67108864,0,0,0,0,32784,0,0,0,0,0,0,0,0]-[524288,0,3147776,33554433,0]
[0,512,0,0,0,0,8,0,0,0,0,0,0,0,0,0]-[1024,268439584,0,0,0]
[0,0,0,0,0,320,0,8,0,0,0,0,0,0,0,0]-[0,2048,1032,536870912,0]
[0,0,536870912,0,0,8192,0,0,0,0,0,0,0,0,0,0]-[0,525312,2048,131072,0]
[0,0,67108864,1,0,0,0,0,0,0,0,0,0,0,67108864,0]-[0,0,1048576,0,2178]
[0,0,0,0,0,0,0,0,0,4096,0,0,0,128,0,0]-[34603653,32800,16777222,8228,828481]
[0,0,0,0,0,0,0,16,0,0,0,0,0,0,0,16]-[0,134217728,33024,128,0]
[0,0,67108864,0,0,0,0,0,0,0,0,0,256,536870912,0,0]-[0,260,1048576,0,128]
[0,0,67117056,0,0,0,0,0,0,0,0,1024,0,0,0,0]-[0,2164260864,33554432,32,0]
[0,0,0,0,0,0,0,0,1048576,0,0,0,128,0,0,0]-[2148598021,1149501444,17041475,2148534274,2112]
[0,0,0,0,0,64,8192,0,134217728,0,0,0,0,0,0,0]-[67108864,0,134217728,67174400,0]
[0,0,0,0,0,1024,0,536870912,0,0,0,0,0,0,0,0]-[4194304,2147483648,0,0,262152]
[0,0,67108864,0,0,0,0,0,0,134217728,0,0,0,0,0,0]-[159449184,822088768,270568960,134816289,590080]
[0,0,0,131072,0,256,0,0,135266304,0,0,0,0,0,0,0]-[65536,8388608,16,0,64]
[0,0,0,0,0,256,4194304,16,0,0,0,0,0,0,0,0]-[16384,8,0,64,16384]
[0,0,0,0,0,0,0,1,1048576,0,0,0,0,128,0,0]-[0,0,524416,0,525312]
[0,0,0,0,0,0,32,0,0,1,0,0,0,0,0,0]-[262152,139264,0,0,0]
[0,0,0,0,0,0,0,0,0,0,0,32768,0,0,4,0]-[0,1048576,67108864,0,576]
[0,0,0,0,0,0,0,0,0,0,0,0,1048576,536870912,0,0]-[1746262215,2426568383,344283667,4017605012,2455294]
[256,0,0,0,0,0,4,0,0,0,0,0,0,0,0,0]-[0,0,536870912,537133312,0]
[0,0,0,0,0,0,4096,0,0,0,4096,0,1048576,0,0,0]-[0,0,33554432,33685504,2097152]
[0,0,0,0,0,0,64,0,1048576,0,0,0,0,2,0,0]-[0,536936576,0,1048576,0]
[0,0,0,0,0,0,0,2,0,0,0,0,0,0,67108864,0]-[4,4,32768,0,262144]
[0,0,67108864,0,0,0,0,0,8192,0,0,0,1048576,0,0,0]-[8425536,100728832,2101248,152044032,194]
[0,256,67108864,0,0,0,0,0,0,33554432,0,0,0,128,0,0]-[64,0,4,4096,1048576]
[0,8192,0,0,0,0,0,0,0,0,0,0,0,0,0,8]-[264,0,0,131072,16]
[0,0,0,0,0,0,0,0,1048576,0,0,0,0,4194432,0,0]-[2097152,8388608,524288,64,0]
[0,0,0,65536,0,0,0,16,0,0,0,0,0,0,0,0]-[76546048,1048581,2104832,131072,131072]
[0,0,0,0,0,0,0,0,0,0,4096,1073741824,0,0,0,0]-[3222278145,402653200,1090536000,603981824,2359552]
[0,0,0,0,0,0,0,8208,1048576,0,0,0,0,0,0,0]-[2147483648,1114112,25165888,33,0]
[0,0,67108864,0,0,0,8192,0,0,0,67112960,0,0,0,0,0]-[0,0,0,640,2097154]
[0,0,0,0,0,262208,0,0,0,0,4096,0,1048576,0,0,0]-[1073741824,0,1073741824,32896,0]
[16,0,0,0,0,0,8192,16,0,0,0,0,0,128,0,0]-[0,1048576,0,2097280,262144]
[0,0,0,128,0,0,0,2048,1048576,0,0,1,0,0,0,0]-[0,0,128,1049088,131072]
[0,0,0,0,536870912,0,0,0,1048576,0,0,0,0,128,0,0]-[128,0,0,67110912,1048576]
[0,0,67108864,0,0,0,0,0,0,0,1048576,0,1048576,0,0,0]-[10485760,67162153,0,1048832,2097216]
[0,0,0,1,0,0,0,0,16777216,0,0,0,0,0,0,0]-[655490,34078978,3408000,1073741888,6146]
[0,0,0,0,0,256,0,16,0,0,0,32,0,0,0,0]-[16,271581184,134231040,956434432,12288]
[0,0,67108864,0,0,0,0,16,0,0,0,32,0,128,0,0]-[64,0,32768,0,2097280]
[0,0,0,0,0,0,0,0,1048576,0,131072,0,1048576,0,0,0]-[163840,16416,0,0,0]
[0,0,0,0,0,256,65536,0,1048576,0,0,0,64,128,0,0]-[0,0,1073741825,4096,131072]
[0,0,0,0,0,0,0,16,134217728,0,0,4194304,262144,128,0,0]-[0,1050624,2,32,0]
[0,0,67108864,0,0,0,0,2097152,1048576,0,0,0,0,0,0,0]-[33554432,0,0,1049088,128]
[0,0,0,0,0,0,0,0,0,0,0,0,1048576,0,0,64]-[2050,2048,809500672,67109120,20489]
[0,0,0,0,1048576,0,0,8,0,0,0,0,1048576,0,0,0]-[0,0,64,0,526340]
[0,0,0,0,0,536870912,0,0,134217728,0,0,0,1048576,0,0,0]-[0,1048578,0,272,0]
[0,0,0,0,0,64,0,0,1048576,0,0,2097152,0,0,0,0]-[65536,0,2176,0,4]
[0,0,0,0,0,262144,0,0,1048576,0,33554432,0,0,0,0,0]-[33554816,0,1073741824,0,0]
[0,0,0,0,0,0,0,0,0,0,64,0,1048576,0,0,0]-[65,32776,20979970,262145,4128]
[0,0,64,0,2147483648,0,0,0,0,0,0,0,0,0,0,0]-[0,0,2,532484,0]
[0,0,0,16777216,0,0,0,524288,0,0,0,0,0,128,0,0]-[1026,0,524288,262144,0]
[0,0,83886080,0,0,0,0,0,0,0,0,131072,0,0,0,0]-[0,34816,301989888,0,0]
[0,0,0,0,0,0,0,0,134217728,67108864,0,0,0,0,0,0]-[0,32,1310720,0,512]
[0,16777216,67108864,0,0,256,0,8192,0,0,0,0,0,0,0,0]-[0,268443648,0,2147483648,256]
[0,0,0,0,0,0,0,0,0,0,0,8388608,8,0,0,0]-[67108992,33587200,589826,16,0]
[0,32,67108864,0,0,0,0,0,17825792,0,4096,0,8,0,0,0]-[0,0,4194304,2097184,4]
[0,0,0,0,0,64,65536,16,0,0,0,0,0,0,0,0]-[32768,524304,0,0,32]
[0,0,1073741824,0,0,0,0,0,134217728,0,0,0,0,0,0,0]-[276824064,67108864,0,0,524288]
[1073741824,0,67108864,0,0,0,0,0,524288,0,0,0,0,0,0,0]-[64,16777248,2048,0,0]
[0,0,0,0,16,8192,0,0,0,0,0,0,0,0,0,0]-[258,0,64,65536,0]
[0,0,0,0,33554432,0,0,0,1048576,0,0,0,0,128,0,0]-[128,0,0,1073741840,524288]
[8388608,0,2,0,0,0,0,0,0,0,0,32,0,0,0,0]-[8,16384,0,0,1048608]
[0,0,0,0,0,0,0,0,1048576,0,0,0,0,0,33554432,0]-[28821941,2009926590,2043440294,3187201394,1576410]
[0,0,0,0,0,0,0,0,134217728,16777216,0,0,0,0,0,0]-[2048,2,2097152,32,0]
[0,0,0,0,0,0,0,0,0,2,0,33554432,0,0,0,0]-[16777220,0,0,0,393216]
[0,0,0,0,0,0,0,0,0,1,0,0,1048576,2097152,0,0]-[0,16,16777220,2,0]
[0,0,1024,0,0,0,1073741824,0,0,0,0,0,0,128,0,0]-[268435456,0,2621472,0,0]
[0,0,67174400,0,32768,0,0,0,1048576,0,0,0,0,0,0,0]-[0,541065216,0,144,0]
[0,0,0,0,0,256,32,0,0,0,0,0,8,0,0,0]-[262144,1048576,0,0,4097]
[0,0,67108864,1,0,0,0,0,0,0,0,0,1048576,0,0,0]-[0,318767104,0,0,128]
[0,0,8388608,0,0,256,0,0,0,0,0,0,0,0,0,0]-[2621440,9442976,16908820,282752,786432]
[0,0,16777216,0,0,0,0,0,0,0,0,0,0,2048,0,0]-[0,1073741824,131072,16777217,0]
[0,0,16777216,0,0,0,0,0,64,0,0,0,0,0,0,0]-[8388608,0,263168,2147483712,32768]
[0,0,0,0,0,64,0,0,0,0,0,0,0,0,1073741824,0]-[131073,0,256,16777216,0]
[0,0,67108868,0,0,0,0,0,0,0,0,0,0,0,0,0]-[2217246728,337923104,12544,2332557700,33153]
[0,0,0,0,0,8192,0,0,0,0,0,0,0,0,0,512]-[1073741824,1073741824,1610616832,2097409,4096]
[0,0,0,0,0,0,0,16,0,0,2,0,0,0,0,0]-[0,201326596,537919488,64,1052672]
[0,128,67108864,0,0,0,0,16,1056768,0,0,0,0,0,0,0]-[0,262144,8192,557056,0]
[0,0,0,0,67108864,0,0,0,0,0,0,0,0,0,0,8192]-[512,1342177296,0,0,0]
[0,0,0,0,0,0,0,16,1048576,0,4096,0,0,128,0,0]-[524288,0,0,16384,20480]
[0,0,0,0,0,8192,0,0,1048576,0,32768,0,0,0,0,0]-[128,0,8,1052672,0]
[256,0,0,0,0,0,0,0,0,2048,0,0,0,0,0,0]-[8,128,0,1048832,0]
[0,0,67108864,0,0,0,1048576,0,0,1073741824,0,0,0,0,0,0]-[0,32784,0,262160,0]
[0,0,67108864,0,0,4194304,0,0,1048576,0,0,0,0,0,0,0]-[0,4,1077936128,2147484032,64]
[64,0,0,0,0,0,64,0,1048576,0,0,0,0,0,0,0]-[0,8388608,8,67108880,0]
[0,0,67108880,0,0,0,0,16,0,0,0,0,0,0,0,0]-[0,4124,1081344,0,0]
[0,0,0,4,0,64,0,0,0,0,0,0,0,0,0,0]-[65538,128,8388608,0,0]
[0,0,0,0,0,0,0,2,0,0,0,0,1048576,0,0,0]-[16810176,1049088,134217728,2148549120,12330]
[0,0,67108864,0,0,0,1024,0,1048576,0,0,0,0,0,33554432,0]-[2097152,268435456,0,0,320]
[0,0,1073741824,0,0,0,0,0,1024,0,0,0,0,0,0,0]-[0,2097152,524288,131072,32]
[0,0,67108864,0,0,0,0,0,0,0,0,0,1048576,160,0,0]-[2,268435456,0,4,1048576]
[0,0,0,0,0,0,0,524288,0,0,0,0,8,128,0,0]-[0,0,536870912,268435458,65536]
[0,0,0,0,0,0,0,0,134217728,0,0,8388608,0,128,0,4096]-[16384,1,1073741824,2097152,0]
[0,0,67108864,0,0,0,0,0,9437184,0,0,0,0,0,0,0]-[33556480,512,8192,35659776,129]
[0,0,67108864,0,0,0,0,16,1048576,0,0,0,0,33554432,0,0]-[0,2048,2149581312,0,0]
[0,0,0,0,0,0,0,0,134217728,0,0,16,0,536870912,0,0]-[0,134217728,16,32,256]
[0,0,0,0,0,0,0,0,0,8192,4096,0,0,0,0,0]-[2097152,2818572288,64,1140932610,266240]
[0,0,0,1024,0,0,0,0,134217728,0,0,0,0,0,0,0]-[16777216,0,67108864,8,512]
[0,0,67239936,0,0,0,0,0,0,0,0,0,0,0,0,0]-[4784128,67373057,1073750536,18878480,98370]
[1048576,0,67108864,0,0,0,0,0,0,0,0,0,0,0,0,0]-[2219409416,2705800264,2249729308,51454279,2703431]
[0,268435456,0,0,0,0,0,0,0,0,4096,0,0,0,0,0]-[1073746752,32780,176161344,268604044,2113664]
[0,0,0,0,0,128,0,0,0,0,0,536870912,0,0,0,0]-[67109152,1048576,536870912,0,0]
[0,0,0,0,0,536870976,0,0,0,0,0,0,262144,0,0,0]-[512,512,4096,64,0]
[0,0,0,0,0,0,64,0,1048576,0,0,0,0,0,268435456,0]-[2147532800,0,0,1048576,0]
[0,0,0,0,0,0,0,0,0,0,0,65536,0,536870912,0,0]-[0,0,16777224,1048576,32]
[0,16,0,0,0,0,8192,0,0,0,2,0,0,0,0,0]-[2147483648,0,201326592,67108864,0]
[0,0,0,0,0,256,0,0,1048576,0,67108864,0,0,0,0,0]-[262144,0,1073741840,134217728,0]
[0,0,83886080,0,0,0,0,16,1048576,0,0,0,0,0,0,0]-[67584,262144,524288,0,0]
[0,0,0,131072,0,0,0,0,0,0,16384,0,0,128,0,0]-[0,1048576,2,2097154,0]
[0,0,67108864,0,0,134217728,0,0,0,0,0,0,0,128,0,0]-[0,16778240,0,2097152,64]
[128,0,0,131072,0,0,0,0,0,0,0,0,0,128,0,0]-[0,0,0,160,131104]
[0,0,0,0,0,4096,0,0,1048576,0,0,0,0,0,33554432,0]-[0,512,128,525312,0]
[0,0,67108864,0,0,256,0,0,1048576,16777216,0,0,0,536870912,0,0]-[0,268435456,0,2147483904,131072]
[0,0,67108864,0,0,0,0,0,0,0,0,0,0,0,1,0]-[134283264,2164264968,102768644,787588,3148948]
[0,0,67174400,0,0,0,0,0,0,0,4096,0,0,0,0,0]-[0,541073408,4096,0,0]
[0,0,67108864,0,0,0,8192,0,0,0,0,0,0,0,0,0]-[2800326735,3076979689,3615013668,2657466364,3852787]
[2097152,0,0,0,524288,0,0,0,0,0,0,0,0,0,0,0]-[540672,2359296,0,0,0]
[0,0,0,16,0,0,0,0,0,0,0,536870912,1048576,0,0,0]-[16908288,67108864,0,512,0]
[0,4096,0,256,0,128,64,0,0,0,0,0,0,0,0,0]-[2097152,65538,1073741824,0,0]
[0,0,0,0,0,0,0,0,0,0,0,0,0,536870912,0,128]-[262144,285212672,67108864,1073741888,0]
[0,0,67108864,0,0,0,0,0,68157440,0,0,0,0,0,0,0]-[2147485696,302006276,524296,4718608,524288]
[0,0,0,0,0,0,0,268435472,0,0,0,0,0,128,0,0]-[64,8388608,0,80,0]
[0,0,0,0,0,0,0,0,0,0,4096,0,536870912,536870912,0,0]-[1073741824,8,33570816,0,0]
[0,0,0,0,0,0,0,0,0,0,0,64,0,0,8,0]-[0,134283520,128,0,0]
[0,0,1073741824,0,0,0,0,0,0,0,67108864,0,0,128,0,0]-[0,8388608,1073741952,0,32]
[0,0,67108864,0,0,0,0,16,256,0,0,0,0,0,0,0]-[0,2064,2048,0,16384]
[0,0,0,256,0,0,8192,0,0,0,0,0,512,0,0,0]-[0,4096,0,24576,128]
[0,1024,0,0,0,0,0,0,0,0,0,0,2,128,0,0]-[2097664,2048,128,0,0]
[0,0,1,0,67108864,8192,0,268435456,0,0,0,0,0,0,0,0]-[0,32768,16781312,128,0]
[0,0,0,0,0,0,0,16,1048576,0,0,0,8388608,0,0,0]-[16384,512,8388608,33554432,0]
[0,0,67108864,0,0,0,0,16,0,0,0,0,0,0,16,0]-[0,0,256,2097200,0]
[0,0,0,0,0,64,64,0,1048576,0,0,0,1048576,0,0,0]-[2147485696,128,0,64,0]
[0,524288,0,0,0,0,0,0,134217728,0,0,0,0,0,0,0]-[0,65664,66560,268435456,131336]
[0,0,0,0,0,128,0,0,0,0,0,0,0,128,0,0]-[270532608,67108864,1610661888,1140850816,1048576]
[0,0,0,0,0,0,0,0,0,0,0,0,8,536871040,0,0]-[68,65536,131072,0,0]
[0,0,0,0,0,512,0,0,0,0,4096,0,0,0,0,0]-[0,33685808,1342177921,2048,8]
[0,0,0,0,0,256,0,256,0,0,4096,0,1048576,0,0,0]-[0,0,134283264,67112960,0]
[128,0,0,0,0,8192,0,0,1048576,0,0,0,8,0,0,0]-[33554432,268435456,0,1073741824,256]
[0,0,0,0,0,8196,0,0,0,0,0,0,0,0,0,0]-[2097152,0,16777220,32768,0]
[0,0,67108864,1024,262144,0,0,0,0,0,0,2048,0,0,0,0]-[0,8192,0,7,0]
[0,0,0,0,0,0,0,0,0,0,134217728,0,1048576,0,0,0]-[1077936384,0,67108928,128,131584]
[128,0,0,0,0,0,8192,0,0,0,0,32,0,128,0,0]-[33554432,0,0,268501008,0]
[0,0,0,0,0,0,0,16,0,0,0,0,256,0,0,0]-[1572864,4211202,17600528,285737009,3149824]
[0,536870912,67108864,0,0,0,0,0,1048576,0,0,0,1048576,0,0,0]-[0,0,1073741824,34,1]
[2048,0,0,0,0,0,0,0,0,0,0,0,1048576,0,32768,0]-[1,68159488,37748736,67108864,32768]
[0,0,67108864,0,0,16384,2048,0,0,0,0,0,0,0,0,0]-[4096,512,0,1024,128]
[0,0,83886080,0,0,0,0,0,0,0,0,0,1048576,128,0,0]-[2097152,268437504,0,8,1048576]
[0,0,0,0,0,64,0,16,0,0,0,0,0,128,0,0]-[32848,67108896,2158100482,96,1310752]
[0,0,67108864,0,67108864,0,0,1073741824,1048576,0,0,0,0,0,0,0]-[65536,256,0,2105344,0]
[128,0,67108864,0,0,0,0,0,8388608,0,0,0,0,0,0,0]-[32,163872,67633152,0,0]
[0,0,0,0,0,0,0,0,1073741824,0,4096,0,0,0,0,0]-[0,0,1342242816,369115136,2097152]
[0,0,0,0,0,0,0,16,135266304,64,0,0,0,0,0,0]-[16400,8388608,0,256,1]
[0,0,67108864,0,0,0,0,0,0,16384,0,0,0,0,0,0]-[247533673,2518972425,1177133064,328020,3916035]
[0,1073741824,0,0,0,0,0,0,0,0,0,0,1048576,536870912,0,0]-[4096,0,4096,1069056,5122]
[0,0,0,16,0,0,0,0,0,0,0,67108864,0,0,0,0]-[0,8192,524288,8388608,131072]
[0,0,0,0,0,0,0,0,0,0,0,0,0,536870912,0,524288]-[0,0,0,8521732,0]
[128,0,0,0,0,0,0,16,134217728,0,0,0,0,0,0,0]-[16384,2048,0,16416,0]
[8388608,0,0,0,0,0,0,0,0,0,67108864,0,0,0,0,0]-[0,8388608,276824064,0,32]
[0,33554432,83886080,0,0,0,0,0,0,0,0,0,0,128,0,0]-[8,67108864,0,262144,524288]
[0,0,0,0,16,0,0,0,1048576,0,4096,0,0,0,0,0]-[0,0,128,33558784,0]
[0,0,100663296,0,0,0,0,0,0,0,0,0,0,128,0,0]-[2,536870912,0,130,0]
[0,0,0,0,0,0,0,0,134217728,0,0,0,0,0,0,32]-[128,524800,1,2,4608]
[0,0,67108864,0,0,0,0,0,1048576,67108864,0,0,0,0,1073741824,0]-[0,512,1073741824,4098,0]
[0,131072,0,0,0,0,0,0,0,0,0,0,0,128,0,0]-[271713792,268435488,1075838982,75563108,128]
[0,0,67108864,0,0,0,0,0,1048576,0,0,0,0,0,33554432,131072]-[0,536870912,524288,4194336,0]
[0,0,67108864,65536,0,0,0,0,0,0,0,0,8,128,0,0]-[0,0,0,262168,128]
[0,0,0,32768,4,0,0,0,0,0,0,0,0,0,0,0]-[268435456,655360,0,16,0]
[0,0,0,0,0,0,8704,0,0,0,0,0,0,0,0,0]-[131072,1208483840,32,0,131112]
[0,0,0,0,0,8192,0,0,1056768,0,0,0,0,0,0,0]-[8,4,17039364,32768,20480]
[0,0,0,0,0,0,0,0,1048576,0,1024,0,0,0,0,0]-[4,16,8388608,1245708288,0]
[0,268435456,0,0,0,0,0,16777216,0,0,0,0,0,0,0,0]-[512,0,2098176,2,0]
[0,0,1140850688,0,0,0,0,0,0,0,0,16384,0,0,0,0]-[33554432,32,4,33554432,0]
[0,0,16777216,0,0,0,0,256,0,0,0,0,262144,0,0,0]-[268435456,2,1048576,0,2]
[67108864,0,256,0,0,0,0,0,0,0,0,0,0,128,0,0]-[268435456,545259520,131072,0,0]
[0,0,0,0,0,0,64,0,134217728,0,0,0,0,128,0,0]-[80,1310721,538968064,0,524288]
[0,0,0,131072,0,64,0,0,0,0,0,0,0,0,0,0]-[41943040,138412032,0,0,0]
[0,16384,0,0,0,0,0,0,0,0,0,0,0,128,0,0]-[33558853,131072,554041474,8522242,2097248]
[0,0,0,0,0,0,0,0,135266320,0,0,0,0,0,0,0]-[32769,0,16777280,0,0]
[0,0,0,8,0,0,0,0,0,0,4096,0,0,0,0,0]-[1073823744,557842728,16,2048,65576]
[0,0,0,0,0,0,0,16,0,0,4096,0,0,0,4,0]-[4608,0,134221824,272777216,8]
[0,0,64,0,0,0,0,0,0,0,67108864,0,0,0,0,0]-[0,0,4096,8704,4096]
[0,0,67108864,0,0,0,0,0,0,0,0,0,8,0,0,32768]-[67108864,1,2147549184,262144,0]
[0,0,67108864,0,67108864,4,0,0,1048576,0,0,0,0,0,0,0]-[0,33816832,0,16,0]
[0,0,0,0,0,0,0,16,0,131072,0,0,0,0,0,0]-[0,67633152,0,128,16]
[0,0,0,0,0,256,8192,0,0,2097152,0,0,0,0,0,0]-[67117056,0,0,268435712,0]
[0,0,0,0,0,0,0,1024,0,0,0,32,0,0,0,0]-[4,1,8388608,32768,0]
[0,0,0,0,0,0,0,2097168,0,0,0,0,0,0,0,0]-[1082130432,2097152,16,0,0]
[0,0,0,0,0,0,64,0,0,0,0,1073741856,0,0,0,0]-[0,528,0,1073741824,2097152]
[0,0,0,0,0,512,0,16777216,0,0,0,0,0,0,0,0]-[526352,32,0,0,0]
[0,0,67108864,0,0,0,0,0,134217728,0,4096,0,256,0,0,0]-[2112,8,1073741824,0,0]
[0,0,67108864,0,0,0,0,134217728,0,512,0,0,0,0,0,0]-[8390656,0,2148007936,0,0]
[0,0,0,0,0,0,0,0,0,0,0,32,0,1048576,0,0]-[1,0,0,34078720,32]
[0,0,0,0,16777216,128,0,0,0,0,0,0,0,0,0,0]-[335544320,0,128,0,16384]
[0,0,0,0,0,0,0,0,1048576,0,0,0,0,0,0,1]-[172416,671088644,33685504,302120960,8450]
[0,0,0,0,0,0,0,0,0,0,41943040,0,0,0,0,0]-[16777216,0,0,32,270336]
[0,0,0,0,0,8704,0,0,0,0,4096,0,0,0,0,0]-[0,264,513,0,0]
[0,4096,0,0,0,0,0,0,0,0,0,0,0,0,33554432,0]-[2621440,8388608,0,0,64]
[128,0,67108864,0,67108864,0,8192,0,0,0,0,0,0,0,0,0]-[0,264192,0,4194304,524288]
[0,0,0,0,0,0,0,0,0,0,0,32,0,0,16777216,0]-[0,268435456,134217728,0,528]
[0,0,0,0,134217728,0,0,0,33554432,0,0,0,0,0,0,0]-[536870914,134217728,0,0,2]
[0,0,1073741824,0,0,0,0,0,135266304,0,0,0,0,128,0,0]-[2048,262144,8388608,0,1024]
[0,0,0,0,262144,0,0,2097152,0,0,0,0,0,128,0,0]-[1048576,64,0,1073741824,65536]
[0,0,67108864,0,0,0,0,0,0,0,0,0,1048576,0,0,16384]-[4160,16859140,35659776,256,1024]
[0,0,67108864,0,0,0,0,0,0,0,33558528,0,0,128,0,0]-[2097153,536871936,0,0,32768]
[0,0,0,0,0,0,0,0,131072,2,0,0,0,0,0,0]-[4,8,8193,0,0]
[0,0,67108864,0,0,0,0,0,0,0,67108864,0,0,0,4,0]-[0,1024,589824,16,0]
[128,0,0,0,0,0,0,0,0,33554432,0,0,0,0,0,0]-[262656,0,1024,0,524288]
[0,0,0,0,0,0,0,8,0,4096,0,0,0,0,0,0]-[128,9216,0,2048,0]
[0,0,0,0,0,0,8192,16,1048576,0,0,0,1048576,0,0,0]-[2147483648,0,16777216,2112,16]
[0,0,0,2147483648,0,0,0,0,0,1024,0,0,0,0,0,0]-[8192,0,16,8192,2]
[0,0,0,0,0,0,0,0,134217728,0,4096,0,1048576,0,0,0]-[293947456,67108965,41943059,4346148,645128]
[1024,0,0,0,0,0,0,0,0,0,0,8,0,0,0,0]-[0,256,671088640,0,128]
[0,0,67371008,0,0,0,0,8388608,0,0,0,0,0,0,0,0]-[0,8,2147483648,256,64]
[0,0,67108864,0,0,0,4096,0,1048576,0,0,0,0,0,0,0]-[2281701376,40960,37751304,35127376,16]
[0,0,0,0,0,0,0,0,524288,0,0,0,0,128,0,0]-[579,17826849,32,2048,524324]
[0,0,0,0,0,0,0,0,0,0,0,8388608,32,0,0,0]-[0,1073741856,2,16384,0]
[0,0,0,0,0,0,0,0,17825792,0,0,32,0,0,0,0]-[0,269484032,4194304,2048,0]
[0,0,67108864,0,0,0,0,0,135266304,512,0,0,0,0,0,0]-[0,0,8192,1536,131072]
[0,0,67108864,0,0,0,0,0,135266304,0,0,0,0,0,536870912,0]-[0,0,1073741824,256,524289]
[0,0,0,0,0,64,8192,0,0,0,0,32,0,0,0,0]-[0,536870912,16777216,256,2048]
[0,0,1024,0,0,0,0,0,134217728,0,0,0,0,128,0,0]-[268437632,32,537001985,268435456,0]
[0,128,67108864,0,0,0,0,0,1048576,0,0,0,1048576,0,0,0]-[4,0,0,41024,0]
[0,0,67108868,0,0,0,8192,0,0,0,0,0,0,128,1024,0]-[2097152,2112,0,134217728,0]
[0,0,0,0,0,0,0,16,1048576,0,0,0,8,0,0,0]-[16,276824084,2112,134219776,16]
[0,128,0,0,2147483648,0,0,0,0,0,0,0,0,0,0,0]-[0,67108864,262144,36864,0]
[0,0,0,0,0,0,0,16,0,0,0,4096,1048576,0,0,0]-[64,67616,134217728,0,4096]
[0,0,0,0,0,0,0,0,134217728,0,0,0,0,128,16384,0]-[536870912,2,8,16777216,0]
[0,0,0,0,0,0,64,0,0,0,0,0,0,524288,0,0]-[0,1048577,536871936,0,2097152]
[0,0,0,0,0,0,64,0,1048576,0,4096,0,0,32,0,0]-[262144,0,0,33024,128]
[0,0,67108864,0,8388608,0,64,0,134217728,0,0,0,0,0,0,0]-[0,536936456,0,256,0]
[0,0,0,8388608,0,0,0,0,0,0,4096,32,0,0,0,0]-[268435457,0,64,33554432,0]
[0,0,67108864,0,0,0,0,0,0,0,524288,0,0,128,0,0]-[2097152,0,32768,132,0]
[0,0,67108864,0,0,16777216,0,0,0,0,0,0,0,0,33554432,0]-[2097152,4194304,3584,16777216,2176]
[0,0,0,0,0,0,64,16,134217728,0,4096,0,1048576,0,0,0]-[16384,67108872,0,256,0]
[128,0,0,0,0,128,0,0,0,0,0,0,262144,0,0,0]-[270532864,0,16777216,0,0]
[0,0,0,0,0,8256,0,0,0,0,0,0,0,0,0,256]-[0,1073741824,4096,0,130]
[0,0,0,0,65536,0,0,0,0,0,0,0,1048576,0,0,0]-[49154,67108866,0,20972032,2106368]
[0,0,16777216,0,0,0,64,0,16777216,0,0,0,0,0,0,0]-[545259776,1024,0,0,0]
[0,0,0,0,0,0,128,0,0,0,0,8388608,0,0,0,0]-[528,32768,524288,0,0]
[0,0,67108864,0,2048,0,0,0,0,0,0,0,256,0,0,0]-[0,4194816,524288,262144,0]
[1024,0,0,1048576,0,0,64,0,1024,0,0,0,0,0,0,0]-[4,134221824,8192,0,0]
[0,0,0,0,0,0,0,16,0,0,0,0,5242880,0,0,0]-[0,75497472,0,35651584,0]
[0,0,67108864,524288,0,0,0,0,0,0,0,0,0,0,0,0]-[52428808,2684375585,1112050700,66393,133142]
[0,0,0,0,0,0,0,0,4,0,0,0,1,0,0,0]-[0,557056,0,512,2]
[0,0,67108864,0,0,2,0,0,1048576,0,0,0,0,0,0,0]-[0,260,2048,33554432,0]
[0,0,67108864,0,0,0,1073741824,0,1048576,0,0,0,0,0,0,0]-[0,37748752,532512,512,129]
[0,0,67108864,0,4194304,16,0,0,0,0,0,0,0,0,0,0]-[0,16777224,0,8192,131072]
[0,0,0,0,0,0,0,0,1048576,0,0,0,0,2147483648,0,0]-[19185792,148702336,545294408,2754646530,2105600]
[0,0,67108864,0,0,0,0,0,0,0,0,1,0,128,0,0]-[2097164,536872000,524288,134217728,0]
[0,0,0,0,0,256,0,0,0,0,0,1,0,0,0,0]-[2097152,2097160,536870912,0,0]
[0,0,67108864,0,0,0,0,0,0,0,1073741824,0,0,0,0,0]-[2267549773,2768607564,2519763984,2181931685,1723776]
[0,0,0,0,0,0,0,0,0,0,0,0,1048576,0,8192,0]-[192,1073741824,16779280,33554432,512]
[0,512,8388608,0,0,0,0,0,0,0,4096,0,0,0,0,0]-[1073742336,4,1073741824,0,0]
[0,0,67108865,0,0,0,0,0,0,2147483648,0,0,0,0,0,0]-[0,16,33558528,0,1048576]
[0,0,2147483648,0,0,33554432,0,0,1048576,0,0,0,0,128,0,0]-[16384,0,1073741824,64,8192]
[0,0,0,0,0,0,0,0,1024,0,4096,0,1048576,0,0,0]-[0,0,0,67239936,32800]
[0,0,67108864,0,0,0,0,0,16777216,512,0,0,0,128,0,0]-[138412032,2147483648,66816,0,0]
[0,0,0,0,0,0,0,0,1048576,0,0,1048576,262144,0,0,0]-[1572864,4096,2,0,0]
[0,0,0,0,0,0,0,0,4194304,0,0,0,16384,0,0,0]-[0,0,67108864,822083584,0]
[0,0,0,0,0,0,0,0,0,0,0,32768,0,128,0,0]-[580,1,537264130,805306368,262144]
[0,0,67108864,0,32768,0,0,0,0,0,0,0,0,0,33554432,0]-[0,2147491840,0,4096,256]
[0,0,0,0,0,0,0,4096,0,0,0,0,0,0,2048,0]-[0,150995456,0,131072,0]
[8388608,0,0,0,0,0,65536,0,0,0,0,0,0,0,0,0]-[262144,545259520,0,0,2048]
[0,0,0,0,0,0,0,0,1048576,0,0,0,0,0,8388608,0]-[17072128,268435456,25165824,536870912,20]
[0,33554432,0,0,0,0,0,0,0,0,0,0,0,0,8192,0]-[16777728,33554432,0,0,4]
[0,0,0,0,0,64,0,0,0,0,4194304,0,0,128,0,0]-[8,0,6,0,1048576]
[0,256,67108864,0,0,0,0,16,0,0,0,0,64,0,0,0]-[64,0,2048,33554448,0]
[0,0,0,0,0,8192,0,0,1048576,0,0,0,131072,0,0,0]-[0,2147483648,0,16842752,4096]
[0,0,0,0,0,0,0,0,0,0,4096,0,262144,0,268435456,0]-[268435456,0,0,71304192,0]
[0,0,67108864,2097152,0,0,0,0,0,0,4096,0,0,128,0,0]-[0,2048,524320,2,0]
[0,0,0,0,0,0,64,0,16,0,0,0,0,0,0,0]-[0,134483984,0,512,24576]
[0,0,67108864,0,0,64,0,0,0,0,8388608,131072,0,0,0,0]-[0,2097152,0,64,132]
[0,0,67371008,0,0,0,524288,0,16777216,0,0,0,0,0,0,0]-[0,2147483680,256,16777216,0]
[0,0,67108864,0,0,256,0,0,0,0,4096,0,0,0,0,0]-[2485715777,386114920,1342263892,2284163212,181632]
[0,0,0,0,2048,0,8192,0,0,0,0,0,0,128,0,0]-[16386,32,8388608,262144,262144]
[0,0,1024,0,0,0,0,0,0,0,0,0,0,524288,0,0]-[1073743872,0,524288,0,1]
[0,0,67108864,0,0,0,2,0,0,0,0,16384,0,0,0,0]-[32,0,524288,0,16512]
[0,0,67108864,0,524288,0,0,0,0,0,0,0,1048576,0,0,0]-[0,2049,16,33554432,0]
[0,0,67108864,0,0,0,0,0,0,0,0,0,0,256,0,0]-[41943040,2181113857,8192,2098273,1088]
[128,0,0,0,0,0,16,0,0,0,0,0,0,0,0,0]-[262144,1024,0,1048576,4]
[128,0,0,0,0,0,0,0,0,0,4096,16384,0,0,0,0]-[16384,0,8388608,98304,0]
[0,0,0,0,0,0,0,0,0,0,4096,0,0,0,262144,0]-[65600,4194308,4096,67256320,4096]
[0,0,0,0,0,2048,1073741824,0,0,0,0,0,1048576,0,0,0]-[2,2,1,512,0]
[0,0,67108864,0,0,0,0,0,0,37748736,0,0,0,0,0,0]-[2048,16384,1024,0,524288]
[0,268435456,67108864,1024,0,0,0,0,0,0,0,0,0,0,0,0]-[0,16,0,32784,2097152]
[0,128,0,0,0,2147483648,0,0,0,0,0,0,0,0,0,0]-[277872640,0,1073741840,0,262144]
[128,0,0,0,0,0,0,0,1048576,0,0,268435456,0,0,0,0]-[16384,0,33554432,32768,524288]
[0,0,67108864,0,0,0,0,0,0,0,0,512,0,0,0,0]-[50331648,21238072,3321897512,2181334020,559239]
[0,0,67108864,0,0,1073741824,0,0,0,0,4096,0,65536,0,0,0]-[0,2147484672,0,262144,128]
[0,0,67108864,0,0,0,0,16777232,0,0,0,0,1048576,0,0,0]-[0,2080,0,2181038080,16384]
[0,0,0,0,0,8192,0,0,0,0,0,0,0,0,1073741824,0]-[0,1073741824,32768,0,296]
[0,0,0,0,67108864,0,0,0,0,0,0,0,0,0,32,0]-[0,514,2147483648,8192,0]
[0,0,67108864,0,0,0,0,0,0,0,0,0,0,2147483776,0,0]-[0,263232,40960,2101254,32768]
[0,0,0,0,0,0,0,0,0,0,0,0,0,2147516416,0,0]-[1048576,134217728,0,4098,0]
[524288,0,0,0,0,0,8192,0,0,0,0,0,0,0,0,0]-[2097152,167772160,524288,0,0]
[536870912,0,0,0,0,256,0,16,0,0,4096,0,1048576,0,0,0]-[64,0,134221824,67108864,0]
[0,0,0,0,0,8224,536870912,0,0,0,0,0,0,0,0,0]-[0,8388616,2,0,32768]
[0,0,67108864,0,67108864,0,0,8192,1048576,0,0,0,0,0,0,0]-[0,4194304,1073741824,2105344,0]
[0,0,0,0,0,0,0,512,0,0,0,0,0,65536,0,0]-[1024,0,4,1024,8192]
[0,0,0,0,0,256,0,0,1048576,0,0,0,0,128,0,0]-[2572697,294716256,1636573345,1008802034,1975492]
[0,0,0,0,0,0,0,0,32768,0,4096,0,0,128,0,0]-[2097152,32,8388608,0,65536]
[0,0,67108864,0,0,0,0,16,0,0,0,0,0,0,0,262144]-[12648448,0,0,16777216,0]
[2147483648,0,0,0,0,0,0,16,0,0,0,0,0,0,0,0]-[524288,75563024,64,100663296,270337]
[0,0,67108864,0,16384,0,0,0,0,0,0,0,0,0,536870912,0]-[0,0,67174400,4112,0]
[128,8388608,0,0,32,0,0,0,0,0,0,0,0,0,0,0]-[0,0,0,1090519040,48]
[0,0,0,0,0,0,0,0,0,0,0,8388608,1048584,0,0,0]-[536870913,0,1,0,128]
[128,0,0,0,0,64,0,0,0,0,0,0,0,536870912,0,0]-[16448,0,1024,2147483648,0]
[0,0,134217728,0,0,0,8192,0,1048576,0,0,0,0,0,33554432,0]-[0,536871168,16777216,32,0]
[0,0,2214592512,0,0,0,0,0,0,0,4096,0,0,0,0,0]-[0,16,0,4195332,0]
[0,0,0,0,0,0,0,0,0,0,512,0,67108864,0,268435456,0]-[536870912,0,524288,1024,1024]
[0,0,536936448,0,0,0,0,0,0,0,0,0,0,0,0,0]-[0,524288,8192,131072,1024]
[0,0,0,0,0,0,0,0,0,0,0,16777216,8,128,0,0]-[268435456,1,524288,16,0]
[0,0,0,0,2097152,0,0,0,0,0,2101248,0,0,0,0,0]-[4096,0,0,131200,128]
[0,0,0,0,0,0,0,2147483648,1048576,0,0,0,0,0,0,4]-[0,512,16777232,2,0]
[0,0,67108864,0,0,0,0,0,0,4096,0,0,1048576,128,0,0]-[0,67125284,4259840,134217728,32832]
[1073741824,0,0,0,8192,0,0,0,0,0,0,0,0,0,0,0]-[0,8654848,0,0,266240]
[128,0,67108864,0,0,256,0,0,0,0,0,0,0,262144,0,0]-[0,2048,1032,65536,0]
[0,0,67108864,0,0,0,0,16,0,0,33554432,0,0,0,0,0]-[524352,0,0,0,144]
[0,0,0,0,0,0,0,16,1048578,0,0,0,0,0,0,0]-[0,0,2048,2449473536,0]
[0,67108864,0,0,262144,0,0,0,0,0,0,0,0,0,0,0]-[67109888,0,16,0,524288]
[0,0,0,0,0,0,0,0,4096,0,0,0,0,32,0,0]-[0,1048576,0,16778240,131072]
[0,0,0,16,0,0,0,8,0,0,0,0,1048576,0,0,0]-[1073741824,0,0,786432,512]
[0,0,0,0,32,256,0,0,0,0,0,0,0,0,0,0]-[2148532736,8388608,65536,2149580804,0]
[0,0,67108864,0,32,0,0,0,0,0,0,0,0,128,0,0]-[16777248,0,2048,8192,0]
[0,0,0,0,0,0,64,0,0,0,0,0,0,0,134217728,0]-[64,1073741824,32768,0,8]
[0,0,0,67108864,0,0,0,0,0,0,4096,0,0,0,0,0]-[1073745921,4,134217728,2048,32768]
[0,0,0,0,0,0,0,16,0,0,0,0,0,8192,0,0]-[16,67633184,16777216,2181038080,262144]
[536870912,0,67108864,0,0,0,0,0,134217728,0,0,0,0,0,0,0]-[0,320,4,0,256]
[0,0,67108864,0,0,0,0,0,0,512,0,0,1048832,0,0,0]-[0,512,0,16777232,16384]
[0,262144,0,0,0,0,0,0,0,0,0,0,0,536871040,0,0]-[0,16779264,0,1073741824,2097152]
[0,0,68157440,0,0,0,0,0,134217728,0,0,0,0,128,0,0]-[0,536871168,2097152,0,524288]
[0,0,67108864,32,0,0,0,0,0,0,4096,0,0,0,0,0]-[2623489,16777252,4608,4352,32768]
[0,0,0,0,0,4352,0,0,0,0,0,32,0,0,0,0]-[0,1048576,65536,264192,0]
[0,0,0,0,0,8192,0,524288,0,0,0,8,0,0,0,0]-[0,3221225472,536870912,0,2]
[0,0,0,0,0,0,32768,24,0,0,0,0,0,0,0,0]-[0,2048,64,2147483648,4096]
[0,0,0,1,0,0,0,16,0,0,0,131072,1048576,0,0,0]-[0,67108864,0,33554448,4096]
[0,128,0,0,0,0,0,0,0,0,67108864,0,0,0,0,0]-[131076,8,65536,0,0]
[128,0,0,0,0,0,0,16,0,0,0,32,0,0,0,0]-[262144,0,8192,163840,0]
[0,0,0,0,536870912,256,0,0,1048576,0,0,0,1048576,0,0,0]-[393216,1048576,16,2147483648,8192]
[0,0,16384,0,0,64,0,0,1048576,0,0,0,0,0,0,0]-[128,0,2048,8192,128]
[1024,0,0,0,0,0,0,0,0,0,4096,0,1048576,0,0,0]-[64,83886084,0,8,8]
[0,0,67108864,0,0,0,0,0,0,0,0,0,1048576,0,128,0]-[4,2147483648,2048,32768,0]
[0,0,67108864,0,0,0,2097152,0,0,0,0,0,1048576,0,0,0]-[2147483648,2097152,1107296768,16777728,65536]
[0,0,0,0,0,256,64,16,1048576,0,0,0,0,128,0,0]-[0,8388608,0,469762048,0]
[0,0,100663296,0,0,0,0,8,0,0,0,0,0,0,0,0]-[4098,262144,1073741824,2097152,0]
[0,0,0,0,0,0,0,0,0,0,0,32,0,0,0,32]-[528,2415919104,100663360,4194304,0]
[0,0,4096,0,67108864,0,0,0,0,0,0,0,0,0,0,0]-[8320,256,1073758208,16777216,520]
[0,0,67108864,0,0,0,2048,0,0,0,4096,0,0,0,0,0]-[8392704,139520,4608,4231168,2097154]
[0,0,0,0,0,0,0,16,1048576,0,0,0,1,0,0,0]-[264193,0,0,8192,0]
[0,8192,1073741824,0,0,0,0,0,0,0,0,0,0,0,0,0]-[16384,64,16777216,524288,0]
[0,0,0,0,0,8192,64,0,1048576,0,0,0,1048576,0,0,0]-[33619968,0,536870912,1073741824,0]
[0,131072,0,0,0,0,0,8,0,0,0,0,0,0,0,0]-[4608,0,1073741824,0,512]
[8388608,0,0,0,0,0,0,0,0,0,0,0,0,128,0,0]-[2359816,1888551936,9043971,2359302,3145760]
[0,0,67108864,0,0,0,0,0,0,33554432,0,0,0,0,4194304,0]-[67108896,16777216,0,0,64]
[0,0,67108864,0,0,0,0,32768,1048576,0,0,0,0,0,0,0]-[0,4194304,0,4199648,128]
[0,0,67108864,128,0,0,0,0,0,0,0,0,0,0,0,0]-[226560104,2164462717,39887148,2301633456,655491]
[0,0,67108864,0,268435456,0,0,0,0,0,0,0,0,0,33554432,0]-[524288,65536,0,512,64]
[0,0,0,0,0,8192,0,16,0,0,0,0,0,128,0,0]-[541081626,8224,1048576,1342246944,270344]
[0,0,67108864,0,0,0,33554432,0,0,0,0,0,0,128,0,0]-[1,262144,2147483648,0,1048576]
[128,0,0,0,0,2147483648,0,0,1048576,0,0,0,0,0,0,0]-[0,132,1,0,8192]
[0,0,0,0,0,256,33554432,0,0,0,0,0,0,0,0,0]-[0,32768,532480,16384,0]
[0,0,67108864,0,0,0,0,0,1048576,0,0,0,1048576,0,33554432,0]-[16777217,512,0,1048848,1049600]
[0,4096,0,0,0,0,0,0,0,0,0,0,0,536875008,0,0]-[0,0,131072,0,2113600]
[0,0,67108864,0,0,8320,0,0,0,0,0,0,0,0,0,0]-[65536,8192,32768,128,0]
[0,0,67108864,0,0,0,0,0,8,0,0,0,1048576,0,0,0]-[0,0,2162688,0,2097216]
[0,0,0,0,0,0,0,16,0,1048576,0,0,0,0,0,0]-[525312,532546,134381984,2214617090,1048577]
[128,2097152,1024,0,0,0,0,0,1048576,0,0,0,0,128,0,0]-[16384,0,0,130,4]
[0,0,4194304,0,0,0,0,131072,0,0,0,0,0,128,0,0]-[18432,0,524292,0,0]
[128,0,67108864,0,0,16384,0,0,0,0,0,0,0,0,0,0]-[4194304,0,33554432,33,0]
[0,0,0,0,0,0,64,0,0,0,0,32,0,128,0,0]-[1048576,0,524320,0,128]
[0,128,67108864,0,0,0,0,0,4,0,0,0,0,0,0,0]-[8,0,2114560,0,0]
[128,0,8388608,0,0,0,0,0,0,0,0,0,0,0,0,0]-[4194304,0,536920064,1065152,32]
[2,0,0,0,0,0,0,16,0,0,0,0,0,0,0,0]-[0,524288,576,256,0]
[0,0,0,32,0,0,0,0,1048576,0,0,0,0,128,0,0]-[36046865,1073742112,1619796096,1612710434,64]
[0,0,83886080,0,0,0,0,16,0,0,4096,0,0,536870912,0,0]-[65536,263168,0,1024,0]
[0,0,67108864,0,262144,0,0,65536,0,0,0,0,0,0,1,0]-[4,768,0,0,2]
[0,0,0,0,0,128,0,0,135266304,0,0,0,0,0,0,0]-[65536,0,0,1073742080,1]
[0,0,524288,0,0,0,0,0,16777216,0,0,0,0,0,0,0]-[524288,256,0,2147483648,4096]
[256,0,0,0,0,0,0,0,0,0,0,0,8,0,0,0]-[0,16777728,128,1073741824,0]
[0,0,0,0,0,0,0,0,0,0,4096,0,0,128,2147483648,0]-[262144,256,0,67436544,32928]
[0,0,0,0,8,0,0,524288,1048576,0,0,0,0,128,0,0]-[1,256,0,536871424,0]
[0,0,0,0,0,0,0,0,0,0,2,0,1024,524288,0,0]-[0,512,67108864,67108864,2048]
[0,0,64,0,0,0,0,0,0,0,0,0,0,128,0,0]-[1179648,64,2148007938,16,65536]
[0,0,0,0,0,0,2,16,1048576,0,0,0,0,0,0,0]-[0,36,16777216,0,1048576]
[0,0,0,16,0,0,0,0,135266304,0,0,0,1048576,0,0,0]-[16908288,4,0,134217728,0]
[1572864,0,134217728,0,0,0,0,0,0,0,0,0,0,0,0,0]-[0,524288,0,65538,128]
[0,0,0,0,0,0,0,0,1048576,0,0,0,0,0,0,65536]-[2147483648,33554432,570425353,2687500352,0]
[0,0,0,0,4,0,0,524288,0,0,4096,0,0,0,0,0]-[512,0,0,268435456,65538]
[0,0,0,1,0,0,0,0,8,0,0,0,0,128,0,0]-[128,16777216,0,1073741824,128]
[0,0,0,0,0,0,0,0,0,0,0,32,0,33554560,0,0]-[131081,0,32,0,0]
[0,0,67108864,0,0,64,0,0,0,0,0,0,1048576,0,1073741824,0]-[0,2147483648,2056,0,4]
[0,16,0,0,0,128,0,0,0,0,0,0,0,0,0,0]-[2147491840,0,0,131072,8192]
[0,0,0,0,0,0,2048,0,1048576,0,0,0,0,128,0,0]-[36044800,537133312,8650912,1210063376,655424]
[0,524288,16777216,0,0,0,0,0,0,0,0,0,0,0,0,16384]-[0,536875008,0,0,8224]
[0,0,0,0,0,0,0,0,1048576,0,0,1073741824,1048576,128,0,0]-[0,0,1073741856,1073741888,0]
[0,0,0,131072,0,8192,0,0,0,0,0,0,0,0,0,0]-[2689073172,16809984,536879104,1024,32]
[0,0,0,0,0,0,0,0,1048576,1024,0,0,262144,0,0,0]-[0,16384,0,256,532480]
[0,0,0,0,0,0,0,0,2,0,0,2,0,0,0,0]-[0,2155872384,0,128,0]
[0,0,0,0,0,0,0,0,1048576,0,0,0,0,0,64,0]-[268435456,524288,1024,0,65536]
[0,1048576,67108864,0,0,0,8192,0,0,0,0,0,1048576,0,0,0]-[0,520,8192,0,2097152]
[128,0,0,0,0,8,0,0,0,0,0,0,0,128,0,0]-[0,0,8421376,136,0]
[0,128,67108864,0,0,0,131072,0,0,0,0,0,0,0,0,0]-[4,0,65540,8192,0]
[128,0,67108864,0,0,0,0,0,0,0,0,0,0,65536,0,0]-[33,0,524288,0,1048576]
[0,0,0,2048,0,0,0,16,1048576,0,0,0,0,128,0,0]-[16,0,0,4224,1048576]
[0,0,0,0,0,0,0,0,0,0,4096,0,67108864,0,0,0]-[2097408,131088,1216348289,263168,2097154]
[0,131072,0,0,0,0,0,0,135266304,0,0,0,0,0,0,0]-[128,4,0,2,4]
[0,0,0,0,0,0,1,524288,0,0,0,0,0,0,0,0]-[0,0,2147487744,0,2097664]
[1073741824,128,67108864,0,0,0,0,0,0,0,0,0,0,0,0,0]-[32,0,268435472,0,128]
[0,0,67108864,0,0,0,0,16,0,2097152,0,0,0,0,0,0]-[67178496,0,1573376,128,128]
[0,0,0,32768,0,0,0,0,0,0,4096,8388608,0,0,0,0]-[16384,2147492096,0,0,0]
[0,0,0,0,0,0,0,131072,0,0,0,0,0,536870912,0,0]-[32768,8194,268435456,0,0]
[0,0,67108864,0,0,0,8192,0,16777216,0,0,0,0,0,0,0]-[2185756672,268443649,4194304,262656,524352]
[128,0,0,0,0,134217728,0,0,0,0,0,0,0,0,0,0]-[67125248,0,1024,0,256]
[0,0,1048576,0,0,0,0,0,0,0,0,0,0,1,0,0]-[1082130432,0,536870912,8,1]
[0,0,67108864,0,0,0,0,0,0,0,8192,0,0,128,0,0]-[0,268435520,1048576,0,1048576]
[0,0,0,32,32,0,0,0,0,0,0,0,0,0,0,0]-[0,2105344,0,4096,8192]
[0,0,8,0,0,0,0,0,0,0,0,0,0,0,67108864,0]-[1073741824,524288,131072,524288,0]
[0,0,0,0,0,0,0,0,0,0,4096,32,1048576,0,0,0]-[278986817,50332672,301989888,302073984,2134178]
[0,0,0,0,0,0,0,0,0,0,0,0,0,536871040,512,0]-[16,1073743872,0,1073741824,0]
[0,0,0,0,0,256,0,0,0,0,0,0,0,0,4,0]-[16,64,0,2147876936,8192]
[0,0,67108864,0,0,0,0,0,0,0,0,0,0,128,4,0]-[2056,268698624,1076363300,136642694,65536]
[0,0,0,0,32768,0,0,0,0,0,0,524288,0,0,0,0]-[1073741824,64,512,2147483648,0]
[2048,0,67108864,0,0,0,0,0,0,0,0,0,0,128,0,0]-[33554432,335546368,0,65536,524416]
[0,268435456,67108864,0,0,0,0,0,0,0,4096,0,1048576,0,0,0]-[0,32768,33554432,4096,16384]
[0,0,67108992,0,0,0,0,16,0,0,0,0,0,0,0,0]-[524288,4,512,0,16]
[0,16384,0,0,0,0,0,0,135266304,0,0,0,0,0,0,0]-[16,0,8,268435488,0]
[16,8,67108864,0,0,0,8192,0,0,0,0,0,0,0,0,0]-[8,0,10240,32768,0]
[0,32,0,0,67108864,0,0,64,0,0,0,0,0,0,0,0]-[512,67108880,16777216,0,0]
[128,0,67108864,0,0,33554432,0,0,0,0,0,0,0,0,0,0]-[65536,4128,0,0,1]
[0,0,0,0,0,0,0,0,0,0,0,0,5242888,128,0,0]-[1048576,0,0,69632,64]
[0,0,1082130432,0,0,0,0,16,17825792,0,0,0,0,0,0,0]-[0,0,0,33556736,8192]
[0,0,1024,0,0,0,0,0,0,0,0,32,0,128,0,0]-[268468224,0,524288,1073741824,2097152]
[0,0,0,0,0,0,0,0,0,0,0,0,0,0,67141632,0]-[0,524288,2147549184,16777216,0]
[0,0,0,0,16,0,0,0,0,0,4096,0,0,128,0,0]-[0,262144,1,4096,32768]
[0,0,32768,0,0,64,0,0,0,0,0,0,0,0,0,0]-[1073741824,65536,0,1073742848,0]
[0,32768,67108864,0,0,256,0,0,0,0,0,0,0,0,0,0]-[0,1536,4096,0,1]
[0,0,67108864,0,0,0,0,0,0,0,4096,2048,0,0,0,0]-[0,262176,16384,33554432,0]
[0,0,67108864,0,0,0,134217728,0,0,0,0,0,0,536870912,0,0]-[0,133120,65536,0,128]
[0,0,0,536870912,0,0,0,0,0,0,0,0,0,536870912,0,0]-[0,268435456,65664,4194304,0]
[0,0,2147483648,0,0,0,0,0,1048576,0,4096,0,0,128,0,0]-[0,1342177280,0,1610612736,0]
[0,0,0,0,0,0,0,0,0,0,0,0,0,536936448,0,0]-[1073742848,8192,0,536871936,8200]
[0,0,67108864,0,67108864,0,64,0,0,0,0,0,0,0,0,0]-[0,32784,268443648,4096,2097156]
[0,0,0,1024,0,0,0,0,0,0,4096,0,0,0,32,0]-[0,553648128,0,131072,4096]
[0,0,0,0,8,0,0,8388608,0,0,0,0,0,0,131072,0]-[16,0,1048576,16777344,0]
[0,0,67108864,0,0,8512,0,0,0,0,33554432,0,0,0,0,0]-[2147549184,4096,4096,0,0]
[0,0,0,0,32768,0,0,0,0,1024,0,0,0,0,0,0]-[4325376,32,1024,0,0]
[0,0,67108864,0,0,0,0,33554432,0,0,0,0,0,536870912,0,0]-[0,2048,67109888,0,524288]
[128,0,67108864,0,0,0,0,0,0,0,0,32,0,0,8192,0]-[134217792,0,32768,33554432,0]
[0,0,0,0,0,0,8,16777216,0,0,0,0,0,67108864,0,0]-[0,0,1,276824064,512]
[0,0,67108864,0,1073741824,256,0,0,0,0,0,0,0,0,0,0]-[2147483648,2098176,5120,2164523009,0]
[0,0,67108864,0,0,0,0,0,0,0,2101248,32,0,0,0,0]-[0,262144,65536,4194432,0]
[0,0,0,0,67108864,0,0,0,1048576,0,0,0,0,0,67108864,0]-[0,1073741828,2048,0,4]
[0,2048,0,0,0,0,0,512,0,0,0,0,0,0,0,0]-[67108864,2097152,67108864,2048,0]
[0,0,65536,0,0,0,0,0,16777216,0,0,0,0,0,0,0]-[1,0,0,72,4096]
[131072,0,0,0,0,0,0,0,262144,0,0,0,0,0,0,0]-[4096,268435520,134217728,0,0]
[0,0,67108864,256,0,0,0,0,134217728,256,0,0,0,0,0,0]-[0,1,16,0,1025]
[0,0,0,0,536870912,320,0,16,0,0,0,0,0,0,0,0]-[2147483648,1048576,4096,2147483648,0]
[0,0,67108864,0,0,0,0,8,0,0,524288,0,0,0,0,0]-[0,0,1082368,128,0]
[32768,0,67108864,0,0,0,0,0,0,0,0,0,0,0,0,0]-[12615750,922763281,1177087488,2181342212,67586]
[0,16,0,0,0,0,0,16,0,0,0,0,0,67108864,0,0]-[0,134283264,2155872256,0,0]
[128,0,0,0,0,8192,0,0,0,0,512,0,0,0,0,0]-[67110912,0,0,131136,0]
[0,0,67108864,0,0,0,0,0,0,524288,0,32,0,0,0,0]-[65,0,0,2181562368,0]
[0,0,0,0,0,0,0,0,0,0,0,16,0,65536,0,0]-[262144,0,0,393216,262144]
[0,0,0,0,0,0,256,16,0,0,0,0,0,0,0,0]-[2148016129,8651776,32768,67108864,1312768]
[0,0,0,0,0,0,0,0,0,0,67108864,0,128,0,0,0]-[0,0,536870912,8224,2097152]
[0,0,67108864,0,0,0,0,0,1048576,256,0,0,0,128,0,0]-[33556481,0,0,0,4]
[0,536870912,0,0,0,0,0,0,0,0,0,0,0,128,0,0]-[65,68157504,128,34,139264]
[0,0,0,0,0,0,0,0,1048576,0,0,2048,0,128,0,0]-[0,8388608,128,0,131200]
[0,8192,67108864,0,0,256,0,16,0,0,0,0,1048576,0,0,0]-[0,268440064,0,256,0]
[0,0,0,16,16,0,0,0,0,0,0,0,0,0,0,0]-[0,0,0,33816576,33280]
[536870912,0,0,4096,0,0,0,0,0,0,0,0,0,0,0,0]-[318767112,0,0,0,0]
[128,0,67108864,0,0,0,0,0,1048576,0,0,0,0,32,0,0]-[0,262144,32776,32,0]
[0,0,1073741824,0,0,0,0,0,0,0,32,0,0,0,0,0]-[0,8704,256,268435456,0]
[0,0,0,1048576,0,0,64,0,0,0,0,0,0,0,0,0]-[262144,0,67112960,0,2]
[0,128,0,0,0,0,0,0,0,0,0,0,1024,0,0,0]-[0,524288,17825792,131072,0]
[0,0,67108864,0,0,64,0,0,0,0,0,0,512,0,0,0]-[64,4352,7200,8193,128]
[0,0,0,0,0,0,0,0,65536,0,1048576,0,0,0,0,0]-[2,1064960,0,32768,0]
[0,128,0,0,0,0,65536,0,0,0,0,0,0,0,0,0]-[32768,524304,0,131072,0]
[0,262144,0,0,0,0,0,0,0,0,0,0,1048576,128,0,0]-[262144,16779264,0,0,8192]
[0,131072,67108864,0,0,0,0,0,0,0,0,0,1048576,128,0,0]-[0,32,0,4,1048704]
[0,0,8,0,0,0,0,0,0,0,0,0,1048576,0,0,0]-[562446465,75499528,167784448,17825800,102408]
[0,0,0,0,0,0,0,0,1048576,64,0,0,0,0,0,0]-[278544,8389120,38273152,570430336,131201]
[0,0,0,0,0,16384,4096,0,0,1,0,0,0,0,0,0]-[0,4194306,16777216,8192,0]
[2048,0,67108864,0,0,0,0,0,0,536870912,0,0,0,0,0,0]-[34078720,272629760,0,0,0]
[0,0,0,0,0,0,0,0,0,4096,0,0,0,0,4194304,0]-[2621440,0,393216,0,0]
[0,0,0,32,0,0,0,0,0,0,0,0,0,0,4,0]-[524288,0,1572864,536870912,0]
[256,0,0,0,0,256,0,0,0,0,4096,0,0,0,67108864,0]-[268435456,0,65536,268435456,4096]
[0,0,67108864,0,0,256,0,0,0,0,0,0,134217728,128,0,0]-[8,0,524288,64,1048576]
[128,0,0,0,0,0,0,0,0,524288,0,0,0,128,0,0]-[64,1024,0,268435520,0]
[128,0,67109888,0,0,0,0,16,1048576,0,0,0,0,0,0,0]-[0,0,32768,33554561,0]
[1,0,67108864,0,0,0,0,0,0,8192,0,0,0,0,0,0]-[0,8,0,2147516416,524288]
[262144,0,0,0,0,0,0,0,0,0,0,0,0,128,0,0]-[302121496,545261568,1048710,67437184,8192]
[128,0,67108864,0,0,0,0,0,0,0,0,0,0,4096,0,0]-[0,0,1024,5242944,0]
[0,0,67108864,0,0,0,0,0,0,1073741824,0,0,1048576,0,0,0]-[134217728,41984,4096,84,0]
[0,2,67108864,0,0,0,0,0,0,0,0,0,0,2048,0,0]-[0,16,540672,8192,0]
[0,0,8388608,0,0,0,0,65552,0,0,0,0,0,0,0,0]-[0,1049088,131072,128,0]
[0,0,0,0,0,64,0,0,0,0,4096,0,256,0,0,0]-[268435456,272,0,0,128]
[0,0,67108864,0,0,0,0,0,135266304,0,524288,0,0,0,0,0]-[65536,262144,0,0,1088]
[0,0,0,0,0,0,0,0,0,0,67108864,0,0,0,33554432,0]-[1179652,8,2147484672,16793600,0]
[0,0,0,0,0,65536,0,0,128,0,0,0,0,0,0,0]-[268697600,0,0,1048577,0]
[0,1024,67108864,0,0,0,64,0,0,0,0,0,0,0,0,0]-[33554464,262144,0,16777216,0]
[0,0,0,0,0,0,0,16,1048576,0,0,0,1048584,0,0,0]-[32768,0,0,100667392,0]
[0,0,0,0,0,0,0,0,0,0,0,0,536870912,128,0,0]-[0,0,131072,268435456,557056]
[0,0,67108864,0,0,0,0,0,0,0,0,0,262144,8388608,0,0]-[0,16796672,0,0,0]
[2048,0,0,0,0,0,2048,0,0,0,0,0,0,0,0,0]-[0,512,8388864,0,2]
[0,0,0,0,2097152,0,0,0,1048576,0,0,0,0,0,0,0]-[131329,536870912,4202560,536871443,8192]
[33554560,0,0,0,0,0,0,0,0,0,0,0,1048576,0,0,0]-[8388608,32,0,0,294912]
[0,0,0,0,67108864,0,0,0,1048576,0,0,0,1048576,0,0,0]-[33833221,1350582292,562309216,1645220736,8213]
[0,0,0,0,2048,0,0,16,0,0,0,0,0,0,0,0]-[16384,4608,2260992,268435488,274432]
[0,0,0,0,0,256,262144,0,1048576,0,0,0,0,0,0,0]-[131072,0,32,0,65]
[0,0,0,0,0,0,0,16,0,0,0,0,1048592,0,0,0]-[8388608,3,0,8,0]
[0,0,67108864,0,0,0,0,8,1048576,0,0,0,0,128,0,0]-[34820,262144,1073774624,16,196]
[0,0,0,0,0,0,32,0,0,0,0,0,131072,0,0,0]-[134217728,512,1,128,0]
[0,0,67108864,0,0,0,262144,0,1048576,0,0,0,0,128,0,0]-[33554432,537133056,8224,16,1048640]
[0,0,0,0,0,0,0,512,0,0,4096,0,0,0,0,0]-[1082130496,0,1073741825,2304,20490]
[0,0,0,0,0,0,0,0,0,0,0,0,134217984,0,0,0]-[2147483648,4194304,0,64,4096]
[0,0,0,0,0,256,0,8,1048576,0,0,0,0,0,0,0]-[1,0,0,536879104,524288]
[16384,0,0,0,0,0,0,16,0,0,0,0,0,0,0,0]-[0,0,545259776,0,16384]
[0,0,1073741824,8192,0,128,0,0,0,0,0,0,0,0,0,0]-[2097152,65536,536870912,16777216,0]
[0,0,0,0,0,0,0,0,1048576,0,8,0,128,0,0,0]-[32,0,2,131072,2048]
[0,0,67108864,0,0,0,2097152,0,2048,0,0,0,0,0,0,0]-[0,536870976,65536,134217728,0]
[0,0,0,0,0,0,0,0,0,0,4096,0,0,4,0,0]-[0,270534656,0,0,262144]
[0,0,0,0,0,16,0,0,0,0,0,0,1048576,0,0,0]-[134217984,2162688,8388616,537067525,2056]
[0,0,0,0,0,0,0,0,2,67108864,0,0,0,0,0,0]-[3,2147483648,134217728,0,0]
[0,0,0,262144,0,0,8192,0,0,0,0,0,0,0,0,0]-[0,16785664,32,2048,2048]
[0,0,0,0,0,2048,0,0,134217728,0,0,16777216,0,0,0,0]-[520,65536,16,0,0]
[0,0,0,0,0,0,0,0,131072,0,0,0,256,0,0,0]-[2147483904,1073741832,8192,8651008,0]
[2048,0,8,0,0,0,0,0,1048576,0,0,0,0,128,0,0]-[2097168,0,32768,0,128]
[0,0,67108864,0,0,0,0,0,0,0,0,0,0,536870912,0,64]-[2,2048,0,320,0]
[0,0,2,0,0,0,0,0,1048576,0,512,0,0,0,0,0]-[16,0,526336,4194304,0]
[0,0,0,0,0,256,0,0,1048576,0,0,2147483648,1048576,128,0,0]-[0,268435456,262144,134217728,64]
[0,0,0,0,0,0,0,0,1056768,0,4096,0,0,128,0,0]-[0,65536,32,1075838976,0]
[0,0,1073741824,0,0,0,0,0,2,0,0,0,0,0,0,0]-[128,2155872256,524288,0,0]
[0,0,67108864,0,0,256,0,0,262144,8192,0,0,0,0,0,0]-[0,16779264,0,8193,0]
[0,0,0,0,67108864,0,0,0,2147483648,0,0,0,0,0,0,0]-[0,2147500032,66049,512,0]
[0,0,67108864,0,0,0,0,0,1048576,0,0,0,2048,128,0,0]-[0,65536,524288,130,0]
[0,0,0,0,0,0,0,16,0,0,0,0,262208,0,0,0]-[524304,0,2,0,1048576]
[0,0,67108864,0,0,0,0,0,0,0,0,0,1081344,0,536870912,0]-[0,32776,0,2147483664,0]
[2048,0,0,0,262144,0,64,0,1048576,0,0,0,0,0,0,0]-[4,1048592,536870912,0,0]
[0,16777216,0,0,0,0,64,0,1048576,0,0,0,0,0,0,0]-[0,536870912,0,539492352,0]
[0,268435456,67108864,0,0,256,0,0,262144,0,0,0,0,0,0,0]-[0,2048,256,8192,128]
[0,0,0,0,0,0,0,16,512,0,0,0,0,0,0,0]-[16384,524288,0,16384,2097152]
[128,0,603979776,0,0,0,0,0,0,0,0,0,0,0,268435456,0]-[33554432,268435456,1024,8,0]
[0,8,67108864,0,0,64,0,0,0,0,0,0,0,0,0,0]-[0,2147516672,40960,0,2051]
[0,0,0,0,0,256,0,134217728,1048576,0,0,0,0,0,0,0]-[262400,65536,64,0,0]
[128,0,0,0,0,8192,0,0,0,0,0,0,0,536870912,0,0]-[33554432,0,8421376,16809984,288]
[0,0,0,0,0,0,0,0,0,0,4096,0,1114112,0,0,0]-[331776,2147483680,64,2048,128]
[1073741824,0,67108864,0,0,0,0,0,0,0,0,0,0,0,33554432,0]-[32,8,268435456,16777216,0]
[0,0,0,16777216,0,0,8192,8,1048576,0,0,0,0,0,0,0]-[0,128,0,16,17]
[128,0,0,0,0,0,0,0,0,0,524288,0,0,0,0,0]-[147968,0,33792,1187888,131072]
[0,0,0,0,0,0,0,16,0,0,512,0,0,0,0,0]-[8193,512,2147745792,3072,4096]
[128,0,0,0,0,64,0,0,0,0,0,0,8,128,0,0]-[1,1,2147483650,0,0]
[8388608,0,0,0,0,0,0,8,0,0,0,0,0,0,0,0]-[69206016,8388608,0,0,32]
[0,0,0,0,0,8388608,0,0,1048576,0,0,0,0,0,0,0]-[2113920,81920,1074268224,101188672,256]
[0,0,67108864,0,134217728,0,0,0,9437184,0,0,0,0,0,0,0]-[2048,262144,0,2147483648,128]
[0,0,0,0,65536,0,0,0,0,0,4096,0,0,0,33554432,0]-[256,67108864,1073741824,4194304,0]
[0,0,0,0,0,0,8192,0,0,16,0,0,0,536870912,0,0]-[1073741824,512,33556480,0,0]
[0,0,0,0,0,0,134217728,16,0,0,0,0,0,0,0,0]-[1677721600,16416,2147483664,104899584,0]
[0,0,0,0,0,0,0,0,1048576,0,262144,0,0,0,0,0]-[17146960,80216076,25204748,1879248896,10371]
[0,0,0,0,0,0,0,16,0,0,0,0,1048576,0,0,128]-[536870913,2,0,8,0]
[0,16384,0,0,0,0,0,0,0,0,0,0,0,32768,0,0]-[128,0,8192,131072,4]
[1024,0,67108864,0,0,0,0,0,1048576,0,0,0,0,0,0,0]-[0,536870916,1073741824,0,256]
[4,1048576,0,0,0,0,0,0,0,0,0,0,1048576,0,0,0]-[268435456,8,0,4,262144]
[2147483648,0,0,0,0,0,0,0,0,0,0,33554432,0,0,0,0]-[16777216,536870912,0,0,278528]
[0,0,67108864,0,0,0,0,0,0,0,2048,0,0,128,0,0]-[0,8192,1792,0,0]
[0,0,0,0,0,256,0,0,0,0,0,0,0,8,0,0]-[8,0,0,131202,0]
[0,128,0,0,0,0,0,0,0,0,0,0,0,128,0,0]-[439487118,68550883,1420190135,1898191586,2597252]
[0,0,0,0,0,524288,8192,0,0,0,4096,0,0,0,0,0]-[0,16777472,64,2048,0]
[0,0,67108864,0,0,0,0,0,0,0,0,0,1310720,2048,0,0]-[0,2048,33554432,33554432,65536]
[0,16,0,0,0,256,0,0,1048576,0,0,0,0,0,0,0]-[2147483648,33619968,8388608,0,0]
[4353,0,67108864,0,0,0,0,0,0,0,0,0,0,0,0,0]-[536871184,0,0,0,8192]
[536870912,0,0,0,0,0,0,0,1048576,0,4096,0,0,0,0,0]-[1,33554432,192,0,0]
[0,0,256,0,0,0,0,0,0,0,0,0,0,0,2097152,0]-[0,8,262144,262144,262144]
[0,0,67108864,0,0,256,0,0,0,0,0,0,0,4096,0,0]-[0,0,4195328,64,128]
[0,0,0,0,0,0,0,0,0,0,0,256,0,0,0,4096]-[32,16777216,131072,0,262145]
[0,0,0,0,0,0,512,0,0,0,0,32,0,0,0,0]-[268435456,2164260864,33554432,2149580800,0]
[4,0,0,0,0,0,0,0,16777216,0,0,0,0,0,0,0]-[0,0,1698,0,0]
[0,0,67108864,0,0,256,0,0,16777216,0,4096,0,0,0,0,0]-[524289,16786464,16896,262148,128]
[0,0,0,32768,0,0,0,0,0,0,536870912,0,0,0,0,0]-[0,33554432,0,131200,4]
[0,0,0,0,0,8192,0,0,0,0,0,0,1048576,0,0,8]-[0,0,553648128,262144,256]
[524288,0,0,0,0,0,2048,0,0,0,4096,0,0,0,0,0]-[0,0,268435968,2048,2097152]
[4,0,67108864,0,0,0,0,0,0,0,0,0,1048576,0,0,0]-[136318981,335548452,0,1,540736]
[0,0,2048,0,0,0,0,0,0,0,0,0,0,536870912,0,0]-[0,1073741824,131584,0,4]
[128,0,0,8192,0,0,0,0,0,0,0,0,1048576,0,33554432,0]-[134218240,0,0,96,0]
[0,0,16384,0,0,8192,0,0,1048576,0,0,0,0,0,0,0]-[0,1073741824,16777216,1073741824,128]
[0,0,67108864,0,0,0,0,0,0,0,33554432,33554432,0,0,0,0]-[0,2147549184,0,2097664,0]
[16777216,0,0,0,0,0,64,0,1048576,0,0,0,0,0,0,0]-[0,528,262144,4096,0]
[0,0,67108864,0,0,0,0,0,134217728,0,0,0,1024,0,0,0]-[134217764,49152,8192,8320,0]
[524416,0,0,0,32,0,0,0,0,0,0,0,0,0,0,0]-[0,0,0,1090650112,16]
[0,0,0,0,32768,0,0,0,0,0,4096,0,0,0,0,32]-[1073741824,67108928,0,512,0]
[0,0,67108864,0,0,0,0,0,268435456,0,0,0,0,128,0,0]-[32768,262144,1048576,2097152,0]
[0,0,0,0,0,256,0,0,268435456,0,0,0,0,0,0,0]-[65536,8192,4096,134217728,8256]
[0,0,67108864,0,0,0,0,0,0,0,0,0,1179648,128,0,0]-[2097152,2048,0,0,2097280]
[0,0,0,0,0,0,0,0,2148532224,0,0,0,1048576,0,0,0]-[262144,0,0,33554448,8192]
[128,0,67108864,0,0,0,0,0,0,0,4096,0,0,0,0,0]-[228655169,3053955441,33571344,2185593786,2785542]
[0,0,4096,4194304,262144,0,0,0,0,0,0,0,0,0,0,0]-[0,524304,256,4,0]
[0,0,0,0,0,0,0,0,0,0,0,33554432,0,8192,0,0]-[0,536870912,16777216,0,266240]
[256,0,16777216,0,0,0,0,0,0,0,0,0,262144,0,0,0]-[0,0,128,65536,8194]
[0,0,67108864,0,67108864,0,0,16,134217728,0,4096,0,0,128,0,0]-[2048,262209,0,0,0]
[0,0,67108864,0,16384,0,0,0,0,0,0,1,0,0,0,0]-[2,541065224,0,0,0]
[0,0,0,0,8,0,0,0,0,0,4096,0,0,0,0,0]-[134283328,134218000,1073741952,2214592642,16386]
[0,0,67108864,0,67108864,0,0,0,135266304,0,0,0,16777216,0,0,0]-[65536,327680,0,0,128]
[4,33554432,67108864,0,0,0,0,0,0,0,0,0,0,0,0,0]-[134217796,0,0,0,524288]
[256,0,0,0,0,0,0,0,0,0,4096,0,0,128,0,0]-[0,16777280,128,65536,0]
[8192,0,67108864,0,0,0,0,0,0,0,0,16384,0,0,0,0]-[0,0,0,16785472,2097152]
[0,0,67108864,0,0,0,0,0,262144,0,0,0,0,0,16,0]-[67108864,256,67108864,32768,0]
[0,0,67108864,0,0,0,4194304,0,1048576,0,0,0,0,0,0,0]-[0,0,1078460416,64,0]
[0,0,67108864,2048,0,256,0,0,0,0,0,0,0,0,0,0]-[2162688,67109376,1028,32768,64]
[0,0,67108864,0,0,0,0,0,0,0,0,128,0,128,0,0]-[0,268632064,524292,0,65536]
[0,0,0,0,0,256,0,0,0,0,0,128,0,0,0,0]-[0,32768,536871424,64,0]
[0,0,1073741824,0,0,0,0,0,1048576,0,4096,0,1048576,0,0,0]-[0,0,16777216,1073741824,260]
[0,0,67108864,0,0,0,0,0,1048576,0,0,32,0,0,0,0]-[2200010825,855917104,38307880,2318935505,1180882]
[128,0,0,0,0,64,0,0,16777216,0,0,0,0,536870912,0,0]-[16384,0,1024,2147483712,0]
[0,0,0,2048,0,0,0,0,0,0,0,0,0,0,262144,0]-[128,16448,256,0,64]
[0,0,0,0,0,0,0,524288,0,0,0,0,262144,0,0,0]-[269484288,1073743872,570425344,0,66818]
[0,0,67108864,0,0,256,0,0,0,16,0,0,134217728,0,0,0]-[8,2097152,524288,64,0]
[0,0,0,0,0,256,0,0,0,0,524288,0,0,0,0,0]-[0,8388608,268435472,4,0]
[0,0,0,0,0,256,0,536870912,0,0,0,0,0,0,0,0]-[67239952,8388608,285343744,0,131072]
[0,128,0,0,16777216,0,0,0,0,0,0,0,0,0,0,0]-[524288,2097152,16777216,0,4]
[128,0,0,0,0,0,0,0,1048576,0,0,0,0,128,0,0]-[33966208,268763392,545824768,1409286386,1704004]
[0,0,0,0,0,0,0,16,1179648,0,0,0,0,128,0,0]-[32768,0,536903680,16,0]
[4194304,0,0,0,0,0,0,0,1048576,0,0,0,0,0,0,0]-[0,128,524384,0,0]
[0,0,0,0,0,0,64,0,1048576,4096,0,0,0,0,0,0]-[0,4,48,536870912,0]
[0,0,0,16777216,0,64,0,0,16777216,0,0,0,0,0,33554432,0]-[4,4194306,0,0,2048]
[0,256,67108864,0,0,0,8192,0,0,0,0,0,0,0,0,0]-[0,0,67108868,33558544,1050624]
[0,0,0,0,0,0,0,0,0,0,0,268435488,0,0,0,0]-[268435456,0,524544,0,128]
[0,0,67108864,0,0,0,0,18,0,0,0,0,0,0,0,0]-[75497472,0,0,10,0]
[128,0,0,0,0,0,0,0,0,4096,0,0,1048576,0,0,0]-[1048576,16417,0,0,0]
[0,0,67108864,0,0,256,0,0,1048576,0,0,0,1048576,128,0,0]-[0,268435456,0,134217728,1088]
[0,0,0,0,0,0,0,16,0,16777216,0,0,0,0,33554432,0]-[0,268435456,512,0,278528]
[0,0,0,0,0,0,0,0,1048576,0,0,0,1048576,128,262144,0]-[393217,0,262144,0,0]
[0,0,67108864,0,0,0,0,16,8192,0,0,0,0,0,0,0]-[67108864,4194304,524288,2,0]
[0,0,0,0,0,0,0,16,0,0,0,0,0,536870912,0,0]-[1073824852,159726878,2701598368,3791798641,2257080]
[0,0,0,0,0,0,0,0,1048576,0,2147483648,0,0,0,0,0]-[262144,1228931280,1115996288,8192,4]
[0,0,67108864,131072,0,0,0,0,0,0,0,0,268435456,0,0,0]-[2148007936,32768,0,0,1024]
[0,0,0,0,0,0,0,0,1048576,0,16384,0,0,128,0,0]-[0,8650752,0,1207959552,0]
[0,268435456,0,0,0,0,0,0,0,0,0,4,0,0,0,0]-[2684354560,32768,33554432,0,0]
[0,0,0,0,67108864,0,0,0,0,0,0,0,262144,128,0,0]-[0,1,2129922,0,0]
[0,0,67108864,0,0,0,134217984,0,134217728,0,0,0,0,0,0,0]-[67108864,0,256,66560,0]
[128,0,0,0,32,0,0,0,0,0,0,0,0,0,0,0]-[512,256,8388608,2164424704,48]
[0,0,0,0,0,2048,0,0,0,0,0,0,67108864,0,0,0]-[536870912,0,8388609,1024,0]
[0,0,0,0,0,0,16384,0,1048576,0,0,0,0,0,2097152,0]-[0,82048,0,512,0]
[0,0,0,0,0,0,0,8,1048576,0,0,2048,0,0,0,0]-[1,0,192,0,16]
[0,0,0,0,0,0,0,16,1048576,0,131072,0,0,0,0,0]-[16384,0,32768,2304,0]
[0,0,0,0,67108864,0,0,0,4,0,0,0,0,0,0,0]-[4,0,1088,2147483648,0]
[0,0,67108992,0,0,256,0,0,0,0,0,0,1,0,0,0]-[524296,0,512,2,0]
[0,0,0,0,0,0,0,0,0,0,0,0,1048576,67108864,16777216,0]-[268435456,2560,0,0,4224]
[0,0,16777216,0,0,0,0,0,0,0,0,0,256,128,0,0]-[0,2048,0,1073741824,1048608]
[0,0,0,0,0,0,0,0,0,0,0,4096,524288,0,0,0]-[2147483648,0,33554432,536870920,0]
[0,0,0,0,67108864,1048576,0,0,0,0,0,0,0,0,0,0]-[2147483648,0,0,12,8192]
[0,0,67108864,0,0,0,0,0,0,0,0,0,1048576,8388608,0,0]-[0,83888128,65536,2097408,2]
[0,0,0,0,0,0,0,16,0,0,64,0,0,0,0,0]-[1082130432,671612936,16777504,33,48]
[0,0,0,0,536870912,0,0,0,0,0,0,536870912,0,128,0,0]-[516,0,0,512,128]
[0,134217728,67108864,0,0,0,0,0,0,0,0,0,0,0,0,0]-[218140674,807690240,1074790400,172492096,132]
[8388608,0,0,0,0,0,0,0,16777216,0,0,0,0,128,0,0]-[0,1342177280,131073,0,0]
[0,0,0,0,0,0,0,0,0,0,0,0,128,128,0,0]-[538183180,218173440,536870931,67115008,2622592]
[0,0,0,0,0,0,0,0,0,0,4,0,0,0,33554432,0]-[0,0,16778240,4456448,0]
[0,0,0,0,0,256,0,16,0,0,0,0,1048576,1,0,0]-[64,512,0,0,12288]
[0,0,1073741824,0,0,64,0,0,0,0,0,0,1048576,0,0,0]-[16386,2560,0,0,0]
[0,0,0,0,0,0,0,4194304,0,0,4096,0,0,0,0,0]-[1073741824,0,0,0,65546]
[0,0,0,0,0,0,64,0,0,0,33554432,0,0,0,0,0]-[18875392,536871040,0,2048,264192]
[0,0,67108864,0,16384,0,0,0,1048576,0,0,0,0,128,0,0]-[0,262144,524288,0,1049600]
[2048,0,0,0,0,2,0,0,0,0,0,0,0,536870912,0,0]-[0,16384,536870912,65536,16]
[128,0,67108864,0,0,64,0,0,1048576,0,0,0,0,0,33554432,0]-[0,268500992,0,33587200,0]
[0,0,0,0,67108864,0,0,0,0,0,16384,0,16777216,0,0,0]-[134217728,67108864,1,1048576,0]
[0,0,0,0,0,0,0,0,64,0,16777216,0,0,0,0,0]-[0,1,16,1,8192]
[0,0,0,134217728,0,0,0,0,1048576,0,0,0,0,0,0,0]-[2147483648,4259840,8388608,0,0]
[0,134217728,0,0,0,64,0,8,0,0,0,0,0,128,0,0]-[514,256,0,0,128]
[0,0,512,0,0,0,0,0,0,0,0,0,0,536871040,0,0]-[0,131072,131072,0,524416]
[0,0,0,1,262144,0,0,0,262144,0,0,0,0,0,0,0]-[512,0,0,32773,0]
[0,1073741824,0,0,0,0,0,0,1048576,0,262144,0,0,0,0,0]-[262160,0,34816,0,0]
[0,0,0,0,67108864,0,0,0,0,0,0,0,0,32,0,0]-[4456576,2185234432,25241602,537927680,1049088]
[0,0,0,0,4194304,0,0,0,4194304,0,0,0,0,0,0,0]-[0,545259520,2048,4,0]
[0,0,67108864,0,0,0,32,16,0,0,0,0,1048576,0,0,0]-[0,4128,0,2147483664,0]
[0,0,0,0,0,0,0,16,135266304,0,0,16,1048576,128,0,0]-[16384,1048576,0,4096,128]
[0,0,0,0,0,0,0,8208,0,0,0,0,0,128,0,0]-[16,67108864,0,0,262272]
[0,0,0,0,0,0,0,0,3145728,0,0,0,0,0,0,0]-[2147878916,16656,557850665,3858760720,65]
[0,0,67108864,0,67108864,0,0,8,0,0,0,0,0,128,33554432,0]-[2048,256,0,2359296,0]
[0,0,0,0,67108864,0,0,0,0,0,1,0,1048576,0,0,0]-[0,131072,16779264,0,4]
[0,0,64,0,0,0,0,0,16777216,0,0,0,0,128,0,0]-[0,1048577,0,262144,8196]
[0,128,0,0,0,0,0,0,1048704,0,0,0,0,0,0,0]-[33554432,0,33554432,1074266112,0]
[0,0,0,0,0,0,0,8,0,0,0,0,536870912,0,0,0]-[268435456,2048,64,0,2048]
[0,0,67108864,2147483648,0,64,0,0,0,0,0,0,0,0,0,0]-[0,8192,4194304,4096,2048]
[0,16384,0,32768,0,0,0,0,0,0,0,0,0,0,0,0]-[256,131072,1,0,64]
[0,0,0,0,0,0,0,0,134217728,0,0,0,0,0,0,2048]-[8193,131072,0,1024,0]
[0,0,0,0,0,0,1073758208,0,0,0,0,0,0,0,0,0]-[32,32,8388608,65536,0]
[0,0,64,0,0,256,0,0,0,0,0,0,1048576,0,0,0]-[512,8320,0,0,131072]
[0,0,0,0,0,0,0,0,8192,0,0,0,0,2048,0,0]-[0,524288,16,33554432,16]
[0,0,67108864,0,0,0,0,2097152,0,0,0,0,0,128,0,0]-[0,536870944,1073741824,65552,589888]
[0,0,0,0,0,0,0,0,1048576,0,0,256,1310720,0,0,0]-[2097152,16384,0,67108864,1048576]
[0,0,0,0,0,0,0,0,0,0,4096,0,256,1,0,0]-[2112,2147483648,0,2048,0]
[0,0,67108864,0,0,0,0,0,1048576,0,4096,0,0,0,0,2]-[2048,262160,0,32768,0]
[0,0,0,0,0,64,0,0,1048576,0,0,0,0,128,0,262144]-[32896,0,524288,0,132]
[0,0,0,32,2147483648,0,0,0,0,0,0,0,0,128,0,0]-[0,0,8388608,0,2162752]
[0,1024,0,0,0,0,0,0,0,0,0,0,262144,128,0,0]-[0,536870913,0,67108864,131072]
[0,0,0,0,0,67117056,0,0,0,0,4096,0,0,0,0,0]-[8388608,0,513,512,0]
[0,0,0,0,0,0,0,0,0,0,4096,0,1048576,2,0,0]-[0,32,0,67174400,16384]
[0,0,0,0,0,0,0,0,0,0,0,0,0,128,33554432,0]-[320064470,625215841,4055384230,1038352496,535064]
[0,0,0,0,0,0,0,0,134217744,0,0,0,0,0,0,0]-[268451856,135266304,0,4096,524288]
[0,0,0,0,0,0,0,134217728,0,0,0,0,536870912,0,0,0]-[131072,2147500032,0,65536,0]
[0,0,134217728,0,0,0,0,8,0,0,0,0,0,128,0,0]-[262658,0,1073741824,0,0]
[0,0,67108864,0,0,0,0,0,1048576,0,0,0,1048576,0,64,0]-[1,65536,0,1048576,1024]
[0,128,0,0,0,0,0,0,0,256,0,0,0,0,0,0]-[0,16777216,2048,16384,4]
[0,0,67108864,0,0,0,0,0,1048576,2,33554432,0,1048576,0,0,0]-[0,268435456,0,4194304,1088]
[0,0,0,0,0,64,0,0,1048576,0,0,0,0,0,0,0]-[2202921468,3998811094,1103820991,4010457555,2581975]
[1073741824,0,0,0,0,0,0,0,0,0,0,524288,0,0,0,0]-[0,2156134400,0,0,2097152]
[0,0,0,0,0,0,0,0,0,0,0,0,0,0,33619968,0]-[288,0,0,136314880,0]
[0,0,0,0,0,0,0,0,0,0,1052672,0,1048576,128,0,0]-[2359296,67108896,0,67109376,2097152]
[0,0,0,0,0,0,0,0,1048576,0,0,0,3145728,0,0,0]-[0,16,8388608,524320,0]
[128,0,0,0,0,0,0,0,0,0,8192,0,0,0,0,0]-[0,256,0,2147500032,4]
[0,8192,67108864,0,0,0,0,0,1048576,0,0,0,0,0,0,0]-[32768,327680,33554432,0,0]
[0,0,0,0,67108864,0,0,0,0,0,0,0,0,4194304,0,0]-[32,64,0,0,1049088]
[0,0,0,0,0,0,0,0,0,0,0,0,16793600,0,0,0]-[512,0,0,20971520,1]
[0,0,0,0,0,0,0,0,0,0,4096,0,131072,0,4,0]-[1073741824,0,268439552,268435456,0]
[0,64,0,0,0,0,8192,0,0,0,0,0,0,0,0,0]-[33554432,256,512,67108864,0]
[0,0,0,0,0,0,0,0,0,0,4096,0,16777216,0,512,0]-[65536,262144,8404992,0,0]
[0,0,1,0,0,0,0,0,0,0,0,0,1048576,0,0,0]-[0,16386,4096,134349320,4096]
[0,128,0,0,32,0,0,0,0,0,0,32,65536,0,0,0]-[1048576,0,64,1048576,128]
[262144,0,0,0,0,0,0,0,135266304,0,0,0,0,0,0,0]-[1,1073741952,2048,8256,0]
[2048,0,0,0,0,268435456,0,0,0,0,4096,0,0,0,0,0]-[16,0,131072,16777216,16]
[0,0,0,0,131072,0,0,0,0,0,0,0,0,1048576,0,0]-[33554432,2176,0,16384,0]
[0,0,0,0,0,0,0,0,5242880,0,0,0,0,128,0,0]-[0,545259520,262144,268435456,0]
[0,0,0,0,0,8388608,0,0,0,0,0,0,1024,0,0,0]-[0,2048,65536,131104,0]
[0,0,0,0,0,0,0,0,16777216,0,0,0,0,0,524288,0]-[0,2147483648,279106,4096,64]
[0,0,0,0,0,0,0,0,0,0,0,1024,0,536870912,0,0]-[16384,131076,67108864,16,0]
[0,0,0,0,0,0,0,1073741840,0,0,0,0,0,128,0,0]-[268697600,16777216,524288,0,0]
[0,0,0,0,0,4096,0,0,0,0,0,0,16384,0,0,0]-[0,16777216,1032,2048,32768]
[0,0,0,0,4096,0,0,0,0,0,0,0,0,128,268435456,0]-[16,64,1081344,0,0]
[0,0,67108864,0,0,0,64,0,0,0,0,0,0,16384,0,0]-[0,256,1048576,16781312,0]
[0,0,0,0,0,0,64,0,0,2097152,0,0,0,0,0,0]-[0,1074791424,0,7168,2097160]
[0,0,0,0,67174400,0,0,16,0,0,4096,0,0,536870912,0,0]-[16384,20,0,0,2097152]
[0,0,67108864,0,0,0,0,0,0,0,0,0,1048576,0,524288,0]-[134217792,0,39845900,0,131072]
[0,0,0,0,0,0,0,0,0,0,4096,8,262144,128,0,0]-[16384,131072,128,67108864,0]
[0,0,0,0,0,0,0,0,0,0,16781312,0,0,0,0,0]-[0,134217728,32,2147483648,4]
[0,0,0,16777216,0,0,0,8,0,0,0,0,0,0,67108864,0]-[0,32768,0,524288,640]
[0,0,0,0,0,256,0,0,0,0,67108864,0,0,128,0,0]-[268451856,67648,10616832,134479880,0]
[0,2097152,8,0,0,0,0,0,0,0,0,0,0,0,0,0]-[16,4194304,0,67584,33]
[0,0,0,0,0,0,0,16,0,0,134217728,0,0,0,0,0]-[0,4,142606336,2147483648,0]
[0,0,0,0,0,0,0,1,134217728,0,0,0,0,0,0,0]-[64,256,0,16384,2048]
[2147483648,512,0,0,0,0,0,0,0,0,0,0,0,0,0,0]-[0,16,4,65536,8192]
[0,0,67108864,0,2147483648,0,0,0,1024,0,0,0,0,0,0,0]-[0,16384,67125264,0,0]
[128,0,67108864,0,0,256,0,536870920,0,0,0,0,0,8,0,0]-[0,2048,1024,2,524288]
[0,8,67108864,0,0,8192,0,0,0,0,0,0,0,0,0,0]-[8,4096,0,32768,2]
[0,128,0,0,0,0,0,8,0,0,0,0,0,0,0,0]-[802,16416,67141904,538216704,2099204]
[0,0,0,0,0,0,0,0,0,0,0,64,8,0,0,0]-[0,4,2,32776,0]
[0,0,67108864,0,0,64,0,0,0,0,0,0,0,0,0,2]-[2048,2149580816,0,0,192]
[0,0,0,0,0,0,1048576,0,0,0,0,0,262144,0,0,0]-[2359298,131074,16777216,32832,0]
[0,0,0,0,33554432,0,0,0,0,0,0,0,1048576,0,33554432,0]-[0,2097152,0,268435458,512]
[0,0,0,0,0,0,0,16,0,0,0,0,8388608,128,0,0]-[32768,0,2155872256,2097152,0]
[0,0,0,0,0,0,0,0,0,0,4194304,0,0,536870912,0,0]-[32,40960,2147483648,536873984,0]
[2,0,0,0,0,0,0,0,131072,0,0,0,0,0,0,0]-[0,0,33554440,0,262146]
[0,0,0,536870944,0,0,0,0,0,0,0,0,0,0,0,0]-[1310720,0,0,0,2112]
[0,0,67112960,0,0,0,0,0,0,0,0,0,0,536870912,0,0]-[0,262144,2147483680,1024,0]
[0,0,0,0,0,0,0,16,0,0,4096,0,1048576,0,33554432,0]-[0,67108900,134217728,0,0]
[0,0,0,0,2048,0,1024,0,1048576,0,4096,1,0,0,0,0]-[16384,4456480,0,0,0]
[0,0,67108864,0,0,0,64,512,0,0,0,0,0,128,0,0]-[0,16,1024,16777216,256]
[128,0,0,0,0,0,0,0,0,0,0,0,1024,128,0,0]-[268435476,2304,4,0,524320]
[0,0,0,0,0,8,0,0,1048576,0,0,0,0,128,0,4]-[16,0,0,1207959680,0]
[0,0,0,0,0,0,32768,0,0,0,131072,0,0,0,0,0]-[524416,134283264,0,0,0]
[0,0,0,0,0,0,0,0,17825792,0,536870912,0,0,0,0,0]-[33554688,0,8,512,8192]
[0,0,67108864,0,0,0,0,0,0,268435456,0,0,0,0,0,0]-[2382364750,6756869,1112576024,2167702779,50246]
[0,0,0,0,0,0,0,0,0,0,0,0,1048576,0,0,4096]-[20070402,268519432,134217728,16,65536]
[0,0,67108864,0,0,0,0,16777232,0,0,0,0,0,16777216,0,0]-[0,65536,32768,4096,2048]
[0,0,0,0,0,0,0,0,2147483648,0,0,1048576,0,0,0,0]-[2,134217728,64,2147483648,0]
[1048576,0,67108864,0,0,256,8192,0,0,0,0,0,0,0,0,0]-[67174400,0,4,256,0]
[0,0,0,0,8192,0,0,0,0,0,0,0,1048576,128,0,0]-[0,2097152,16777216,32768,512]
[0,0,0,0,0,0,0,0,1048576,0,0,0,0,0,8,0]-[50612500,9437188,1074012161,538969601,0]
[0,0,67108864,0,0,0,0,8,0,0,0,128,0,0,0,0]-[16809984,0,1073742336,0,0]
[0,0,0,0,0,0,0,0,4096,0,0,0,1048576,128,0,0]-[33816576,196640,8388608,262144,32]
[0,0,0,0,0,0,0,0,0,0,0,2,0,33554432,0,0]-[537657344,536870912,0,0,0]
[0,0,67108864,0,2097152,0,0,0,1048576,0,0,0,1048576,0,0,0]-[1,32,0,2147483648,1048576]
[16,0,0,0,0,0,0,0,0,0,0,0,0,0,67108864,0]-[1342177280,32,0,0,4]
[0,0,0,0,0,0,0,0,0,0,1024,0,0,128,0,0]-[131208,67371296,1048580,67108864,1048580]
[128,0,0,256,0,0,0,0,0,0,0,32,0,0,0,0]-[512,0,0,16,135168]
[0,0,0,0,0,0,0,33554432,0,0,0,33554432,0,0,0,0]-[1073741824,8,32832,0,0]
[0,0,0,0,0,0,0,80,0,0,0,0,0,0,0,0]-[16896,26,1233392676,2701156417,16417]
[0,128,0,0,0,0,0,0,135266304,0,0,0,0,0,0,0]-[32768,16384,16809984,0,0]
[0,0,0,0,0,0,0,0,134217728,0,0,0,0,131072,0,0]-[536936448,0,0,270532608,0]
[0,0,0,0,0,0,0,0,0,0,0,0,0,0,0,1040]-[393216,0,0,0,1536]
[0,0,67108864,0,0,0,0,0,8388608,0,4096,0,0,0,0,0]-[16777216,163852,0,5120,65536]
[128,0,67108864,0,0,0,0,0,1048576,0,0,0,0,536871040,0,0]-[0,65792,0,80,131076]
[0,0,0,0,0,256,0,16,1048576,0,0,0,1048576,0,0,1024]-[0,268435968,0,134217728,8192]
[0,0,67108864,0,0,256,0,0,0,0,0,131072,0,128,0,0]-[0,2048,0,80,32896]
[0,0,0,0,0,0,0,0,0,0,4096,0,0,128,0,512]-[0,0,16384,71680,0]
[0,0,0,0,0,0,0,536870928,134217728,0,0,0,0,0,0,0]-[0,65536,0,2113568,0]
[0,0,67108864,0,0,1,0,0,0,0,0,0,0,0,0,0]-[2299002924,654342228,3221846536,50638961,707732]
[0,0,0,0,0,0,0,16,134217728,0,4096,0,0,0,0,0]-[268453952,142673921,1082130448,268452144,18440]
[0,67108864,67108864,0,0,0,0,0,0,0,0,0,0,0,0,0]-[208207972,822385016,2183741468,2332590081,1804736]
[0,0,67108864,0,0,0,0,0,262144,0,33554432,0,0,0,0,0]-[64,256,0,8196,0]
[128,0,0,0,0,0,0,0,0,0,0,0,262144,0,33554432,0]-[0,2048,536870912,4194336,0]
[128,0,0,0,0,0,0,8,1048576,0,0,0,0,0,0,0]-[0,16384,2176,2415919122,1048576]
[0,0,67108864,0,0,0,0,512,0,0,4096,0,1048576,0,0,0]-[0,8,0,256,16386]
[0,0,0,512,0,0,8192,0,0,0,0,0,0,0,0,0]-[65536,0,1310720,67242112,1049106]
[0,0,16777216,2097152,0,0,0,0,0,0,0,0,0,0,0,0]-[0,268468224,128,65536,0]
[0,2,0,0,0,0,0,0,1048576,0,0,0,1048576,0,0,0]-[262144,33554432,0,1052672,0]
[0,0,0,0,0,256,0,8,0,0,0,268435456,0,0,0,0]-[512,0,4096,136314880,0]
[33554432,0,0,0,0,0,8192,512,0,0,0,0,0,0,0,0]-[1024,2147483648,0,1152,0]
[0,0,0,0,0,256,0,8388608,1048576,0,4096,0,1048576,0,0,0]-[268435520,0,4096,0,4096]
[0,0,0,0,0,0,0,0,1048640,0,0,1073741824,0,128,0,0]-[16384,0,0,1075838976,1048576]
[0,0,0,0,0,0,0,0,1048576,134217728,0,0,262144,0,0,0]-[0,4,536870913,0,1024]
[0,0,67108864,0,0,0,0,0,1049600,0,0,0,0,0,0,0]-[0,0,0,6292482,0]
[0,0,67108864,0,0,0,0,16,0,0,0,0,2147483648,0,0,0]-[64,8,256,96,129]
[0,0,0,0,16,0,0,0,0,0,0,0,1048584,0,0,0]-[0,8388608,65536,0,130]
[0,0,0,0,0,0,0,268435456,0,0,0,8388608,0,0,0,0]-[0,2147483648,64,16,131072]
[0,0,0,0,2048,0,0,0,0,0,0,0,536870912,16777344,0,0]-[0,1024,0,67108928,32]
[0,0,0,0,67108864,0,0,8,0,0,0,0,262144,0,0,0]-[0,4194560,1073758208,0,520]
[268435456,0,0,0,0,0,0,0,0,1073741824,0,0,0,512,8,0]-[1048592,512,0,1024,0]
[0,0,0,0,0,0,0,0,1048576,512,33554432,4,0,0,0,0]-[0,16384,262144,524416,0]
[0,0,0,16777216,0,0,0,0,135266304,0,0,0,1048576,0,0,0]-[65536,0,8,1073741824,1]
[0,0,0,0,262144,0,0,0,0,0,0,0,0,0,16,0]-[0,67108864,0,256,8196]
[128,0,0,0,0,0,0,134217728,1048576,0,0,0,0,0,0,0]-[131072,0,33554432,1048659,0]
[0,0,0,0,65536,0,0,16,0,0,0,0,0,0,0,0]-[524288,67108864,0,0,2105344]
[0,128,0,0,0,0,0,0,16777216,0,0,0,0,128,0,0]-[134,67108864,262144,1073745984,0]
[0,0,0,0,0,0,0,0,0,1024,0,0,0,536871040,256,0]-[0,268435456,1048704,0,524288]
[0,0,0,0,0,256,0,16,1048576,0,0,0,0,0,0,2048]-[2147483648,1048576,0,134219776,0]
[0,0,0,0,0,0,0,0,0,0,0,0,0,0,32,532480]-[2048,66,0,0,65536]
[0,0,67108864,536870912,0,0,0,16,0,0,0,0,256,0,0,0]-[0,0,512,129,2097152]
[0,0,67108864,0,0,0,0,0,0,0,0,0,0,16,33554432,0]-[0,0,2147483652,64,2]
[524288,0,0,0,0,0,0,16,0,0,1048576,0,0,0,0,0]-[66048,2,0,8192,0]
[16,0,0,0,0,0,0,0,0,0,0,0,1048576,0,0,0]-[546590720,33619978,134225936,69341464,2363400]
[0,0,0,0,0,256,4096,0,0,0,0,0,0,0,0,0]-[65552,0,16908288,0,0]
[128,0,0,0,0,0,0,0,0,0,2048,0,0,0,0,0]-[4194816,268435712,131072,8320,256]
[0,0,67108864,0,67108864,0,8192,0,0,0,4096,0,0,0,0,0]-[0,67239936,512,4096,0]
[0,0,0,0,0,2105344,0,0,0,0,0,0,0,0,0,0]-[256,8192,262144,0,16384]
[2147483648,0,0,0,0,0,0,0,0,0,0,0,131072,0,0,0]-[2048,2048,0,0,4224]
[0,0,67108864,0,262144,0,0,0,0,0,0,524288,0,0,0,0]-[0,16448,16384,0,65536]
[67108864,0,67108864,0,0,0,0,0,1048576,0,0,0,0,0,0,0]-[2149580800,0,4194304,1024,1048576]
[0,0,0,512,0,0,0,0,0,16384,0,0,0,0,0,0]-[64,8388608,524296,0,0]
[0,128,0,0,0,0,0,0,16908288,0,0,0,0,0,0,0]-[0,0,263168,32832,0]
[0,0,67108864,0,0,0,0,0,1048576,0,0,0,1056768,0,0,0]-[2147483648,4194304,0,160,0]
[1048576,0,0,0,0,0,0,0,256,0,4096,0,0,0,0,0]-[0,0,268439552,16388,0]
[0,0,0,0,0,2097408,0,0,0,0,0,0,0,128,0,0]-[512,0,0,201326592,64]
[128,0,0,0,0,0,0,0,0,0,0,0,0,8,0,0]-[134217728,0,1024,1073881090,524288]
[0,128,67108864,0,0,0,0,0,0,0,0,0,1048576,128,0,0]-[33554434,67108864,2105348,262144,131072]
[0,0,67108992,256,0,0,0,0,0,0,0,0,0,0,0,0]-[2056,4,0,1048576,0]
[16,33554432,0,0,0,0,0,0,0,0,0,0,0,0,0,0]-[262176,0,4,16,0]
[0,0,0,0,0,0,0,0,0,33554432,4096,0,0,0,0,0]-[262720,8196,33619969,0,16416]
[0,0,0,0,0,0,0,0,0,32,4096,1048576,0,0,0,0]-[512,0,0,33685504,128]
[0,0,0,0,0,0,0,16,0,0,0,0,8,128,0,0]-[0,8388608,2,134219776,0]
[0,0,67109888,0,0,0,0,0,0,0,0,0,0,33554432,0,0]-[0,4096,512,2097152,524288]
[0,0,0,0,0,0,8192,16,0,0,0,0,1048576,128,0,0]-[0,0,0,67108880,1048608]
[0,0,0,0,0,8256,0,0,0,2147483648,0,0,1048576,0,0,0]-[536870914,2048,0,0,128]
[0,0,0,0,0,64,0,0,0,0,0,0,1024,0,0,0]-[131072,65,0,1048576,0]
[2147483648,0,128,0,0,0,64,0,0,0,0,0,0,0,0,0]-[0,0,1073741824,536870976,2]
[0,128,0,0,0,256,0,0,0,0,0,0,1048576,0,0,0]-[0,0,279248896,268439552,256]
[0,0,0,33554432,0,0,0,0,0,0,0,0,0,536870912,0,0]-[32768,2,0,8388608,8]
[2147483648,0,0,0,0,8192,0,0,0,0,4096,0,0,0,0,0]-[16777472,0,134217728,65536,0]
[0,0,0,0,0,256,1073741824,0,0,0,0,0,0,0,0,0]-[2148532736,33554432,16846848,2149842944,12288]
[0,0,0,0,0,0,32768,0,536870912,0,0,0,0,0,0,0]-[0,0,24576,0,4104]
[0,0,0,0,0,0,0,0,0,0,0,33554432,0,0,0,64]-[16777218,0,2147483648,0,4096]
[0,0,0,0,0,0,0,16,0,0,0,65536,1048576,0,0,0]-[0,1048576,4096,0,4224]
[0,0,0,0,33554440,0,0,0,0,0,0,0,0,128,0,0]-[1025,0,0,603979776,0]
[0,64,0,0,0,256,0,0,0,0,4096,0,0,0,0,0]-[64,0,1073807360,0,4096]
[0,0,0,0,0,0,1024,0,0,0,0,0,262144,0,0,0]-[0,2281701376,0,8194,0]
[0,0,0,0,0,0,0,256,134217728,0,0,0,1048576,128,0,0]-[2560,0,8388612,0,0]
[0,0,0,0,0,0,0,8,0,0,0,0,0,0,33554432,0]-[264705,2097408,134742016,405045250,262344]
[0,0,0,0,0,0,0,16,1048576,268435456,0,0,1048576,0,0,0]-[0,1114116,0,2097152,0]
[0,0,67633152,0,0,0,0,0,0,0,0,32,0,0,0,0]-[2147483648,0,33554464,0,32768]
[0,0,67108864,0,0,256,0,2048,0,0,0,0,0,0,0,0]-[2097217,73728,9216,76,0]
[0,0,0,4194304,0,0,0,0,1048576,0,0,0,0,0,0,0]-[3489669120,3221487638,20971535,603996512,65]
[0,0,0,0,0,8192,0,0,0,0,0,8,1048576,0,0,0]-[0,3221225472,536870912,262144,0]
[128,0,67108864,0,0,320,0,0,0,0,0,0,0,536870912,0,0]-[64,256,0,2147483648,64]
[0,0,0,0,33554432,0,0,8,0,0,0,0,0,128,0,0]-[0,16777216,524288,4,262144]
[0,0,67108864,0,0,0,0,0,1048576,0,0,0,0,2,0,0]-[0,268435456,8192,524288,131072]
[0,128,0,0,16384,0,0,0,0,0,0,0,0,0,0,0]-[0,8,263168,524288,0]
[128,0,67108864,2048,0,0,0,0,0,0,0,0,0,0,0,0]-[65569,32,0,0,0]
[0,0,0,0,0,0,2052,0,134217728,0,0,0,0,0,0,0]-[2048,1,536870912,0,8]
[0,0,67108864,128,67108864,0,0,0,0,0,0,0,0,65536,0,0]-[134217728,4100,0,256,0]
[0,0,0,0,0,0,0,0,0,0,0,0,0,128,8388608,0]-[1049232,285212928,524288,536936960,32]
[0,0,0,0,0,0,8192,0,1048576,0,0,0,262144,0,0,0]-[2113536,536887296,50331648,67109888,1581312]
[1048576,0,0,0,0,0,0,0,1048576,0,0,0,262144,0,0,0]-[0,65536,64,1048576,64]
[0,0,67108864,0,2147483648,0,0,0,0,0,0,32,0,0,0,0]-[8388608,0,268451840,0,64]
[128,0,0,0,0,0,0,536870912,0,0,0,0,0,0,0,0]-[1140867072,0,537001984,8192,131328]
[0,0,0,0,0,0,0,0,0,0,8,0,0,0,524288,0]-[134217728,0,134217860,0,0]
[0,0,0,0,0,0,0,0,1048576,0,0,0,0,1,0,0]-[2099216,4718593,16777216,68175872,10240]
[0,0,67108864,0,0,0,0,8,17825792,0,0,64,0,0,0,0]-[0,0,0,134250496,192]
[65536,131072,0,0,0,0,0,0,0,0,0,0,0,0,0,0]-[2101248,0,0,0,640]
[0,0,0,0,0,0,0,0,0,67108864,0,0,0,33554432,0,0]-[1028,8,0,0,2]
[128,0,67108864,0,0,0,0,0,1048576,0,0,0,1048576,128,0,0]-[33554432,65536,8192,178,655428]
[0,0,2,0,0,256,0,0,0,0,0,0,0,0,0,262144]-[268435456,4096,2228224,0,0]
[0,0,0,0,0,0,0,0,0,0,0,0,0,134217728,128,0]-[2048,64,33816576,0,0]
[0,0,67108864,0,0,0,0,67108864,0,0,0,0,1048576,0,0,0]-[16777216,0,0,1048832,16384]
[0,128,0,4194304,67108864,0,0,0,0,0,0,0,0,0,0,0]-[0,16777220,0,536870912,4]
[0,0,0,0,67108864,0,0,0,0,0,0,8388608,0,0,0,0]-[67108864,131072,5,0,0]
[0,0,0,0,67108864,0,0,0,2048,0,0,0,0,128,0,0]-[2684354560,0,67109888,0,0]
[0,0,0,0,0,8192,0,0,1048576,0,0,0,0,0,0,0]-[2940062111,4074566516,1778187773,2040053747,1210367]
[0,0,0,0,67108864,0,0,0,0,262144,0,0,0,0,0,0]-[256,32768,9437184,0,0]
[0,0,0,0,0,0,0,0,0,512,4096,0,0,0,0,0]-[1090519296,33554448,1216348368,4325376,65536]
[0,0,0,0,0,0,0,0,0,0,8388608,0,0,0,0,64]-[268435456,4,0,536871040,0]
[0,0,67108864,0,0,0,0,0,68157440,0,0,0,0,16512,0,0]-[2097152,0,0,136314880,4]
[0,0,8,0,0,0,0,8,0,0,0,8192,0,0,0,0]-[262656,0,0,0,66048]
[0,0,0,0,0,0,1,0,0,0,0,0,1048576,0,0,0]-[536870912,24,2,573440,8192]
[0,0,0,0,0,0,0,0,0,0,4096,0,0,0,536870912,0]-[202375232,8388896,2147811330,306774016,65544]
[4,0,524288,0,0,0,0,0,0,0,0,0,0,128,0,0]-[33570816,0,2097152,0,128]
[0,0,0,0,0,2147483648,0,0,0,0,262144,0,0,0,0,0]-[0,4,65536,32,8192]
[0,0,0,0,4,0,0,0,0,0,4096,0,1048576,0,0,0]-[16793600,0,0,0,65538]
[0,0,0,0,0,65536,0,0,0,0,4096,0,0,0,0,0]-[4325392,0,0,0,512]
[0,0,0,0,0,0,0,4096,0,0,0,0,256,0,0,0]-[1288,0,1073741824,0,0]
[0,0,67108864,536870912,0,0,0,16,1048576,0,0,0,8,0,0,0]-[0,0,532480,557056,0]
[128,0,0,0,0,256,0,0,1048576,0,0,0,1048576,0,0,0]-[0,0,536870920,41090,0]
[0,0,67108864,0,0,0,64,0,0,0,0,0,1048576,0,0,262144]-[32768,0,0,5242884,128]
[0,0,67108864,0,0,32768,0,0,0,0,4096,0,0,0,0,0]-[0,1024,33619968,0,128]
[0,0,67108864,0,20971520,0,0,0,0,0,0,0,0,0,0,0]-[1,33554432,512,0,2048]
[0,0,0,0,0,0,0,0,0,0,4096,32,0,0,65536,0]-[8388608,0,134283264,128,0]
[0,0,0,0,0,0,0,0,0,0,4096,0,1048577,0,0,0]-[64,32804,1,16388,4096]
[0,0,0,0,67108864,0,0,0,0,0,0,0,0,0,0,256]-[512,32772,4,0,0]
[0,0,0,0,0,0,16,0,0,0,4096,0,0,0,0,0]-[1073741824,262144,134217728,67108864,0]
[0,0,0,0,0,0,0,0,0,0,0,4096,262144,0,0,0]-[0,0,0,671088640,516]
[0,0,0,0,0,0,0,4194304,16777216,0,4096,0,0,0,0,0]-[0,16777216,64,4096,4096]
[0,0,0,0,0,0,0,0,2048,0,0,0,262144,0,0,0]-[1572864,131072,536870912,0,0]
[0,0,0,0,64,0,0,0,1048576,0,0,0,0,128,0,0]-[16384,256,0,67108896,0]
[0,0,67108864,0,0,0,0,0,0,0,4096,16,1048576,0,0,0]-[8388672,32768,0,516,0]
[0,0,0,0,0,0,8192,0,0,2097152,0,0,0,65536,0,0]-[67117056,0,536870912,256,0]
[64,0,67108864,0,0,0,0,0,1048576,0,0,0,0,0,0,0]-[4194305,536870920,8204,1040,17424]
[0,0,0,0,67108864,0,0,0,16777216,0,0,0,0,32,0,0]-[128,33556480,0,0,512]
[0,0,0,268435456,0,0,64,0,0,0,4096,0,0,0,0,0]-[2048,0,1107296256,131072,0]
[0,0,0,0,0,0,64,16,0,512,4096,0,0,0,0,0]-[2048,0,144,131072,0]
[0,0,67371008,0,0,0,0,0,0,0,0,0,0,0,0,0]-[2164264960,2952970784,304139536,2167218439,674818]
[0,2097152,0,1024,0,64,0,0,0,0,0,0,0,0,0,0]-[81920,2048,0,0,4]
[0,0,67108864,0,0,0,0,16,0,0,0,0,0,0,128,0]-[0,4096,2147483648,2097168,0]
[0,0,0,0,0,0,0,0,0,0,0,0,5,0,0,0]-[0,0,8192,32,16896]
[0,0,0,0,2147483648,0,0,0,0,0,0,0,0,0,8388608,0]-[0,0,256,68190208,0]
[0,0,16777216,0,0,0,256,0,0,0,0,0,0,128,0,0]-[0,1024,130,64,0]
[0,0,67108864,0,0,0,0,4194304,0,0,4096,0,1048576,0,0,0]-[0,32,4096,512,2097152]
[0,0,67108864,0,0,0,0,0,0,0,0,0,1048576,0,2048,0]-[0,285213184,0,33619968,0]
[0,0,67108864,0,67108864,0,0,0,1048576,0,0,0,0,536870912,0,0]-[2147483648,32,0,32,256]
[0,0,67108864,0,0,0,32,0,0,0,0,0,262144,0,0,0]-[0,2147483648,1024,134479872,0]
[0,0,0,0,0,0,0,16,1048576,0,0,0,294912,524288,0,0]-[0,1048576,553648128,0,8192]
[0,128,67108864,0,0,0,32768,0,0,0,0,0,0,0,0,0]-[0,0,16,16777474,0]
[0,0,67108864,134217728,0,0,0,0,1048576,0,0,0,1048576,0,0,0]-[18874368,0,0,134221824,0]
[0,0,67108864,0,0,0,0,0,1048576,0,0,0,0,0,268435456,0]-[33554432,301989920,1074298880,4194304,0]
[0,8192,0,0,0,0,0,0,0,0,0,0,0,0,0,2048]-[20971520,0,0,1074266112,0]
[0,0,0,0,0,0,0,0,16777216,0,0,0,16384,0,0,0]-[8192,0,2,129,0]
[0,0,0,0,536870912,0,0,0,0,0,0,32,0,0,0,0]-[2148663296,16,0,0,0]
[0,0,0,0,0,0,0,16,1048576,0,0,1073741824,0,128,0,0]-[32768,0,32768,67108880,0]
[0,0,0,16777216,0,0,0,0,0,0,0,0,1048576,128,0,0]-[0,285278208,0,0,32]
[268435456,0,67108864,0,0,0,0,16,0,0,0,0,0,0,0,0]-[0,16,6144,33554432,0]
[0,0,0,0,0,262144,0,0,16777216,0,0,0,0,0,0,0]-[0,512,16384,268435584,0]
[0,0,69206016,0,0,256,0,0,0,0,0,0,0,0,0,0]-[65536,268435456,0,262144,1024]
[0,0,67108864,0,0,262144,0,0,0,0,0,0,1048576,0,0,0]-[2147483648,131080,33554432,134225952,16384]
[0,0,0,0,0,0,0,0,0,0,4194304,0,8,128,0,0]-[8,1048576,128,1073741824,0]
[0,0,0,0,0,0,0,0,16777216,0,0,0,0,128,33554432,0]-[131076,67110944,2684354561,4,532484]
[0,0,67108864,0,0,0,0,0,34603008,0,0,0,0,0,0,0]-[33554433,16896,4194304,33554592,320]
[0,0,67108864,0,0,8192,0,0,16777216,0,0,0,512,0,0,0]-[0,0,1024,1,384]
[0,0,0,8388608,0,0,0,0,0,0,0,0,262144,0,0,0]-[134217732,0,16,8388608,0]
[0,0,67108864,0,0,0,0,32768,0,0,0,0,0,128,0,0]-[0,64,2097152,2162690,0]
[0,0,0,0,0,0,0,16777216,0,512,0,0,0,0,0,0]-[16384,524288,1280,0,0]
[0,0,0,1,0,0,0,0,16777216,0,0,0,0,1024,0,0]-[131072,2,3145728,0,0]
[0,268435456,67108864,0,33554432,0,0,0,0,0,0,0,0,0,0,0]-[8,32768,512,4096,0]
[0,0,2147483648,0,0,0,0,0,0,0,0,0,0,536870912,0,0]-[0,0,2147483648,8390656,512]
[0,0,67108864,0,2,0,8192,0,0,0,0,0,0,0,0,0]-[524288,0,32768,0,32832]
[0,301989888,0,0,0,8192,0,0,0,1073741824,0,0,0,0,0,0]-[536870912,0,4096,262160,0]
[0,0,1073741824,0,0,0,0,0,2097152,0,0,0,0,0,0,0]-[2,0,16777216,525312,0]
[0,0,0,0,0,256,0,0,0,0,0,0,1048576,0,33554432,0]-[268435456,128,285278224,262144,8192]
[0,0,67108864,0,0,0,0,0,0,1,0,0,1048576,536870912,0,0]-[0,4096,0,256,192]
[0,268435456,0,0,0,0,0,0,0,0,0,1073741824,0,0,0,0]-[131104,8,0,128,0]
[0,0,67108864,0,0,0,0,0,0,0,0,0,1048576,128,33554432,0]-[2097154,285278208,2105344,4632,2195648]
[0,0,0,0,0,0,8192,0,134217728,0,0,0,1048584,0,0,0]-[512,0,1073741832,1073741824,0]
[0,0,0,0,67108864,0,0,0,0,0,0,0,0,536871040,0,0]-[278528,268435456,1048704,0,2097156]
[0,0,67108864,0,0,524288,0,0,0,0,0,0,0,0,0,0]-[151552000,2147760137,2516675360,2151161860,18436]
[0,0,67108864,0,0,64,0,0,1048576,0,0,0,1048576,0,0,0]-[2147551232,16,2080,524353,4]
[0,0,0,0,0,0,0,16,0,0,4096,32,0,0,0,0]-[64,16,64,33570816,2097280]
[0,524288,0,0,0,8192,0,0,0,0,0,16777216,0,0,0,0]-[4194304,268435456,0,0,20480]
[0,0,0,0,0,0,0,0,0,0,0,32,0,131072,0,0]-[0,16793600,131328,0,0]
[16,0,67108864,0,0,0,0,0,1048576,0,0,0,1073741824,0,0,0]-[65536,65536,16,1024,0]
[0,0,0,0,0,0,0,0,131072,0,0,0,0,536870912,0,0]-[262160,2056,67108896,8388608,8]
[0,0,1048576,0,0,0,0,0,0,0,0,0,1073741824,0,0,0]-[524288,0,16896,1073741824,0]
[0,0,0,0,1048576,0,0,0,1048576,0,0,0,0,0,0,0]-[0,5243008,16,16,128]
[0,268435456,0,1,0,0,0,0,0,0,131072,0,0,0,0,0]-[0,4096,536875016,0,0]
[0,0,1024,0,0,0,0,0,8192,0,0,0,0,0,0,0]-[0,67108864,4128,1073741824,0]
[0,128,0,0,0,0,0,0,0,0,0,0,0,0,4194304,0]-[0,512,73728,1073774592,0]
[0,0,67108864,0,0,0,0,0,0,0,135168,0,0,0,0,0]-[17367040,2701132052,0,262656,0]
[0,0,0,0,0,8192,0,0,0,0,0,134217728,0,0,0,0]-[134217730,1073741824,536870912,0,0]
[0,0,67108864,0,0,256,0,0,17825792,0,0,64,1048576,0,0,0]-[0,512,0,134221824,64]
[0,0,0,0,0,0,0,0,0,0,0,0,0,128,0,65536]-[1048648,16777472,8388610,512,0]
[128,0,67108864,0,0,0,32768,0,1048576,0,0,0,0,0,0,0]-[33554432,65536,32768,65,4]
[0,0,0,0,0,0,65536,0,0,64,0,0,0,0,0,0]-[0,8388672,4194304,0,1]
[0,0,67108864,0,0,0,0,0,134217728,0,0,536870912,0,0,0,0]-[0,65600,0,16777216,1024]
[0,0,0,0,0,0,0,134217728,0,0,1024,0,0,0,0,0]-[4096,0,1024,67108864,131072]
[0,2147483648,0,0,0,0,0,0,0,0,0,0,1048576,0,0,0]-[1073741824,64,0,8388608,1]
[0,0,1024,0,0,0,0,0,0,0,1048576,0,0,0,0,0]-[0,69206016,0,83886080,0]
[0,33554432,67108864,0,0,0,0,0,0,0,0,0,0,128,33554432,0]-[0,67108864,1073741828,262208,524288]
[0,1,0,0,0,8192,0,0,0,0,0,0,0,128,0,0]-[0,1073741824,0,1073741952,32]
[0,0,8388608,0,0,0,0,0,0,0,4096,0,0,0,0,0]-[2147483648,8388608,0,536870912,2048]
[0,0,33554432,0,0,0,64,0,0,0,0,0,0,0,0,0]-[2048,64,0,64,4096]
[0,0,0,0,0,0,0,0,16777217,0,0,0,67108864,128,0,0]-[0,32,262146,0,524288]
[0,0,67108864,0,4194304,0,0,0,0,0,4096,4096,8,0,0,0]-[2048,67108864,33554432,262144,0]
[0,0,67108864,0,0,512,0,16,0,0,4096,0,0,0,0,0]-[8390656,1088,0,0,0]
[0,0,67108864,0,0,16384,0,0,0,0,4096,0,0,0,0,0]-[2101313,2181038084,0,263564,65664]
[0,16777216,67108864,0,0,0,0,0,1048576,0,0,0,0,268435456,0,0]-[4,536870912,0,524416,0]
[0,33554432,67108864,0,0,64,0,0,1048576,0,0,0,0,0,0,0]-[0,4,1073741824,16,16]
[0,0,0,0,0,0,0,16,0,0,0,0,0,0,0,64]-[0,65540,2,0,2097152]
[0,0,0,0,0,0,0,0,134217728,0,0,0,0,65664,0,0]-[8,68157440,536870912,0,0]
[0,0,0,0,0,8,0,0,0,0,4096,0,0,128,0,0]-[64,0,8388740,1207959560,8192]
[0,0,67108864,0,0,0,0,0,0,0,0,536870944,0,0,0,0]-[1,528,256,0,0]
[0,0,67108864,0,2147483648,0,0,0,1048576,0,0,0,65536,0,0,0]-[0,32,0,134225920,64]
[0,0,0,0,0,64,0,16777216,0,0,0,0,0,536870912,0,0]-[16,2304,0,2147483648,0]
[0,0,67108864,0,0,0,0,0,0,0,16,0,0,128,0,0]-[8,872415233,0,262144,131072]
[0,0,0,0,0,0,0,0,0,0,0,0,0,128,64,0]-[131097,131072,128,276824064,1024]
[0,0,0,0,0,68,0,0,0,0,0,0,0,0,0,0]-[268435584,0,5120,0,0]
[0,0,67108864,0,0,0,2105344,0,0,0,0,0,0,0,0,0]-[2147483648,16777216,512,33554432,0]
[0,0,0,0,0,256,0,0,134217728,0,0,0,0,0,0,0]-[337076952,345062336,1672872028,472142100,745349]
[0,0,67108864,0,0,0,0,0,0,0,16777216,0,0,268435456,0,0]-[2283798528,0,0,0,65536]
[0,0,67108864,0,0,0,0,0,134217728,0,0,0,0,128,0,0]-[411077215,872892769,1076470046,136647420,1705412]
[0,2048,0,0,0,0,0,0,134217728,0,8388608,0,0,0,0,0]-[262144,2097168,0,2048,0]
[128,0,0,0,0,0,0,0,0,0,67108864,0,0,128,0,0]-[16384,2048,545390592,65608,131108]
[0,0,0,0,0,0,0,0,1048576,1,0,1073741824,0,128,0,0]-[0,8388608,0,536875024,0]
[0,0,0,134217728,0,2147483648,0,0,0,0,0,0,0,0,0,0]-[2147484672,0,33554432,65536,0]
[4096,0,0,0,0,0,0,0,2048,0,0,0,0,0,0,0]-[4,64,0,33554432,262144]
[128,128,0,0,0,0,0,0,0,0,0,0,262144,0,0,0]-[0,4,1048577,2097152,0]
[0,268435456,0,0,0,0,0,0,0,8192,0,0,0,0,0,0]-[1073741824,262144,0,4,524288]
[0,0,0,131072,0,0,0,0,0,0,0,0,32,0,0,0]-[2415919104,2097152,2,0,0]
[0,0,67108864,0,0,0,0,0,0,0,4096,0,0,65536,0,0]-[6291456,8224,270540800,16777216,0]
[0,0,0,0,0,0,128,16,0,0,0,0,0,128,0,0]-[262656,64,32,0,0]
[0,4096,0,0,0,8192,0,0,0,0,0,0,0,0,0,0]-[65536,0,19137600,0,160]
[0,0,67108864,0,0,0,0,0,0,0,67108864,32,0,0,0,0]-[0,0,0,35659776,2097152]
[0,0,67108864,0,0,0,0,256,0,0,8388608,0,8388608,0,0,0]-[134250496,0,65536,2097152,0]
[0,0,0,0,0,0,0,524288,0,0,0,0,0,0,67108864,0]-[524288,0,0,536870912,262148]
[0,0,0,0,0,134217728,0,0,0,0,4096,0,0,0,0,0]-[576,32768,0,2048,0]
[0,0,67108864,0,0,0,0,536870912,0,2147483648,0,0,0,0,0,0]-[2,4194304,0,4096,128]
[1073741824,0,0,0,0,0,0,8388624,0,0,0,0,0,128,0,0]-[64,32,131072,0,1048576]
[0,0,8192,0,0,0,0,0,0,0,0,0,0,0,0,16384]-[1048576,2359296,8388608,0,0]
[0,0,67108864,0,0,0,0,0,1048576,0,0,0,1048576,67108864,0,0]-[4,0,0,32,524289]
[0,0,0,0,0,0,4,0,1048576,0,0,0,0,0,0,0]-[393601,1048848,1627389984,2149581056,272]
[0,0,0,0,0,0,0,0,0,0,4096,16,0,0,0,0]-[0,536903680,0,393216,0]
[0,0,67108864,0,0,0,8192,1073741824,1048576,0,0,0,0,0,0,0]-[0,536870912,0,33554480,0]
[0,0,0,0,0,0,0,0,0,1,0,0,1048576,0,65536,0]-[538968064,12,0,0,0]
[0,0,0,0,0,0,0,32,0,0,0,0,0,0,524288,0]-[524416,0,0,16777472,0]
[0,8,0,0,0,0,0,0,0,0,1073741824,0,0,0,0,0]-[8,1073741888,2048,0,0]
[0,0,67108864,0,0,0,0,0,0,0,0,0,2,536870912,0,0]-[64,17,1024,0,0]
[0,512,0,0,0,0,0,0,0,0,0,0,0,536870912,0,0]-[0,0,131072,272,524288]
[128,0,0,0,0,2147483648,0,16,0,0,4096,0,1048576,0,0,0]-[16448,0,0,0,4128]
[0,0,0,0,0,0,0,0,0,0,4096,0,1048576,0,4096,0]-[134217728,0,16777220,32,131072]
[0,0,0,0,0,0,0,0,0,0,0,0,1310720,32,0,0]-[0,4194304,0,8192,2560]
[0,0,0,0,0,0,0,0,0,0,4198400,0,0,0,0,0]-[262144,32784,98,3221228416,0]
[0,0,67108864,0,0,0,0,0,0,0,0,16777216,0,128,33554432,0]-[0,536870912,0,262176,524288]
[0,0,0,0,0,0,8,0,16777216,0,0,0,0,0,0,0]-[134225921,544,128,0,0]
[0,8388608,0,0,0,0,0,0,1048576,0,0,0,8,0,0,0]-[16,1048592,0,1024,0]
[0,0,0,0,0,0,0,524288,0,0,0,0,0,1073741824,0,0]-[1,0,268435456,8388608,4]
[0,0,67108864,0,0,33554432,0,0,0,0,4096,0,0,0,0,0]-[134217728,0,0,0,132100]
[0,0,67108864,0,0,536870912,0,0,0,0,4096,0,0,0,0,0]-[1,33825792,4096,4195596,2097154]
[0,0,128,0,0,0,0,0,0,0,0,0,262144,0,0,0]-[0,9218,0,65536,0]
[128,0,0,0,0,128,0,0,0,0,5120,0,0,0,0,0]-[0,100671488,0,67108864,0]
[0,0,0,0,0,8192,8192,0,1,0,0,0,0,0,0,0]-[0,0,8388608,32768,258]
[0,0,16777216,0,0,1,0,0,0,0,4096,0,0,0,0,0]-[0,0,134217856,1024,32]
[0,0,67108864,0,0,0,0,0,8,0,4194304,0,0,0,0,0]-[1,32768,0,134218752,0]
[0,0,0,0,0,64,0,16,1081344,0,0,0,0,0,0,0]-[2147483648,1049088,0,1,0]
[0,0,0,0,0,0,64,0,0,32,0,0,0,0,0,0]-[1073741824,0,12,67108864,0]
[0,0,0,0,0,0,0,0,0,0,4096,0,1048576,33554432,0,0]-[8667136,32768,0,0,0]
[0,0,0,0,0,65536,0,0,1048576,0,0,0,0,0,0,256]-[131072,0,0,4196352,128]
[0,0,0,256,0,0,0,0,0,0,0,0,0,536870912,0,0]-[0,263170,16384,0,0]
[0,0,0,0,0,8192,0,0,0,0,1,0,0,0,0,0]-[536870912,8192,18874368,1073741825,16384]
[0,0,0,0,0,8192,0,0,0,0,0,0,1024,0,0,0]-[258,1073741824,16777280,32784,32]
[0,0,0,8388608,0,0,64,0,0,0,0,0,0,536870912,0,0]-[2,16,0,1073741824,16384]
[0,2097152,0,0,0,0,0,0,0,0,32768,0,1048576,0,0,0]-[1073741824,0,1073742340,0,0]
[0,0,0,0,0,0,0,8,0,0,0,0,0,2147483648,0,0]-[0,64,32832,2,0]
[0,0,67108864,0,0,64,0,0,17825792,0,0,0,0,536870912,0,0]-[0,256,0,2147483712,128]
[0,8320,67108864,0,0,0,0,0,0,1024,0,0,0,0,0,0]-[4,512,8192,262144,0]
[0,0,67108864,0,0,0,0,0,0,24576,0,0,0,0,0,0]-[8,4352,0,0,128]
[0,0,0,0,67108864,0,0,16,1048576,0,0,0,0,0,0,0]-[1073758208,8388663,562038848,2264928640,8209]
[0,0,0,0,0,0,0,0,0,0,0,0,262144,0,67108864,0]-[131610,57857,2,128,1026]
[0,0,0,8192,0,0,0,0,0,0,0,0,0,536870912,0,0]-[32768,32768,33554432,0,512]
[0,0,67108864,0,0,0,8,0,0,0,0,0,1048576,0,0,0]-[0,4194368,4,32,0]
[128,0,0,0,0,1,0,0,2,0,0,0,0,128,0,0]-[131584,0,131072,64,0]
[0,524288,0,0,0,0,0,0,17825792,0,0,0,0,128,0,0]-[16384,0,0,402653184,64]
[0,0,67108864,16384,0,0,0,1048576,0,0,0,0,0,0,0,0]-[102760448,0,0,4,0]
[0,0,67108864,0,0,16,0,0,0,0,134217728,0,0,0,0,0]-[0,2415951872,0,2147483648,0]
[0,0,0,0,0,0,0,8,0,0,0,0,0,0,8388608,0]-[0,1048640,64,0,2048]
[0,0,67108864,0,0,0,0,0,0,0,0,0,0,524288,0,0]-[2155878400,543588608,1076364308,2148532288,2097153]
[0,0,0,0,0,0,0,0,0,64,0,0,0,128,0,0]-[1352663242,8390720,9437732,2684357248,160]
[0,0,0,0,0,33554432,0,0,1048576,0,0,0,0,128,0,0]-[16385,1048576,0,64,0]
[0,0,67108864,0,0,256,0,0,16777216,0,0,4,0,0,0,0]-[0,768,65536,4096,0]
[0,0,0,1073807360,0,0,0,0,0,0,0,0,0,0,0,0]-[0,0,2,4196352,2097152]
[0,0,0,0,0,16,0,16,0,0,0,0,0,0,0,0]-[2147483648,512,1048576,0,4096]
[0,0,0,0,0,0,0,0,262144,0,0,0,0,536870912,0,0]-[67117056,0,16777216,1,0]
[0,0,0,0,0,0,0,524288,0,0,0,0,1048576,0,0,0]-[131072,40960,1074003968,14811136,140]
[0,0,0,0,0,0,0,536936448,0,0,0,0,536870912,536870912,0,0]-[4096,0,0,2113537,0]
[0,0,67108864,0,0,0,0,8,1048576,0,262144,0,4194304,0,0,0]-[2048,0,0,35651584,128]
[0,0,67108864,0,0,0,0,1048576,0,0,0,0,0,0,0,0]-[262144008,537231937,35720216,167813642,1116161]
[0,0,67109120,128,0,512,0,0,0,0,0,0,0,0,0,0]-[0,40,40,0,0]
[0,0,67117056,0,0,0,0,0,0,0,0,0,0,0,0,0]-[526344,2166622476,4202000,2181309542,1575168]
[0,0,67108864,0,0,4194304,0,0,0,0,0,0,0,128,0,0]-[0,268435457,1073741824,0,2097152]
[0,0,0,0,0,8192,8192,0,0,0,0,0,0,33554432,0,0]-[0,8192,134221824,16,0]
[0,0,0,0,0,0,0,0,64,0,0,0,0,0,2097152,0]-[10485760,0,0,536870976,0]
[0,131072,0,0,0,0,0,16384,0,0,0,0,0,0,0,0]-[256,0,2,40,0]
[0,0,0,0,0,0,0,0,4194304,1048576,0,0,0,0,0,0]-[65536,2048,1073741824,0,4096]
[0,0,0,0,0,0,0,0,0,524288,4096,0,0,128,0,0]-[268435456,0,0,262784,0]
[0,0,0,0,0,64,0,0,0,0,67108864,0,0,0,0,0]-[268451840,526336,8388616,0,1184]
[0,0,67174400,0,0,0,0,0,0,0,0,0,0,128,1048576,0]-[0,4104,66048,0,0]
[0,0,0,0,67108864,0,0,0,0,0,0,0,1048576,128,0,0]-[1491585,360710177,2367525,69210780,8228]
[2048,0,0,0,0,0,0,16,0,8192,0,0,0,0,0,0]-[2147483648,0,2304,0,8192]
[0,0,0,0,2097152,0,0,0,0,0,0,0,0,128,0,0]-[131148,603980800,139264,805306370,8192]
[0,0,134217728,0,16,256,0,0,0,0,0,0,0,0,0,0]-[0,0,0,2147485700,1024]
[0,0,0,0,0,0,0,0,1048576,2048,0,0,0,0,0,0]-[49153,1610612736,80,1048576,0]
[0,0,67108864,0,4,0,0,0,1048576,0,0,0,0,0,0,0]-[2147483652,256,4202544,36865,1028]
[128,0,67108864,0,0,0,0,0,0,0,256,0,0,0,0,0]-[64,0,0,16842753,0]
[0,0,67108864,0,131072,0,0,0,1048576,0,0,0,0,0,0,0]-[2181040128,16400,0,5251360,132]
[0,256,0,0,0,0,0,1073741824,0,0,0,0,0,0,0,0]-[0,1048840,128,0,0]
[0,32,0,0,8,0,0,0,0,0,0,0,0,0,0,0]-[536870912,0,0,16777216,262656]
[128,0,67108864,0,0,0,0,0,0,0,0,0,0,0,32768,0]-[100663360,0,8,0,524288]
[0,0,0,0,0,256,0,8,0,0,0,0,0,128,0,0]-[16384,0,524288,8,128]
[0,0,67108864,65536,0,0,64,0,0,0,0,0,0,536870912,0,0]-[0,131076,512,64,0]
[0,0,0,16384,0,0,32,0,0,0,0,0,0,0,0,0]-[8388608,33554432,268566528,0,0]
[0,0,67108864,0,0,0,0,0,16,0,0,0,0,0,0,0]-[335577601,2822774784,1048592,1385000,534592]
[0,128,0,0,0,0,64,0,1048576,0,0,0,0,0,0,0]-[32768,132,1073741824,540016896,0]
[1073741952,0,0,0,0,0,8192,0,0,0,0,0,0,0,0,0]-[0,2147483680,2048,0,262144]
[0,0,8,0,0,0,0,0,0,0,0,0,0,67174400,0,0]-[16,16777216,0,1073750016,0]
[0,0,0,0,0,0,8192,0,0,0,0,0,0,0,0,2]-[8192,67108864,0,16,1]
[0,0,0,16777216,0,0,0,0,0,0,0,4194304,0,0,0,0]-[4194304,1048576,536870912,67108864,0]
[0,1024,0,0,0,0,0,16,1048576,0,0,0,0,0,0,0]-[16384,0,32768,33554432,1]
[0,0,67108864,0,0,2105344,0,0,0,0,0,0,1048576,0,0,0]-[65540,8192,0,262144,0]
[0,0,0,0,0,0,0,0,0,0,0,524288,1048576,128,0,0]-[65,8519680,1073741824,2048,525312]
[0,0,67108864,0,0,0,0,0,1048576,0,0,0,268435456,0,0,0]-[65536,268501024,0,141557762,131201]
[0,0,4194304,0,0,0,0,0,1048576,0,0,0,0,0,0,0]-[2228224,0,1107296448,4228352,1088]
[128,0,67108864,0,0,0,0,0,0,0,0,0,1048576,8,0,0]-[134217728,0,0,8193,524288]
[0,64,67108864,0,0,0,0,0,0,0,0,0,1,0,0,0]-[2,16,0,2147745792,0]
[128,128,0,0,0,0,0,0,0,0,0,0,1048576,0,0,0]-[9437184,33,0,0,0]
[0,0,32,0,0,0,0,0,1048576,0,0,0,0,128,0,0]-[32772,0,0,2097152,8192]
[0,0,0,0,0,64,0,0,0,0,0,0,2048,0,0,0]-[2147485760,128,0,0,0]
[0,0,0,0,1048576,0,0,0,0,0,1,0,0,0,0,0]-[536870912,0,2097152,0,2052]
[0,0,2097152,0,0,0,0,0,1048576,0,0,0,262144,0,0,0]-[272,1073741824,128,0,0]
[0,0,16777216,0,0,8192,0,0,0,0,0,32,0,0,0,0]-[0,0,8704,536870912,1]
[128,0,0,0,0,256,0,0,0,0,268435456,0,0,0,0,0]-[0,128,64,4,8192]
[0,0,0,0,0,256,0,134217728,0,0,0,0,0,128,0,0]-[1049088,0,2097152,0,64]
[0,0,67108864,0,0,0,0,0,1048576,0,536870912,0,0,0,0,0]-[0,33570816,16,2149057616,4]
[0,0,0,0,0,8388608,0,0,0,0,0,0,0,128,0,0]-[270663752,1181696,2158649345,1409286146,41152]
[128,0,67108864,268435456,0,0,0,0,0,0,0,0,0,0,0,0]-[0,1024,33554432,33554432,4]
[0,0,67108864,8388608,0,256,0,0,134217728,0,0,0,0,0,0,0]-[64,65792,16,0,0]
[0,0,0,4096,0,0,0,0,0,0,0,0,0,128,0,0]-[0,0,2,4,2228224]
[1024,0,0,0,0,256,0,0,0,0,0,0,0,0,0,0]-[1310720,8192,135264,270532608,257]
[0,0,0,0,0,0,0,0,67108864,0,0,0,256,0,0,0]-[32,0,16908288,1,0]
[0,0,0,0,0,0,0,0,1048576,4194304,0,0,0,0,0,0]-[262148,262176,297024,67108864,1044]
[0,0,67108864,0,0,64,0,0,0,0,0,131072,0,0,0,0]-[524288,0,2097152,1048584,0]
[0,0,0,0,0,0,0,0,134217728,0,0,2048,0,0,0,0]-[536936584,67379712,8388608,16420,0]
[0,0,0,0,0,1073742080,64,0,0,0,0,0,0,128,0,0]-[512,0,4,402653184,0]
[0,0,0,0,0,0,0,0,0,0,262144,0,0,128,0,0]-[1328276,2048,10125312,1610944548,2106372]
[0,0,0,0,0,16,0,0,0,1,0,0,0,0,0,0]-[0,0,134218240,8192,8]
[0,2048,67108864,0,0,0,0,0,0,0,4096,0,0,0,0,0]-[67108864,2099200,0,0,131072]
[0,0,0,0,0,0,0,0,16777216,128,0,0,0,0,0,0]-[16385,0,384,0,0]
[0,0,0,0,0,256,0,0,135266304,0,0,0,0,128,0,0]-[16,9502976,1082130432,4096,1088]
[0,0,0,0,0,0,0,0,0,1024,0,0,1048576,128,0,0]-[33554432,0,9437186,0,0]
[0,0,0,0,0,0,0,0,0,0,0,0,1048576,2097152,0,0]-[134217728,0,16777218,0,16]
[0,0,268435456,0,0,8192,0,0,0,0,0,0,1048576,0,0,0]-[0,16777224,0,512,8192]
[128,0,67108864,2048,0,0,0,0,16777216,0,0,0,0,0,0,0]-[0,256,1024,2147516416,0]
[0,0,0,16777216,0,0,0,16,0,0,0,0,0,128,0,0]-[32768,0,539000832,134217728,0]
[0,0,0,0,0,0,0,0,0,1048576,0,0,0,268435456,0,0]-[4,0,131072,536903680,0]
[0,0,0,0,0,0,0,0,1048576,0,33554432,0,0,536870912,0,0]-[0,33554432,8421376,1048576,0]
[0,0,0,0,0,0,8192,0,1048576,0,0,0,0,0,0,131072]-[0,536871296,64,0,0]
[128,0,67108864,0,0,0,0,2048,0,0,0,0,0,0,0,0]-[64,0,32768,16777216,524288]
[0,32,0,0,0,0,0,0,0,0,0,16,0,0,0,0]-[2048,2,0,1073741824,2097152]
[0,0,0,0,0,0,0,0,16777216,8388608,0,0,0,0,0,0]-[0,0,536870976,2,4096]
[0,0,0,536870912,0,64,0,0,0,0,4096,0,1048576,0,0,0]-[1,0,0,131584,65536]
[0,0,0,0,0,8192,0,0,0,0,4096,0,0,536870912,0,0]-[0,0,134221824,128,2]
[0,0,67108864,0,0,0,0,0,0,8388608,0,0,1048576,0,0,0]-[2,4096,33554432,50332160,2097216]
[0,0,0,0,0,0,0,0,0,0,0,0,17825792,0,65536,0]-[536870912,4,4096,0,8192]
[0,256,8,0,0,0,0,16,0,0,0,0,0,0,0,0]-[0,0,16777216,17,262144]
[0,131072,0,0,0,0,0,0,0,0,0,0,65536,0,0,0]-[512,2097152,2097152,0,512]
[0,0,0,0,0,64,0,8,0,1,0,0,0,16512,0,0]-[268435456,2048,0,536870912,4]
[0,0,0,0,0,0,0,0,0,0,4096,1,0,0,0,0]-[512,131072,1073741952,512,34]
[0,0,67108864,0,0,0,0,0,0,0,0,0,0,0,134217728,0]-[2155874306,536871688,4620,266288,1149010]
[0,128,67108864,0,0,0,0,16,1048576,0,0,0,0,0,0,0]-[0,262144,8192,532480,0]
[0,0,0,0,0,0,65600,0,0,0,0,0,0,0,0,0]-[0,536870912,1073742336,536870912,0]
[0,0,0,0,67108864,0,0,0,1048576,64,4096,0,0,0,0,0]-[0,4,128,768,0]
[0,0,67108864,0,0,0,0,0,0,0,0,0,536875008,0,0,0]-[2097152,0,2147484672,0,1]
[0,524288,0,0,0,8192,0,0,0,0,0,8192,0,128,0,0]-[16,0,8194,0,262144]
[128,0,0,0,0,0,0,0,0,0,0,536870912,0,128,0,0]-[131584,262144,0,32,0]
[0,0,0,0,0,0,0,0,0,0,0,16777216,262144,0,0,0]-[1048832,536870912,18874496,256,0]
[0,2048,0,0,0,0,0,0,1048576,0,0,0,0,128,0,0]-[16,0,524416,0,1048576]
[0,0,0,0,0,0,0,0,1048576,32768,0,0,0,2147483776,0,0]-[16384,0,8388608,536870912,8192]
[0,0,67108864,0,0,256,0,0,0,0,4096,0,0,1024,0,0]-[524289,131072,0,0,32768]
[0,0,67108864,0,0,0,0,64,0,0,0,0,0,0,0,0]-[167772710,941646624,3238583340,2708571421,2097152]
[0,0,0,0,67108864,0,32768,0,0,0,0,0,0,0,0,0]-[8,0,0,2147483652,4096]
[0,0,0,0,0,0,0,0,1048608,0,0,0,0,128,0,0]-[128,32,0,128,524352]
[0,0,67108864,0,0,8192,0,0,1048576,0,0,0,1048576,0,0,0]-[0,16,2048,64,131072]
[0,0,0,0,0,256,4194304,0,0,0,0,0,0,0,0,0]-[0,0,8388704,0,4096]
[0,0,0,0,0,0,0,256,0,0,0,0,1310720,0,0,0]-[268435712,1179650,537919488,0,2]
[0,0,0,0,0,0,0,0,134217730,0,0,0,0,0,0,0]-[16810115,524420,0,0,65540]
[0,0,0,0,16384,0,0,0,0,0,0,1048576,262144,0,0,0]-[1048832,32768,2,0,0]
[0,0,67108864,0,0,0,0,0,0,512,4096,0,1048576,0,0,0]-[64,36,0,8,0]
[0,0,0,0,67108864,0,0,0,0,0,0,0,0,128,0,524288]-[0,25165824,8388736,0,0]
[0,0,67108864,0,0,256,0,0,0,8192,0,0,0,0,0,0]-[0,2048,0,17,32768]
[0,0,0,0,0,256,0,0,0,0,0,32,0,0,0,0]-[2551383632,303040144,470488661,958851332,176224]
[0,0,0,0,67109376,0,0,0,0,0,0,0,0,128,0,0]-[0,0,49154,0,128]
[0,512,0,0,0,0,0,0,134217728,0,4096,0,0,0,0,0]-[0,134217728,0,32,526336]
[0,0,0,0,536870912,0,0,0,2,0,0,0,0,0,0,0]-[16781312,8912896,0,0,0]
[0,0,67108864,0,2147483648,0,0,0,1048576,0,4096,0,1048576,0,0,0]-[8388672,16777216,0,0,2097152]
[0,0,1024,0,0,0,32,16,0,0,0,0,0,0,0,0]-[32768,0,536870912,0,262145]
[0,0,67108864,0,0,0,0,0,0,0,0,32,0,128,0,0]-[2317385802,3003384864,102285600,2285699284,3309760]
[0,0,0,0,0,0,0,0,0,0,33554432,16384,0,0,0,0]-[0,1073741826,0,262144,131072]
[0,0,67108864,0,0,0,0,8,134217728,0,0,0,0,0,0,0]-[0,4096,35840,8192,0]
[0,128,0,0,0,256,8192,0,0,0,0,0,0,128,0,0]-[131072,0,262148,4096,0]
[0,0,0,0,0,64,0,0,0,0,67112960,0,0,128,0,0]-[268451840,0,128,0,128]
[0,0,67108864,0,0,0,0,16,0,0,0,0,0,8388608,0,0]-[0,20,4352,0,0]
[0,0,0,0,0,16,0,0,0,0,4194304,0,0,0,0,0]-[0,8192,64,134218752,0]
[1024,0,0,32,0,0,0,0,0,0,0,0,0,0,0,0]-[0,16777220,2684354560,0,0]
[0,0,67108864,0,0,8192,0,0,2147483648,0,0,0,0,0,0,0]-[2621442,2147483680,1048576,1048640,4]
[0,0,67108864,0,0,0,0,1073741824,0,0,0,0,0,0,67108864,0]-[524288,32,67174400,0,0]
[4194304,0,0,0,0,0,0,0,0,0,0,0,0,128,0,0]-[0,2048,524321,0,0]
[0,0,0,0,0,0,0,16,0,0,0,0,0,67108864,16777216,0]-[0,134217728,2147483648,65,0]
[0,0,0,0,0,0,0,0,0,0,0,0,262144,0,0,128]-[0,3072,0,0,8194]
[0,0,0,0,524288,256,0,0,134217728,0,0,0,0,128,0,0]-[268435456,65536,1073741824,2097152,1024]
[0,0,0,0,0,0,8192,0,0,0,0,0,512,0,0,0]-[0,8388608,0,24576,128]
[0,0,67108864,0,8388608,0,0,0,0,0,8,0,0,0,33554432,0]-[134217728,67108896,2147483648,0,0]
[0,0,0,0,0,0,0,0,0,0,0,0,262144,0,0,524288]-[268435456,536870914,1081344,0,524288]
[0,0,0,16777216,0,0,0,0,0,1,0,0,0,128,0,0]-[2048,0,131076,64,0]
[0,0,67108864,0,0,64,0,0,0,0,268435456,0,0,0,0,0]-[0,16,4096,2147491840,0]
[4096,0,0,0,0,0,0,0,0,0,0,0,1048576,0,0,0]-[1610612736,128,100663826,21053440,128]
[0,0,0,0,0,0,1048576,0,0,0,0,0,1048576,0,0,0]-[256,0,512,532480,0]
[128,0,67108864,0,2147483648,0,0,0,0,16777216,0,0,2,0,0,0]-[33554496,0,0,8192,64]
[134217728,0,0,0,4,0,0,0,0,0,0,0,0,0,0,0]-[134251008,8,0,0,2]
[0,131072,0,0,0,0,0,0,0,67108864,0,0,0,0,0,0]-[131072,8,258,0,0]
[0,0,67108864,0,0,0,0,134217728,134217728,0,0,0,0,0,0,0]-[201326629,131072,32768,0,0]
[0,0,0,0,0,0,0,0,1048576,0,0,0,1048576,128,536870912,0]-[128,0,0,136314880,128]
[0,0,0,0,0,0,0,0,0,0,0,0,268435456,128,1024,0]-[262144,1056,0,16,0]
[0,0,67108864,0,0,0,0,0,0,0,0,0,0,536870912,0,4096]-[0,0,24,4096,65536]
[0,0,0,0,0,0,0,0,0,0,0,0,134217728,0,1,0]-[0,4096,0,263168,262144]
[0,0,67108864,0,0,0,0,0,1048576,0,0,0,0,0,4096,0]-[2147483648,0,10256,256,524432]
[1048576,0,0,0,0,0,0,0,0,0,4096,0,262144,8192,0,0]-[0,33816576,0,16388,0]
[0,0,0,0,0,0,0,0,0,0,2147483648,0,0,128,0,0]-[0,335544320,3221225601,0,262208]
[0,0,67108864,0,2147483648,0,0,0,0,0,0,0,0,0,268435456,0]-[64,16793600,268435456,0,0]
[0,0,0,0,67108864,0,0,0,0,256,0,0,1048576,0,0,0]-[536870912,8,262144,67108864,0]
[0,0,0,0,0,8192,0,0,1048576,0,0,0,16,0,0,0]-[0,0,16777216,1073741824,384]
[0,0,0,0,0,0,0,0,1048576,0,4096,0,0,128,0,0]-[270813253,1971650912,1082917089,2082578354,2761860]
[0,0,1024,0,0,0,0,0,134217728,0,0,0,0,1048576,0,0]-[268435456,0,545259520,0,256]
[128,0,67108864,0,67108864,0,0,0,0,268435456,0,0,0,0,0,0]-[0,0,32768,16777217,524288]
[0,0,0,0,0,64,67108864,8,0,0,0,0,0,0,0,0]-[0,6272,0,8192,0]
[0,0,67108864,32,0,0,0,16,1048576,0,0,0,0,128,0,0]-[2049,0,1073750016,0,0]
[0,0,67108880,0,0,0,0,0,0,0,0,0,0,0,0,0]-[67108898,2684493164,2181074448,138445824,525569]
[0,0,0,0,0,0,64,0,8,0,0,0,0,0,0,0]-[256,0,134217728,0,262145]
[0,1048576,67108864,0,67108864,0,0,0,0,0,0,0,0,0,0,0]-[67108864,0,1048576,1049088,0]
[0,0,67108864,0,0,320,0,0,1048576,0,0,0,0,0,0,0]-[2147549184,0,24,134230337,132545]
[0,0,1,0,0,0,0,0,1048576,0,65536,0,0,0,0,0]-[16809984,4,128,536872961,16]
[0,0,0,0,0,0,0,0,0,32768,0,0,1048576,0,0,0]-[147458,8,0,0,0]
[0,0,0,0,0,0,0,0,0,0,4259840,128,0,0,0,0]-[16384,1073758208,0,16777216,0]
[0,0,0,0,0,0,0,0,1048576,0,0,0,0,268435584,0,0]-[4,536870912,128,536870912,0]
[0,0,67108864,0,0,256,0,0,1073741824,0,0,0,0,0,0,0]-[0,0,1536,0,144]
[0,0,0,32,0,256,0,16,1048576,0,0,0,0,0,0,0]-[0,8388608,0,201326592,1]
[0,0,4096,0,0,0,8192,0,0,0,0,0,0,0,0,0]-[0,0,0,65568,33]
[0,0,67108864,0,0,0,0,0,1048576,0,0,0,0,33554432,0,0]-[2147483648,0,32,1606688,132096]
[0,4194304,67108864,0,0,0,0,0,0,0,0,32768,0,128,0,0]-[0,1024,2097152,64,128]
[0,0,0,0,0,67108864,0,16,1048576,0,0,0,0,0,0,0]-[0,512,536870912,0,144]
[0,0,67110912,0,0,0,8192,0,0,0,0,0,0,0,0,0]-[0,0,268439556,32,0]
[0,0,67108864,0,0,0,0,0,0,65536,4096,0,0,128,0,0]-[64,536870912,0,128,65536]
[128,0,0,0,0,8192,0,0,0,0,0,0,0,0,0,4096]-[32,0,2,0,262145]
[0,256,0,0,0,0,32,0,0,0,0,0,0,0,0,0]-[2304,0,536870912,0,262144]
[0,0,0,0,0,0,0,8,0,64,0,0,0,0,0,0]-[262144,0,0,34078720,8]
[128,0,512,0,0,0,0,0,0,1048576,0,0,0,0,0,0]-[1073741824,0,33792,0,32]
[0,0,0,0,32768,0,8192,0,0,0,0,0,0,0,0,0]-[8192,603987968,603979776,268500992,0]
[0,0,16,0,0,0,8192,0,0,0,0,0,0,0,0,0]-[0,536870912,0,48,1048584]
[0,0,0,0,0,0,64,0,1048576,0,0,0,0,0,33554432,0]-[0,128,524288,4194368,0]
[0,0,83886080,0,0,0,0,0,1048576,0,0,0,0,0,0,0]-[2149646336,839122944,34111488,2152203520,1049680]
[0,0,0,0,0,32,0,0,1048576,0,0,0,1048576,0,0,0]-[16384,9437188,33554432,33554432,8320]
[0,0,0,0,32,0,0,0,0,0,4096,0,0,0,0,0]-[2282816000,2222981120,3229696000,67272704,36]
[268435456,0,0,0,0,0,64,0,0,0,0,0,0,0,0,0]-[0,294912,262144,0,4]
[0,0,0,0,0,0,0,1073741824,16777216,0,0,0,0,0,0,0]-[0,73728,0,2048,16384]
[0,0,0,2097152,0,0,0,0,256,0,0,0,0,0,0,0]-[0,32,2,8404992,0]
[0,2,67108864,0,0,0,0,0,1048576,0,0,0,0,536870912,0,0]-[0,33554432,0,1052673,0]
[0,0,67108864,0,0,0,0,0,0,0,65536,0,0,0,0,0]-[0,32,1077414428,1114146,16384]
[0,0,67108864,0,0,262144,0,0,0,0,4096,0,0,0,33554432,0]-[0,0,512,33559040,0]
[0,0,0,16,0,0,0,0,1048576,0,0,0,0,0,0,0]-[16925056,184828544,4194437,1275073536,1967104]
[32,0,67108864,0,0,0,0,0,0,0,0,0,1048576,0,33554432,0]-[0,67108868,0,150994944,0]
[0,0,0,134217728,0,0,0,0,0,0,0,0,0,128,0,0]-[268697736,553648128,3221225605,1409286144,2105344]
[0,0,0,0,0,0,16777216,0,1048576,0,0,0,0,0,0,0]-[8389664,2,0,0,0]
[0,0,67108864,0,0,0,0,1073741824,0,0,0,0,1048576,0,0,0]-[2097216,33579064,4214804,34603264,0]
[0,0,50331648,0,0,0,0,0,0,0,0,0,0,0,0,0]-[0,1024,0,3221226496,0]
[0,0,67108864,0,0,0,0,16777216,0,0,4096,0,0,0,0,0]-[143136768,805437744,65584,524416,2113536]
[0,0,0,0,0,0,0,0,1048576,0,1052672,0,1048576,128,2048,0]-[2359296,0,0,67109376,0]
[0,0,0,0,0,2105344,0,0,0,0,0,262144,0,0,0,0]-[65536,0,262144,262144,8]
[0,0,67108864,0,0,0,0,0,256,0,0,0,0,0,0,0]-[2284322824,805311496,67109124,5243938,196610]
[0,0,0,0,0,64,0,0,0,0,0,536870912,0,0,0,0]-[2147491840,16,0,8192,0]
[128,0,0,0,0,0,0,0,1048576,0,0,0,262176,0,0,0]-[16384,0,33554432,32,131072]
[0,0,67108864,0,0,0,0,0,0,0,0,0,0,0,16,0]-[201326664,2265187348,102254356,156270802,3326021]
[0,8388608,0,0,0,0,256,0,0,0,0,0,0,0,0,0]-[0,34340864,0,256,0]
[2048,0,0,0,0,0,0,0,0,33554432,0,0,1048576,0,0,0]-[0,67108864,4194304,67108864,128]
[0,0,0,0,0,67108864,0,0,0,0,0,0,1048576,128,0,0]-[512,131072,0,262144,4]
[0,0,524288,0,0,0,64,0,0,0,0,0,0,0,0,0]-[0,134217873,4224,256,8192]
[0,0,100663296,0,0,0,0,0,0,0,4096,0,262144,0,0,0]-[0,16916480,33554432,0,0]
[0,0,0,32,0,256,0,0,0,0,0,0,1048576,128,0,0]-[1048576,0,2359296,2097152,0]
[0,0,67108864,0,16,0,8192,0,0,0,0,0,8,1048704,0,0]-[0,0,2105344,262144,2097152]
[0,0,0,0,0,4,0,0,16777216,0,0,0,0,0,0,0]-[16384,256,196608,2147745798,524312]
[0,0,0,0,0,0,0,0,1048576,0,0,0,8388608,0,0,0]-[268452096,512,4722688,1048592,538624]
[0,33554432,67108864,0,0,0,0,1073741824,0,0,0,0,0,0,0,0]-[36,0,0,16,128]
[0,128,0,0,0,0,0,0,0,0,4096,0,262144,0,0,0]-[524288,16777216,1,1024,0]
[0,0,0,67108864,0,512,0,0,0,0,0,0,0,0,0,0]-[4227072,134234112,0,0,0]
[0,0,0,0,0,262144,0,32,0,0,0,0,0,0,0,0]-[0,515,2048,0,0]
[0,0,0,0,0,0,0,0,0,0,0,8388608,1310720,0,0,0]-[1048832,67117056,2097408,0,131074]
[0,0,0,0,0,0,1024,0,0,0,0,0,0,0,67108864,0]-[16384,0,0,8388736,512]
[0,0,1024,0,0,0,0,0,0,0,0,0,0,0,128,0]-[8388624,1024,8192,0,0]
[0,0,0,0,0,2048,0,0,0,0,64,0,0,0,8,0]-[24,1024,0,1024,0]
[0,0,8388608,0,0,0,0,0,0,0,0,0,4096,0,0,0]-[0,1,33554432,268435458,0]
[0,0,67108864,0,0,0,0,16,0,0,0,0,1048576,536870912,0,0]-[0,72204,2097152,2315256080,2113664]
[0,0,0,0,0,0,33554432,0,0,0,4096,0,0,0,0,0]-[1048576,32768,16777216,1073758336,8194]
[0,0,0,4194304,0,0,0,0,0,0,67108864,0,0,0,0,0]-[0,532480,75759624,0,0]
[0,0,67108864,0,0,0,0,16,0,0,0,0,0,0,524288,0]-[4718592,537133060,2147483648,51,1048577]
[0,524288,0,0,0,64,0,16,0,0,0,0,0,0,0,0]-[0,134217728,32768,0,18432]
[1048576,0,67108864,0,0,0,64,0,0,0,0,0,0,0,0,0]-[0,40960,8192,0,4]
[0,0,0,0,0,0,64,1,0,0,0,0,0,0,4,0]-[1073741824,0,0,268435464,512]
[0,0,0,0,134217728,64,0,0,0,0,0,0,1024,0,0,0]-[0,524672,0,536870912,0]
[0,0,67108864,0,0,0,0,0,0,0,0,0,64,0,0,0]-[8917024,570427460,1111072768,2183144496,2229250]
[0,0,0,0,0,0,0,16,0,0,0,0,1073741824,128,0,0]-[0,0,1048576,67108928,32]
[0,0,67108864,0,0,16384,0,0,0,0,0,0,4096,0,0,0]-[0,0,1280,262145,0]
[0,0,67108864,0,0,0,0,16,1048576,4198400,0,0,0,0,0,0]-[0,0,1073750064,0,0]
[0,0,0,0,0,0,0,16777216,1048576,0,0,0,0,128,0,0]-[49156,268763136,545816608,606076930,1048580]
[0,0,67108872,0,0,0,0,0,0,0,0,0,262144,0,0,0]-[4096,0,1024,8192,128]
[0,0,67108864,1048576,0,0,0,0,0,0,0,0,0,0,0,0]-[2222981135,4198912,67174412,266249,2621440]
[0,0,0,0,0,64,0,0,0,0,0,0,0,128,0,0]-[2420566751,3826387443,2162844854,545790573,4040164]
[0,0,67108864,0,0,0,0,0,0,0,0,0,262144,8192,0,0]-[32,72,0,0,32768]
[0,8192,0,0,0,256,0,0,0,0,0,0,0,0,0,0]-[67108864,5632,268828688,201588992,0]
[128,0,0,0,0,0,0,0,0,0,16,0,0,0,0,0]-[235030592,66560,8553472,139272,4100]
[0,0,0,0,0,8192,0,0,0,0,67108864,0,0,0,0,0]-[268451840,532545,262144,134217729,1060]
[0,0,1140850688,0,0,8192,0,0,0,0,0,0,268435456,0,0,0]-[23068672,0,0,262144,0]
[0,0,67108864,0,65536,0,0,0,0,0,0,0,0,67108864,16777216,0]-[0,0,0,1537,2097152]
[0,0,0,0,0,256,0,0,0,0,4096,0,0,128,0,4096]-[0,0,1073741825,262148,0]
[128,0,0,0,0,0,0,0,134217728,0,0,0,0,0,0,0]-[545606240,604342595,545783818,1426210866,528709]
[0,0,67108864,0,0,4,0,0,0,0,0,0,1048576,0,0,0]-[0,0,268435716,32832,4]
[0,8192,67108864,0,0,0,0,0,0,0,0,0,0,128,0,0]-[0,285344000,2147524612,2359296,65668]
[128,0,0,131072,0,0,0,0,0,0,4096,0,1048576,0,0,0]-[134217728,0,0,1073741858,131072]
[0,0,0,0,0,0,0,0,0,8388608,0,262144,0,0,0,0]-[67239936,0,258,0,0]
[0,0,67108864,0,0,0,64,0,0,0,0,0,0,0,1,0]-[0,0,0,524292,2176]
[0,0,0,0,0,4096,2048,0,0,0,0,32,0,0,0,0]-[8388608,1048576,0,4196352,0]
[0,0,0,0,0,0,8256,8,0,0,0,32,0,0,0,0]-[268435456,16384,32768,2147483648,0]
[0,0,67108864,0,0,0,0,0,128,0,0,0,0,0,32768,0]-[0,266240,512,0,524288]
[0,0,67108864,0,0,8192,0,0,0,0,0,0,262144,128,0,0]-[33554444,0,0,128,0]
[134217728,0,0,0,0,8192,0,0,0,0,0,0,1048576,0,0,0]-[2,4,262144,0,32]
[8388608,0,0,0,67108864,0,0,0,1048576,0,0,1073741824,0,0,0,0]-[0,1073758208,8388609,0,0]
[0,0,128,0,0,0,0,0,2048,0,0,0,0,0,0,0]-[68157696,0,0,0,16]
[0,0,0,4194304,0,0,0,0,0,0,0,0,2048,0,0,0]-[0,524288,67371010,0,0]
[0,0,0,0,0,0,0,0,134217728,0,16384,0,0,0,0,0]-[0,8650753,0,16777216,0]
[0,0,0,0,0,0,0,0,0,0,4096,0,0,0,4,0]-[1367605248,33588312,8393408,268751880,2097152]
[0,64,67108864,16777216,0,0,0,0,0,0,0,0,0,0,0,0]-[134217730,0,0,33280,0]
[0,0,0,0,0,0,0,0,134217728,0,0,0,1048576,0,262144,0]-[0,0,33554432,134348800,4096]
[0,0,0,0,0,0,0,8,0,0,262144,0,0,0,0,0]-[4,134221824,32,402915328,4]
[0,0,67108864,0,16384,0,0,0,134217728,0,0,0,0,0,0,0]-[65536,264256,0,0,1024]
[0,0,0,0,0,0,0,16,0,0,0,0,0,0,0,4096]-[2281701442,1048576,1179713,262144,262145]
[0,32,0,0,536870912,0,0,16,0,0,0,16777216,0,128,0,0]-[0,0,2684485632,0,262144]
[2048,0,0,0,0,0,0,0,0,0,4096,0,0,0,0,0]-[2304,536911876,0,33587456,4264]
[0,0,0,0,0,0,1024,0,0,0,0,0,1048576,0,0,0]-[3407872,65544,83886082,8388736,524872]
[0,0,0,0,8192,0,0,16,0,0,0,0,0,128,0,0]-[32768,0,2097154,0,32]
[128,0,0,0,0,0,0,0,1024,0,0,0,0,0,0,0]-[0,2097152,524288,67108864,262144]
[262144,0,0,0,0,256,0,16,0,0,0,0,0,0,0,0]-[2147483648,8392704,0,0,8192]
[0,0,0,2,0,1073750016,0,0,1048576,0,0,0,0,0,0,0]-[0,256,0,536871936,8192]
[16,0,0,0,0,0,0,0,0,0,0,0,0,0,65536,0]-[32,2,0,272,0]
[0,0,0,0,0,0,0,0,0,0,0,256,0,0,67108864,0]-[1073741828,4,2048,0,0]
[128,32768,0,0,4194304,0,0,0,0,67108864,0,0,0,0,0,0]-[67125248,0,0,1073741824,256]
[0,0,0,0,0,0,0,0,4194304,0,0,0,0,536870912,0,0]-[2048,268435456,0,1073741824,16384]
[0,0,0,0,0,0,0,0,8192,0,268435456,0,8,0,0,32]-[0,0,16785408,163840,0]
[0,0,0,0,0,256,0,0,0,0,0,0,266240,0,0,0]-[0,4096,0,67108864,139264]
[0,0,65536,0,0,0,64,0,0,0,0,0,0,0,0,0]-[0,4,0,524352,4096]
[0,0,0,0,0,0,2097152,0,64,0,0,0,0,0,0,0]-[0,34078720,32768,16777216,0]
[0,0,0,0,0,0,0,0,0,0,0,0,262176,0,33554432,0]-[134348804,0,0,64,0]
[0,0,67108864,0,0,0,0,1073741824,0,0,0,0,0,0,0,128]-[32,536870912,32768,0,128]
[0,0,0,0,0,0,0,0,0,524288,0,0,1,0,0,0]-[262144,64,0,134258688,0]
[0,0,0,0,0,0,0,24,1048576,0,0,0,0,0,0,0]-[268705792,64,1073744896,2416443520,1048657]
[1073741824,0,67108864,0,0,8192,0,0,0,0,0,0,0,0,0,0]-[10,32768,4,144,2]
[0,16384,67108864,131072,0,0,0,0,16777216,0,0,0,0,0,0,0]-[134217728,512,0,130,0]
[0,0,0,0,0,128,0,0,0,0,4096,0,1048576,0,0,0]-[16777216,1,1,67108864,0]
[0,16384,0,0,0,0,64,0,0,0,0,0,0,128,0,0]-[80,0,0,2048,786432]
[0,16777216,67108864,0,0,0,0,0,1048576,0,0,0,0,0,0,0]-[0,4456960,0,1048640,131088]
[0,0,0,0,0,0,524288,0,2148532224,0,0,0,0,0,0,0]-[256,32,1,2,0]
[0,0,0,0,0,0,8192,0,1048576,0,0,0,1048576,0,0,0]-[2181414912,17056,587472993,2449480304,17]
[0,0,67117056,0,0,0,0,0,16777216,0,0,0,0,0,0,0]-[524288,256,0,2147483712,0]
[1048576,0,0,0,0,0,0,0,1048576,0,0,0,1048576,0,0,0]-[0,1073741952,0,1073741824,4]
[128,0,0,0,0,320,0,0,131072,0,0,0,0,0,0,0]-[576,0,0,2147483648,64]
[0,0,0,0,0,0,0,0,18874368,0,0,0,0,0,0,0]-[64,34078720,2097152,0,0]
[0,0,0,0,0,0,0,0,0,0,0,1048576,1048576,128,0,0]-[0,67108864,262144,4096,8192]
[0,0,0,0,131072,0,0,0,0,0,0,0,0,0,0,2048]-[0,2097152,1073741826,1048576,0]
[0,0,67108864,0,8388608,64,0,0,0,0,0,0,0,0,0,0]-[0,2097152,0,1,68]
[0,0,0,0,0,0,0,0,1048576,16,4096,0,0,0,0,0]-[65536,256,128,1024,0]
[0,0,67108864,0,0,0,0,0,0,64,0,0,1048576,128,0,0]-[2097155,0,0,0,2097152]
[262144,0,0,0,0,16384,0,0,0,0,0,0,262144,0,0,0]-[0,4096,0,1056,8192]
[0,0,67108864,0,1073741824,0,0,0,0,0,4096,0,0,0,0,0]-[8392704,8192,0,33554432,0]
[0,0,67108864,1073741824,0,0,0,0,0,0,0,0,0,0,0,0]-[16777216,536879105,2187329548,16785409,1152]
[0,0,67108864,0,67108864,0,0,16,1048576,0,0,0,1048576,0,0,0]-[0,66048,0,16,128]
[0,0,67108864,0,0,0,0,0,0,0,16777216,0,0,0,0,0]-[2363562048,2483193369,268436756,2098401,2623556]
[128,0,0,0,0,0,0,0,1048576,0,0,0,0,0,0,8]-[33554432,256,536870912,32768,0]
[8,0,0,0,0,0,0,144,0,0,0,0,0,0,0,0]-[0,32,536871168,32,0]
[0,0,1024,0,0,256,131072,0,0,0,0,0,65536,0,0,0]-[0,0,65540,134219776,0]
[0,32768,0,0,0,0,0,0,1048576,0,0,0,0,128,0,0]-[0,8388864,524288,32,0]
[0,0,0,0,0,8192,0,16,0,0,4096,0,0,0,0,131072]-[512,65,0,131072,0]
[0,0,0,0,0,0,0,0,1048576,0,33554432,0,0,0,8192,0]-[2147485696,0,0,1107296256,0]
[0,0,1073741824,0,0,0,0,8,0,0,4096,0,1048576,0,0,0]-[17043456,0,0,4,0]
[0,0,67108864,0,0,0,64,0,0,0,0,36,0,0,0,0]-[0,0,67633184,0,128]
[0,0,0,0,0,0,0,4194304,0,0,0,32,262144,0,0,0]-[8388608,0,134217728,134217728,512]
[0,0,0,0,0,0,0,0,1048576,0,0,0,8,0,0,0]-[320686485,853082804,1665673435,4231568721,2647511]
[0,0,335544320,0,0,0,0,0,0,0,0,0,1048576,0,0,0]-[0,0,8192,260,128]
[0,0,0,0,0,128,0,0,1048576,0,0,0,256,128,0,0]-[0,0,32768,1140850688,1048576]
[0,0,0,0,0,0,0,0,0,0,0,0,0,128,8,0]-[3994026008,134349856,260,2751463936,0]
[0,0,0,0,0,0,8192,0,2147483648,0,0,0,0,0,0,0]-[2684354560,0,0,0,528]
[0,131072,0,0,0,0,0,0,0,0,4096,0,1048576,0,0,0]-[4096,8,0,4,4096]
[0,0,0,0,0,0,66,0,0,0,0,0,0,0,0,0]-[0,1343488,0,1024,0]
[8388608,0,0,0,0,0,0,0,17825792,0,0,0,0,0,0,0]-[16777216,1073741824,1,2097152,0]
[0,0,134217728,0,0,0,0,0,1,0,0,0,0,0,0,0]-[8,524544,1,0,0]
[0,0,0,0,0,0,0,0,0,0,0,4096,1048576,0,0,0]-[17825792,335548418,4096,2151677952,2]
[0,0,0,0,0,0,0,16777216,0,0,0,0,0,0,4,0]-[8388624,131072,0,2147483648,0]
[0,0,67108864,0,0,64,0,0,0,0,0,8388608,0,0,0,0]-[67108864,4,1048576,65536,0]
[0,0,8,0,0,0,0,16,0,0,0,0,0,0,0,0]-[0,0,32768,1,262272]
[0,0,4096,0,0,256,0,0,0,0,4096,0,0,0,0,0]-[268435456,8448,1073741824,0,0]
[0,0,0,0,0,0,0,4096,0,0,0,0,0,536870912,0,0]-[0,4194320,131072,16,0]
[0,0,67108864,0,0,0,0,0,1048576,0,0,8,0,128,0,0]-[2097152,536871200,1073741824,16,655360]
[8,0,67108864,0,0,0,0,16,0,0,0,0,0,0,0,0]-[0,16,2147487744,128,0]
[0,0,67108864,0,0,64,0,0,0,0,0,0,0,128,0,131072]-[0,65,0,36,0]
[0,0,0,0,0,0,0,0,0,0,0,0,5242880,0,0,0]-[1048578,33554434,33554433,69636,65600]
[8388608,0,0,0,256,0,0,0,0,0,0,0,0,0,0,0]-[553648128,8388608,131072,0,0]
[0,0,0,0,0,0,0,0,0,0,128,0,1048576,128,0,0]-[1048576,0,1,2097168,0]
[0,0,0,0,0,0,64,0,134217728,0,4096,0,1048576,0,0,0]-[262144,0,33554432,4194308,4096]
[0,0,1048576,0,8192,0,0,0,0,0,0,0,0,0,0,0]-[1082130432,0,0,8388608,1]
[0,0,0,0,0,1024,0,0,17825792,0,0,0,0,128,0,0]-[0,0,32,268435456,524352]
[16777216,0,67108864,0,0,0,0,0,1048576,0,0,0,0,0,0,0]-[2147483648,65536,0,32800,0]
[0,0,0,128,0,0,0,0,1048576,0,0,256,0,0,0,0]-[32,0,4096,16908288,0]
[128,0,67108864,0,0,256,0,0,0,0,0,16384,0,0,0,0]-[0,0,1024,16777280,16]
[128,0,0,0,0,0,0,8,0,0,0,0,0,128,0,0]-[16384,262144,0,8,64]
[0,0,0,0,0,0,0,0,2048,0,0,0,1048576,0,0,0]-[675414016,71303177,68,671090692,16553]
[0,0,0,0,0,0,32,0,16777216,0,0,0,0,0,0,0]-[2147483648,0,67108865,262144,0]
[0,0,67110912,0,0,256,0,0,0,0,4096,0,0,0,0,0]-[65536,0,1073745920,262144,0]
[0,0,0,0,0,0,0,0,0,0,0,0,1048576,0,0,131072]-[4194308,8400,537919554,268435456,655376]
[0,0,0,0,0,0,0,0,0,0,0,256,1048576,0,0,0]-[1,96,0,578961664,1281]
[16,0,0,0,0,0,0,16,0,0,0,0,0,0,0,0]-[13914112,8192,2172690820,2277400,2088]
[0,0,67108864,0,0,0,0,0,1048576,0,4096,0,0,536871040,0,0]-[4,268500992,0,0,524288]
[8,0,1024,0,0,0,0,0,0,0,0,0,0,0,0,0]-[2684354560,256,0,131072,0]
[0,0,1024,0,0,0,0,0,0,1073741824,0,0,0,0,0,0]-[603979776,0,1024,256,0]
[0,0,0,256,0,0,0,0,0,0,4096,32,0,0,0,0]-[8388608,0,268435456,65536,4096]
[0,0,0,0,0,0,64,0,0,0,0,1024,256,0,0,0]-[0,589824,65536,1048576,0]
[0,0,67108864,0,0,64,0,16,17825792,0,0,0,0,0,67108864,0]-[0,512,0,2147483712,128]
[0,0,0,0,0,16384,64,0,0,0,4096,0,0,0,0,0]-[16384,67108864,0,32768,2]
[0,0,67108864,262144,0,0,0,0,0,0,0,0,0,512,0,0]-[4096,65536,0,2097152,1]
[16777216,0,1073741824,0,0,0,0,0,0,0,0,0,0,0,0,0]-[0,0,262144,1152,262144]
[0,128,67108864,0,0,0,1024,0,0,32768,4096,0,0,0,0,0]-[8388608,131072,1073741824,256,0]
[0,0,0,0,0,0,0,0,0,0,4096,0,262144,0,33554432,0]-[0,16777217,0,67109888,0]
[0,0,0,0,0,0,0,8,1048576,0,4096,0,0,0,0,0]-[278528,256,1073741824,33587200,128]
[131072,0,67108864,0,0,0,0,0,0,0,0,0,1048576,0,0,0]-[134217728,0,268435456,8256,0]
[0,0,67108864,0,0,0,0,16,0,0,0,0,16777216,0,0,0]-[67174400,17039360,0,16777216,0]
[536870912,0,0,0,0,0,0,0,0,0,0,0,1,0,0,0]-[8192,8192,1024,16384,0]
[0,0,16777216,0,0,0,0,0,0,524288,0,0,262144,0,0,0]-[268435456,536870912,33554432,0,1024]
[0,0,67108864,0,0,0,0,16,1048576,0,262144,0,0,0,0,0]-[0,0,34816,48,0]
[0,0,67108864,0,0,0,32,0,0,0,0,0,1048576,0,0,0]-[0,139264,8,0,1]
[0,0,0,262144,0,33554432,0,0,0,0,4096,0,0,0,0,0]-[1073758209,256,0,0,0]
[0,16384,0,0,0,0,0,0,1048576,0,0,0,0,0,2,0]-[131456,0,16777216,0,0]
[0,0,0,0,0,0,16384,16,1048576,0,0,0,0,536870912,0,0]-[16,65552,0,0,128]
[0,8388608,0,0,0,0,0,0,0,0,0,0,0,536870912,0,0]-[16384,268435456,0,0,147456]
[0,0,67108864,0,0,0,0,0,135266304,0,0,32,0,0,0,0]-[32768,536870912,16,1057792,525312]
[4096,0,67108864,0,0,0,0,0,0,1048576,0,0,0,0,0,0]-[0,9216,0,16,2048]
[0,0,0,0,0,256,64,0,0,0,0,1,0,0,0,0]-[67108944,0,134217728,0,0]
[33554432,0,0,0,0,0,0,0,0,0,2097152,0,0,0,0,0]-[134217728,1048576,0,1073774592,0]
[0,0,67108864,0,0,0,0,0,0,256,4096,0,0,128,0,4096]-[0,33,1073741824,4,0]
[0,0,0,0,67108864,0,0,0,0,0,0,0,8192,0,0,0]-[1073741856,0,0,18874368,0]
[0,0,0,0,0,8192,8192,16,0,0,0,0,0,67108864,0,0]-[536870912,8192,262144,0,8]
[0,0,0,0,68157440,0,0,0,0,0,4096,0,0,0,0,0]-[256,16908288,0,128,0]
[0,0,67108864,0,0,0,0,0,1048576,4096,0,0,0,0,0,0]-[0,16416,1077944320,2148532256,64]
[0,524288,0,0,0,256,0,0,1048576,0,0,0,0,0,0,0]-[131088,0,0,2097408,0]
[0,0,67108864,0,0,0,0,0,0,0,0,0,8,0,0,2]-[0,0,589824,1,1024]
[67108864,0,0,0,0,256,0,0,0,0,0,0,0,0,0,0]-[2415927296,4224,17,2048,0]
[0,0,67108864,0,0,2048,0,0,0,0,4096,0,0,0,0,0]-[524288,71312400,0,1536,32896]
[0,0,0,0,0,0,0,0,0,0,2147487744,0,0,0,0,0]-[1,64,134217728,0,32768]
[128,0,0,0,0,0,0,0,135266304,0,0,0,0,128,0,0]-[18432,327936,545259520,1342177328,524352]
[0,0,0,8388608,0,0,0,0,0,0,0,0,1048576,0,0,0]-[134217732,67108896,4194304,75497472,1]
[67108864,0,67108864,0,0,0,0,0,0,0,0,0,0,128,0,0]-[0,256,524288,0,2228224]
[0,0,0,0,0,0,0,0,0,0,4096,0,0,2097152,33554432,0]-[512,4194344,0,0,0]
[0,0,0,1,0,0,0,8192,0,0,0,0,0,128,0,0]-[268435456,0,262144,268435472,0]
[0,0,0,0,0,0,64,0,0,0,4096,0,262144,0,268435456,0]-[16384,131076,0,0,2]
[0,0,67108864,0,2,0,0,0,1048576,0,0,32,0,0,0,0]-[0,16896,32,8192,0]
[0,0,65536,0,0,0,0,0,64,0,0,0,0,0,0,0]-[4194304,4,0,268959744,0]
[0,67108864,67108864,0,0,0,0,0,0,0,0,0,0,262144,0,0]-[32,0,1032,0,1]
[4,0,0,0,0,0,64,0,0,0,0,0,0,0,0,0]-[0,0,67698688,0,4096]
[0,0,0,0,0,0,0,0,0,2147483648,0,0,0,0,33554432,0]-[0,136,0,8650752,0]
[16,0,0,0,0,0,0,0,0,1,0,0,0,0,0,0]-[8,8192,2,8,0]
[0,0,0,16908288,0,0,0,0,0,0,0,0,1048576,0,0,0]-[2147483648,2097152,268435458,0,0]
[0,0,0,0,0,256,0,0,2,0,0,0,0,0,0,0]-[268435520,5120,0,2483032064,0]
[0,0,0,0,0,0,0,0,1048576,0,0,0,1073741824,0,0,0]-[2147844096,8388608,1615331345,3288335875,257]
[0,0,67108864,0,0,0,0,0,2,0,0,0,0,128,0,0]-[2,0,0,128,65604]
[0,0,67108864,0,0,0,0,0,0,0,0,0,0,0,0,262144]-[2294349834,570628909,305743136,36706005,2621844]
[0,0,67108864,0,0,64,0,0,0,0,0,0,0,536871040,0,0]-[2048,2048,0,64,128]
[0,0,0,0,67633152,0,0,0,1048576,0,0,0,0,128,0,0]-[128,327680,1073741824,2097152,0]
[0,0,0,0,0,0,0,0,1048578,0,0,0,0,0,0,0]-[18942337,549535876,34078793,8338,131396]
[0,0,0,0,0,0,0,0,134217728,64,1048576,0,0,0,0,0]-[66048,134217728,0,16,0]
[0,0,0,512,1,0,0,0,1048576,0,0,0,0,0,0,0]-[16,16384,536870912,671089664,524288]
[0,0,335544320,0,0,0,0,0,0,0,0,0,0,16777216,0,0]-[0,2097152,0,1049664,0]
[134217728,0,0,0,0,0,0,0,17825792,0,0,0,0,128,0,0]-[16384,0,536870912,134217728,64]
[0,0,0,0,0,0,0,0,0,0,0,0,0,0,33554440,0]-[260,130,2147483648,134217728,0]
[0,0,16,0,0,0,0,0,2147483648,0,0,0,128,0,0,0]-[268468224,0,0,1024,1]
[128,0,0,0,0,256,0,16,1048576,0,0,0,0,0,0,0]-[0,8388608,64,4096,8192]
[0,0,0,0,0,2048,0,0,1048576,0,0,0,0,128,0,0]-[0,0,8650753,578,128]
[0,0,0,0,67108864,0,0,0,134217728,134217728,0,0,0,0,0,0]-[134217728,4096,16779264,0,0]
[0,0,0,128,0,16777216,0,0,0,0,0,0,0,0,0,0]-[134217728,8388608,131072,256,0]
[0,0,0,0,0,8192,0,0,0,0,0,536870912,0,0,0,0]-[8,1073741824,25165824,0,0]
[0,0,0,0,0,0,0,0,1048576,0,20480,0,0,0,0,0]-[2147483648,8388608,0,1207959552,0]
[0,0,0,0,0,64,0,8,0,0,0,0,0,0,0,0]-[268443648,2103424,3240,536879104,4]
[16777216,0,0,0,0,0,0,0,16777216,0,4096,0,1048576,0,0,0]-[8388608,0,1,33685504,0]
[0,0,0,0,0,80,0,0,0,0,0,0,0,0,0,0]-[1073742080,65536,0,128,0]
[0,0,67108864,0,0,0,0,0,0,0,33554432,0,0,0,0,0]-[2267613287,2718060380,1140898836,6136813,2345168]
[0,0,0,0,0,0,0,4,0,0,0,0,0,128,0,0]-[16781314,0,16777218,4218886,2560]
[128,0,67108864,0,0,0,0,0,1048576,0,0,2048,0,536870912,0,0]-[2048,268435456,0,2147483664,0]
[0,0,0,4194304,0,0,0,0,0,0,0,0,0,128,0,0]-[269352972,1621360640,32832,4296,262177]
[0,0,0,0,0,256,0,0,0,0,0,0,0,2,0,0]-[0,512,131072,67108864,256]
[0,0,0,0,0,0,0,0,8192,0,0,16384,0,0,0,0]-[0,512,167772160,128,0]
[262144,0,0,0,0,0,0,0,0,0,0,0,65536,0,0,0]-[0,0,68,1114112,0]
[0,8388608,67108864,0,0,0,0,0,0,0,0,0,0,160,0,0]-[2048,268435456,0,4,131072]
[0,0,0,0,0,0,0,0,1048576,0,0,0,0,67108992,0,0]-[16384,0,8388608,512,131072]
[0,0,0,0,4194304,134217792,0,0,0,0,0,0,0,0,0,0]-[592,0,0,1,0]
[128,0,0,0,0,0,0,0,0,0,0,32,0,0,0,0]-[672531009,2416200720,76080128,2454806680,2265458]
[0,128,0,0,0,0,0,0,0,0,0,2,0,0,0,0]-[256,1,0,0,262272]
[0,0,0,524288,0,0,0,0,1048576,0,0,0,1048576,0,0,0]-[262144,8388608,37748736,7340032,128]
[0,0,0,0,0,0,0,2048,0,0,0,0,0,0,536870912,0]-[67108864,16384,262144,0,1048576]
[0,0,67108864,65536,0,0,0,0,0,0,0,0,1048576,0,0,0]-[64,0,35651584,8,0]
[0,0,0,0,0,0,8192,0,0,0,0,0,262144,128,0,0]-[1048586,553781249,536903680,67174560,794624]
[2147483648,0,524288,0,0,0,0,0,1048576,0,0,0,0,0,0,0]-[0,16,128,33554432,8192]
[0,0,0,0,0,0,0,0,1048576,0,1073741824,0,1048576,0,0,0]-[16777216,41943168,33556480,40960,0]
[128,0,67108864,0,33554432,0,0,0,33554432,0,0,0,0,131072,0,0]-[67108864,65536,0,64,131072]
[0,0,0,0,0,0,0,0,1048576,0,0,0,1,0,0,0]-[1843272,75497472,525316,203448320,16]
[0,0,0,0,0,0,0,0,268435456,0,4096,0,0,0,0,0]-[0,256,0,33554432,4224]
[0,0,16777217,0,0,0,0,0,0,0,65536,0,0,0,0,0]-[0,0,131072,553648128,524288]
[0,0,67108864,0,67108864,0,0,16,0,0,0,0,262144,128,0,0]-[0,0,2129920,2097152,1048576]
[0,0,0,0,0,0,0,0,0,0,4096,0,1179648,0,0,0]-[0,67108896,4112,65536,69792]
[0,0,16777216,0,2048,16384,0,0,0,0,0,0,262144,0,0,0]-[0,4096,33554432,32,8192]
[0,0,0,0,0,0,0,0,0,0,0,256,0,0,0,128]-[0,0,0,8667136,1]
[0,0,0,0,0,512,0,2147483648,0,0,0,0,0,0,0,0]-[134217728,134217728,64,0,65536]
[128,0,0,0,0,256,0,0,0,0,0,0,1048576,128,0,0]-[16384,2048,0,65552,0]
[0,0,4,0,0,0,0,0,0,0,0,0,262144,0,0,0]-[32,64,8388608,134217728,0]
[0,0,0,0,0,8192,0,0,0,0,0,0,0,128,0,0]-[3127953087,4053220705,1639769319,2040913663,507116]
[0,0,0,0,0,0,0,0,0,0,4096,128,0,0,0,0]-[512,2181070849,1082130432,279552,0]
[0,0,67108864,2048,0,0,0,0,0,0,4096,0,0,0,0,0]-[2099200,67109120,512,5248,0]
[0,0,0,0,0,64,0,134217728,0,0,0,0,0,0,0,0]-[67109888,0,0,32784,0]
[67108864,0,0,0,0,0,2048,0,0,0,0,0,0,0,0,0]-[33816576,0,512,0,64]
[0,0,0,0,0,134217728,0,0,0,0,0,131072,0,128,0,0]-[1,0,0,72,8192]
[0,0,0,0,0,0,0,16,0,0,4096,0,268435456,0,0,0]-[16777216,4194304,128,131072,0]
[128,0,0,0,0,256,0,0,0,0,2097152,0,0,0,0,0]-[0,0,8,16941184,0]
[0,0,0,0,0,0,0,0,0,0,0,0,0,4224,0,0]-[65,0,1,0,524288]
[0,0,67108864,0,0,0,0,16,0,0,0,0,128,128,0,0]-[0,512,2048,0,16385]
[128,0,67108864,0,0,512,0,0,0,0,0,0,0,0,0,0]-[8388608,33554448,2048,0,0]
[0,1048576,0,0,0,0,0,16,0,0,0,0,16384,0,0,0]-[512,553648128,0,16777216,0]
[0,0,0,0,0,32,0,0,0,0,2097152,0,0,0,0,0]-[134217728,1048577,0,16777344,8192]
[0,0,0,0,0,0,2,0,1048576,0,0,0,0,0,0,0]-[720896,173015553,65536,605031488,4]
[256,0,0,0,0,0,0,0,8192,0,0,0,262144,0,0,0]-[16,0,128,65536,2]
[0,0,0,0,0,0,8192,0,0,0,0,0,0,32,0,0]-[1048576,16777216,16777216,0,8]
[128,0,67108864,0,0,0,0,0,1073741824,0,0,0,0,0,0,0]-[8388608,536875009,2147483648,262144,0]
[0,0,0,0,0,0,0,0,1048576,0,0,0,4096,128,0,0]-[0,1074790432,524288,67109504,131072]
[1073741824,0,0,0,0,0,8192,0,0,0,0,0,0,0,0,0]-[524288,134742016,32768,8,8192]
[0,0,67108864,0,0,0,0,0,1048576,0,4096,0,1048576,128,0,0]-[4,0,0,32,131076]
[0,0,67108864,0,0,0,0,16,0,0,0,536870912,0,0,33554432,0]-[0,8,0,134217792,2048]
[0,0,0,0,0,0,0,0,1048576,0,0,0,32,0,0,0]-[132,1065492,1627652096,536870978,1216]
[0,0,0,0,0,0,0,0,0,0,0,0,0,8320,0,262144]-[0,131072,540672,268435456,0]
[0,0,0,0,0,64,0,0,135266304,0,0,0,0,0,0,0]-[114688,128,526336,0,192]
[0,0,0,0,2147483648,0,0,0,0,0,4096,0,0,128,0,0]-[0,1056,8388608,0,2162688]
[0,0,0,0,0,8256,0,0,1048576,0,0,0,0,0,0,0]-[2147549184,1614807040,524288,0,8193]
[0,0,128,0,0,0,0,0,0,0,0,0,1048576,0,0,0]-[0,269484038,4456448,88097280,16384]
[0,8,67108864,16777216,0,0,0,0,0,0,0,0,0,0,0,0]-[65536,64,8704,0,0]
[0,0,67108864,0,0,262144,0,16,0,0,0,0,0,0,0,0]-[2147483648,8,0,167776256,18448]
[0,0,0,0,0,0,8192,0,0,0,0,131072,0,0,0,0]-[524289,1073758208,268697600,2147483712,512]
[0,0,0,0,0,256,8192,0,0,8388608,0,0,0,0,0,0]-[1048576,0,134217728,268437504,0]
[0,0,0,0,0,0,0,0,1048576,0,0,0,0,536871040,4,0]-[0,1073741824,128,1073741840,0]
[256,0,0,0,0,0,0,0,0,0,1048576,0,262144,0,0,0]-[0,16777216,128,0,8194]
[128,0,0,0,0,0,0,0,0,0,4096,0,0,34,0,0]-[1,32768,128,0,2097152]
[0,0,67108864,16777216,32,0,0,0,0,0,0,524288,0,0,0,0]-[16777216,0,512,16,256]
[128,0,0,0,0,0,0,0,0,65536,4096,0,0,0,0,0]-[64,0,0,65664,4096]
[64,0,0,0,0,256,0,0,0,0,0,0,0,0,0,0]-[131392,4128,0,204800,0]
[128,0,0,0,0,0,0,0,1048576,0,0,2,0,0,0,0]-[16384,262144,0,0,260]
[0,0,67108864,0,0,64,0,0,0,0,0,0,0,128,67108864,0]-[0,0,4,548,0]
[0,0,0,0,0,0,0,16777216,0,0,0,0,0,8,0,0]-[0,0,532864,0,0]
[0,0,67108864,0,0,0,0,0,0,2097152,0,0,0,0,0,0]-[2260795494,2540105340,3598319412,2189211539,2837957]
[0,0,67108864,0,0,128,0,0,1048576,0,0,0,0,0,0,0]-[16842752,33554432,32768,192,1048577]
[0,0,1024,0,0,256,0,0,1048576,0,0,0,0,128,0,0]-[0,65536,32,335544320,0]
[0,0,67108864,0,0,16777216,0,0,0,0,0,0,8,0,0,0]-[4194304,536870912,24,0,0]
[0,0,0,0,0,0,0,0,0,0,0,0,1048576,0,67108864,0]-[807665664,369115300,107282465,25379220,334600]
[0,0,67108864,0,32,0,0,0,0,0,4096,0,1048576,0,0,0]-[8388608,50331648,0,4096,0]
[0,0,67108864,524288,0,0,0,0,64,0,0,0,0,0,0,0]-[0,16385,8192,1,0]
[0,0,67108864,0,0,0,0,0,142606336,0,0,0,0,0,0,0]-[67110944,67141632,0,1040,1]
[128,0,67108864,0,0,0,0,0,0,0,134221824,0,0,0,0,0]-[65536,67108896,0,262144,0]
[33554432,0,0,0,0,2147483648,0,0,0,0,0,0,1048576,0,0,0]-[0,0,512,268435488,524288]
[0,0,0,2048,0,0,0,0,1048576,0,0,0,0,128,0,0]-[0,0,1073741824,402653248,0]
[0,0,0,0,2,64,0,0,1048576,0,0,0,0,0,0,0]-[0,0,32785,0,8192]
[0,0,67108864,0,0,0,0,0,0,0,0,0,0,536871040,8,0]-[0,16777216,0,0,524356]
[0,0,67108864,0,0,0,0,16,0,0,0,0,0,128,33554432,0]-[0,67108864,0,136314944,0]
[131200,0,16777216,0,0,0,0,0,1048576,0,0,0,1310720,0,0,0]-[0,4099,0,0,2]
[0,0,0,0,67108864,256,0,0,0,0,0,0,0,536870912,0,0]-[0,262144,2147483648,8388608,512]
[0,128,0,0,0,0,0,0,0,0,0,0,65536,0,0,0]-[1114112,32,64,1050624,128]
[0,0,67108864,0,0,0,0,16,0,0,0,0,16384,0,0,0]-[0,16793600,1024,4194304,0]
[0,0,67108992,0,0,0,0,0,0,0,0,0,0,0,0,0]-[97011756,2437168933,2215178000,2808053878,2246802]
[0,0,0,0,0,0,128,0,1048576,0,0,0,0,0,0,0]-[18457,16777216,50364512,41472,528387]
[0,0,67108864,0,268435456,0,16777216,0,0,0,0,0,0,0,0,0]-[0,0,1056768,0,3]
[0,0,67108864,536870912,0,0,0,0,0,8388608,0,0,0,0,0,0]-[0,0,2048,16777280,2097152]
[0,0,0,0,0,268435456,0,16,0,0,0,0,1048576,0,0,0]-[0,0,134217728,20496,0]
[0,0,67108864,0,32768,0,0,0,0,0,0,0,8,0,0,0]-[67108864,32768,8192,1,0]
[0,0,67108864,0,0,64,0,16,1048576,0,0,0,0,0,0,0]-[0,512,2048,65,0]
[0,0,0,0,0,0,0,8192,0,0,0,262144,0,0,0,0]-[1,2147483776,0,8388608,0]
[0,0,0,0,0,256,0,0,2147483648,0,4096,0,0,0,0,0]-[0,0,65,268435456,4096]
[0,0,0,0,0,256,0,0,0,0,0,0,0,0,268435456,0]-[0,9216,131136,0,0]
[0,0,67108864,0,0,0,0,0,0,0,0,0,0,128,268435456,0]-[0,262208,1572864,0,32768]
[0,0,0,0,67108864,0,0,0,0,0,0,64,0,0,0,0]-[0,512,33554434,0,1048576]
[1073741824,0,0,0,0,0,0,0,0,16384,0,0,0,0,0,0]-[64,8654848,0,0,0]
[0,0,0,0,0,0,1056768,0,0,0,0,0,0,0,0,0]-[1,131200,268435456,0,0]
[2048,0,0,0,0,2048,0,0,0,0,0,0,0,0,0,0]-[16,16,536870928,0,32768]
[0,1048576,0,1,0,0,0,0,256,0,0,0,0,128,0,0]-[268435456,0,128,268435456,262144]
[0,0,0,0,0,0,0,0,16777216,0,0,0,256,0,0,0]-[16777216,16777216,8,50462784,4128]
[0,128,0,0,0,0,0,0,0,0,4096,256,0,0,0,0]-[0,0,128,33701888,0]
[0,4,67108864,0,0,0,0,0,0,0,0,0,0,2147483648,0,0]-[67108864,0,2147485696,32768,0]
[0,0,67108864,0,0,0,0,0,0,0,0,32,0,32768,0,0]-[0,50331648,34078720,0,0]
[0,262144,0,0,0,0,0,0,1048576,0,0,0,0,0,0,0]-[268697700,134217856,1077937168,4720640,10240]
[0,4,0,0,256,0,0,0,0,0,4096,0,0,0,0,0]-[16777216,16,16384,131072,0]
[0,0,0,0,0,32768,0,0,0,0,0,128,0,0,0,0]-[0,0,1048576,1064960,64]
[0,0,16777216,0,0,0,0,0,1048576,0,0,0,262144,0,0,0]-[0,536870912,32896,256,0]
[0,0,0,0,0,0,0,0,0,0,0,0,1048576,1073741824,0,0]-[3221225472,0,0,0,526336]
[0,0,67108864,0,0,0,0,0,0,0,528,0,0,0,0,0]-[4101,0,2048,0,0]
[0,0,67108864,0,0,33554688,0,0,0,0,0,0,0,0,0,0]-[0,2048,1536,0,16]
[0,0,0,0,0,0,8192,0,0,0,0,0,134217728,0,0,0]-[0,1048576,8192,263168,0]
[0,0,0,0,0,0,2,32,0,0,0,0,1,0,33554432,0]-[1048576,32,16777216,16384,0]
[128,0,0,0,0,0,0,0,0,0,0,0,1048576,0,0,65536]-[262144,0,33554432,1048584,0]
[0,131072,67108864,0,0,0,0,0,1048576,0,0,0,0,0,0,0]-[0,32,1077944320,2097440,131200]
[32,0,0,0,0,64,0,0,0,0,0,0,0,0,0,0]-[192,0,4096,1,0]
[0,0,0,0,0,0,64,0,0,0,4096,32,1048576,0,0,0]-[2097152,0,4096,4,4096]
[0,0,67108864,0,0,256,0,0,1048576,524288,0,0,0,0,0,0]-[2052,16400,0,0,0]
[0,0,0,0,0,8388608,0,0,131072,0,4096,0,1048576,0,0,0]-[1,33554432,134217728,0,8]
[0,0,0,0,1048576,0,0,0,0,0,0,0,0,128,0,0]-[270794754,805306368,802944,65618,524452]
[128,0,67108864,0,0,256,0,0,17825920,0,0,0,1048576,0,0,0]-[0,0,0,32897,524288]
[0,0,64,0,0,0,0,0,0,0,4096,0,1048576,0,0,0]-[64,0,0,516,4096]
[0,0,0,0,0,0,0,2097152,0,0,4096,0,0,0,0,0]-[2097152,8,268435456,131328,0]
[0,8388608,0,0,0,0,0,0,0,262144,1073741824,0,0,0,0,0]-[0,262144,134217728,0,8224]
[0,0,0,0,0,0,0,0,1048576,0,4096,0,1048832,0,0,0]-[2048,0,1073741824,34816,0]
[0,0,67108864,0,0,64,0,0,0,0,0,0,1048576,128,0,0]-[1,67108864,2097152,4,3211264]
[0,0,67108864,0,0,256,0,0,0,0,0,0,0,4,0,0]-[2147549184,0,65536,4,0]
[0,0,0,0,0,1088,0,0,0,33554432,0,0,0,0,0,0]-[0,33554434,0,2,1]
[8388608,0,0,0,0,0,0,0,0,0,0,0,0,132,0,0]-[0,1073741824,131072,2097152,2097152]
[0,0,0,0,0,256,0,0,1048576,0,4096,16777216,0,0,0,0]-[0,276824064,0,2147483648,131072]
[0,0,67108864,0,0,0,0,0,0,0,64,0,262144,0,0,0]-[8388640,0,0,2,4]
[0,0,0,0,0,8396800,0,0,0,0,0,0,0,0,268435456,0]-[33554688,0,671088640,0,0]
[0,0,16384,0,0,8192,0,0,0,2147483648,0,0,0,0,0,0]-[536870914,0,0,1090519040,0]
[0,0,0,0,0,0,8192,0,0,0,268435456,0,0,0,0,0]-[0,4194368,0,4,8192]
[0,0,67109888,0,0,0,0,16,1179648,0,0,0,0,0,0,0]-[32768,0,32768,16,1]
[0,0,0,131072,0,0,0,268435456,0,0,0,0,0,0,0,0]-[8388608,0,603979776,0,16]
[0,0,0,128,0,0,0,0,1048576,0,0,0,1048576,0,0,0]-[0,128,8,32,1]
[0,0,0,0,0,0,0,4096,0,0,0,0,8,128,0,0]-[1,1,0,537133056,0]
[0,0,67108864,0,0,0,0,0,0,0,4096,0,0,0,0,1024]-[0,2181300240,0,0,0]
[0,0,0,0,0,256,0,0,0,1024,0,0,0,536870912,0,0]-[8192,0,16777216,266240,0]
[128,0,0,0,0,256,32768,0,0,0,0,0,0,0,0,0]-[0,2048,16384,16908288,0]
[0,0,0,0,0,0,0,0,0,0,0,65536,0,0,67108864,0]-[524288,134217728,65568,0,0]
[0,0,67108864,0,0,0,0,0,0,4194304,0,0,0,32,0,0]-[32,512,2048,2097152,0]
[128,0,0,0,0,0,0,0,1048576,0,0,0,65536,0,0,0]-[16384,256,0,32768,4]
[0,0,0,0,0,0,0,0,16777216,0,4096,0,0,0,4,0]-[524288,0,66112,0,0]
[0,0,67108864,256,0,0,64,0,1048576,0,536870912,0,0,0,0,0]-[0,4,0,5242944,0]
[0,0,0,0,16777216,65536,0,256,0,0,0,0,0,0,0,0]-[1140850688,0,0,134221824,0]
[0,0,67108864,0,0,0,0,0,0,0,0,0,0,1,0,256]-[32768,8192,589824,0,0]
[0,0,0,0,0,0,0,0,0,0,0,0,4096,0,4,0]-[512,0,131074,4194304,0]
[0,0,0,0,0,0,0,272,134217728,0,0,0,0,0,0,0]-[805306368,64,0,16777216,0]
[0,0,75497472,0,0,0,0,0,0,0,0,0,8,0,0,0]-[4194304,512,2576,0,0]
[128,0,0,0,0,0,0,0,0,0,0,0,1048576,0,33554432,0]-[0,2048,0,20987904,0]
[8388608,0,67108864,0,0,0,0,0,0,524288,0,0,0,0,0,0]-[4104,536870912,0,0,64]
[128,0,0,0,0,8192,0,0,0,0,0,0,262144,0,0,0]-[0,2048,536903680,0,256]
[0,33554432,0,0,0,0,0,0,0,0,0,0,1048576,0,0,0]-[697565188,1073741828,4105,2148532240,2623137]
[128,0,134217728,0,0,0,0,0,0,0,0,4194304,0,0,0,0]-[4194304,0,536870912,32,4096]
[0,0,0,0,0,0,8192,0,0,0,2097152,0,0,0,0,0]-[33554432,536879232,16777216,0,32]
[0,0,0,65536,0,0,0,16,2147483648,0,0,0,1048576,0,0,0]-[0,0,0,33570832,8192]
[0,0,0,0,0,0,0,0,67108864,0,0,0,0,536870912,0,0]-[1050624,268435456,1024,0,0]
[0,0,0,0,16384,0,0,0,33554432,2,0,0,0,0,0,0]-[1073741832,0,4096,4,0]
[128,0,0,0,0,0,0,0,0,1048576,0,524288,0,0,0,0]-[0,139266,2147483648,0,0]
[0,0,0,0,0,0,0,0,1048576,0,0,0,0,128,0,1024]-[2048,268435456,32768,0,8192]
[0,0,0,4,67108864,0,0,0,0,0,0,0,0,0,0,0]-[0,8388612,4,536870912,0]
[0,0,0,65536,0,0,8388608,0,0,0,0,0,0,0,0,0]-[536870916,0,8192,0,8]
[0,0,0,0,0,0,0,0,1048576,0,0,0,1048584,0,0,0]-[33556864,20,1124073545,1610614801,525696]
[0,0,0,0,0,0,0,0,0,256,0,0,0,1,0,0]-[4,16777216,0,16384,4]
[0,0,0,0,0,4194304,0,0,0,0,4096,0,0,0,0,0]-[0,5,0,268435712,2097152]
[0,0,67108864,0,0,0,8192,1073741824,0,0,0,0,0,128,0,0]-[64,64,32768,134217728,0]
[0,0,0,0,0,0,0,0,0,0,0,0,0,1572864,0,0]-[0,0,1073741824,2147483648,32776]
[0,0,0,8,0,0,0,4194304,0,0,0,0,0,0,0,0]-[1073741824,0,0,1048576,65544]
[0,0,0,0,64,0,0,0,134217728,0,0,0,0,0,0,0]-[0,134217728,8,16777472,0]
[128,0,0,0,0,0,0,0,134217728,0,0,0,16,0,0,0]-[0,65536,0,1090519072,0]
[0,0,0,0,8192,256,0,16,0,0,0,0,1048576,0,0,0]-[0,276828672,0,0,0]
[0,0,67108866,0,0,256,0,0,0,0,0,0,0,0,0,0]-[0,256,268435456,4,64]
[0,67108864,67108864,0,0,0,0,0,0,4,0,0,0,0,0,0]-[134217728,268435456,0,2147483648,1048576]
[0,0,0,0,0,0,4,0,0,0,0,0,0,128,0,0]-[34434,335544352,3221225474,1610875012,0]
[0,0,0,0,0,0,0,0,0,0,0,0,1048592,0,0,0]-[1048576,268468224,1142947840,2048,524288]
[0,0,0,0,0,0,0,0,1048576,0,0,0,0,0,512,0]-[144,768,65,1073741825,1]
[0,128,67108864,0,0,0,0,0,0,0,0,33554432,0,128,0,0]-[6,0,0,262144,131072]
[0,0,2048,0,0,0,0,0,0,0,0,0,262144,0,0,0]-[16,1073750016,2,1024,2]
[0,0,0,0,0,8192,0,0,0,256,0,0,0,0,0,0]-[16384,262145,513,96,512]
[16,0,0,33554432,0,0,0,0,0,0,0,0,0,0,0,0]-[16416,32770,0,0,2048]
[0,0,0,0,0,8192,0,0,0,16,0,0,0,0,0,0]-[0,1,0,135232,0]
[0,0,0,0,33554432,1073741824,1073741824,0,0,0,0,0,0,0,0,0]-[0,0,131072,100663296,32768]
[0,524288,0,0,0,0,0,0,16384,0,0,0,262144,0,0,0]-[524288,16777216,2,256,0]
[0,0,0,0,1048576,0,0,0,0,0,0,0,1048576,536870912,4,0]-[262146,0,65536,16,0]
[0,0,67108864,0,0,0,0,8,2,0,0,0,0,0,0,0]-[0,2048,3072,0,16]
[0,0,524288,0,262144,0,0,0,0,0,0,0,0,0,0,0]-[0,4096,0,269484032,16384]
[0,0,0,0,0,0,0,0,536870912,0,536875008,0,0,0,0,0]-[1073742080,0,0,16896,0]
[0,0,0,0,67108864,0,0,0,0,0,0,0,1,0,33554432,0]-[1179648,32,1024,0,0]
[0,128,0,0,0,0,0,0,0,0,0,1048576,8,0,0,0]-[33554952,0,1024,0,0]
[0,0,67108864,4,0,0,0,16,0,0,0,0,8,0,0,0]-[67110913,1,0,0,0]
[0,0,67108864,0,0,0,0,0,0,0,0,0,16777216,64,0,0]-[0,536870916,2147491840,0,0]
[0,0,67108864,0,67108864,0,0,0,1048576,0,0,0,0,0,0,4096]-[2181038084,0,0,2147483648,0]
[0,0,0,0,0,0,0,0,0,0,0,33554432,524288,0,0,0]-[8388608,1179648,0,0,4]
[0,2097152,0,0,0,0,0,0,2048,0,0,0,0,0,0,0]-[16,4194304,2097152,0,1]
[0,0,0,0,0,0,0,0,1048576,2147483648,4096,0,0,0,0,0]-[524288,0,4096,16384,65536]
[0,262144,0,0,0,0,0,0,0,0,0,134217728,0,0,0,0]-[8,1024,536871424,0,0]
[0,8388608,0,0,0,0,0,0,0,0,0,0,8,128,0,0]-[0,8388608,2,262144,524288]
[0,0,0,0,0,0,0,0,0,0,0,16777216,1048576,0,0,0]-[1088815106,2156085314,8389168,2182217860,2490400]
[0,0,0,0,0,32768,0,0,134217728,0,0,0,0,0,0,0]-[0,0,0,75498496,131072]
[0,0,0,0,0,0,0,0,0,0,0,0,33816576,0,0,524288]-[0,128,268435456,2,8]
[0,0,0,0,2147483648,0,4,0,0,0,0,0,0,0,0,0]-[0,128,2,262144,32768]
[0,0,0,0,0,0,0,0,0,0,0,0,262208,0,0,0]-[524304,1073743872,0,0,0]
[0,0,0,0,0,0,0,0,0,0,1073741824,0,0,32,0,0]-[0,541067264,128,0,0]
[0,0,16777216,0,0,0,0,65536,1,8192,0,0,0,128,0,0]-[8,256,131072,536870912,0]
[0,0,67108864,0,0,0,0,8,0,0,0,0,0,2,0,0]-[0,4160,1048576,128,0]
[0,0,67108864,0,8,256,0,0,0,0,0,0,0,0,0,0]-[2097152,0,1536,16777216,2064]
[0,0,67108864,0,524288,0,0,0,0,0,0,0,0,0,0,0]-[248053766,2519034168,1416628752,38536713,3148801]
[128,0,0,0,0,0,0,0,1048576,16777216,0,0,0,0,0,0]-[33816576,0,536879104,272637955,4]
[128,0,0,0,0,0,0,8,16777216,0,0,0,0,128,0,0]-[33554432,268500992,0,0,32]
[0,0,67108864,0,0,1048576,0,0,0,0,4096,0,0,128,0,0]-[0,536870912,0,4108,0]
[0,0,67108864,0,0,0,8320,0,0,0,0,0,0,0,0,0]-[0,32768,8192,2129920,0]
[0,0,0,0,0,0,0,8,0,0,0,0,0,1,0,0]-[8193,16384,1048576,0,0]
[0,0,67108864,0,0,64,32768,0,0,0,0,0,0,0,0,0]-[8388608,0,16400,2,0]
[0,0,0,0,0,0,0,0,0,0,4096,0,2048,128,0,0]-[0,256,1,67108864,32]
[0,0,0,0,67108864,0,0,16,0,0,0,0,0,128,0,0]-[0,0,2149613570,16,0]
[67108864,0,0,0,0,0,0,0,1048576,0,0,0,0,0,0,8192]-[0,536870912,0,526592,0]
[0,0,0,0,0,0,0,0,0,0,0,0,1048576,0,0,128]-[1,1131522,1245708354,2359337,2056]
[0,0,0,0,0,0,0,0,1048584,0,0,0,0,128,0,0]-[49152,262144,786432,4098,8192]
[262144,0,0,0,0,0,0,0,0,0,4096,0,1048576,0,0,0]-[16777216,0,0,16392,2]
[128,0,0,0,1,0,0,0,0,0,0,0,0,0,0,0]-[16777232,0,65536,256,0]
[0,0,0,0,67108864,0,0,0,0,0,0,0,0,134217856,0,0]-[16896,335544320,1,0,4]
[0,0,0,0,0,0,0,256,0,0,0,0,0,0,1,0]-[256,128,2097152,0,1048576]
[0,0,0,0,0,0,0,0,2097152,0,0,0,0,131072,0,0]-[2147483656,0,0,536870912,262144]
[0,67108864,0,0,0,0,0,16,1048576,0,0,33554432,0,0,0,0]-[16,16,0,33,0]
[0,0,0,0,0,0,8192,256,0,0,0,0,0,0,0,0]-[100663296,131328,671088640,67112960,2048]
[0,0,0,0,0,8192,0,8,0,0,0,0,0,0,0,0]-[1363148814,45120,134487112,2359297,69704]
[0,0,0,0,0,0,0,0,0,136,0,0,0,0,0,0]-[9453568,0,32768,0,0]
[32768,0,0,0,0,0,0,0,1048576,0,0,0,1048576,0,0,0]-[16777344,1048576,1090519040,1073750019,68]
[128,0,0,0,0,0,0,0,0,0,32,0,0,0,0,0]-[67110912,0,131072,1090535424,524292]
[0,0,0,0,0,0,0,0,0,0,0,0,65536,0,33554432,0]-[32,536870912,0,16793600,0]
[0,0,67108864,0,16,256,0,8,0,0,0,0,0,0,0,0]-[0,0,1073745920,134217728,64]
[0,0,0,0,128,0,0,0,64,0,0,0,0,0,0,0]-[0,1,536870912,134217728,512]
[0,0,67108864,0,0,0,8192,0,0,0,4096,0,0,0,1,0]-[2048,2147483656,33554432,263168,2097152]
[0,0,0,0,0,0,0,16,0,0,0,0,262144,0,0,0]-[2430160976,630816311,3778190786,643845611,1470504]
[0,0,0,0,0,0,0,0,0,256,0,0,0,536870912,16,0]-[1024,32768,0,2048,512]
[0,0,0,0,0,0,0,8,0,0,0,32,0,128,0,64]-[268435457,0,32768,0,2097152]
[256,0,67108864,0,0,64,0,0,0,0,0,0,0,0,0,0]-[40,0,2097152,1048576,0]
[0,0,0,0,67108864,0,0,0,0,0,0,8,262144,0,0,0]-[16384,16384,1048704,0,0]
[0,0,0,16777216,0,0,0,0,1048576,0,0,0,0,0,0,0]-[2198200448,1379943576,554410120,3426819760,273]
[0,0,0,524288,0,0,0,0,0,0,0,0,0,4194304,0,0]-[1024,134217728,128,0,2]
[0,0,0,0,0,0,0,0,0,0,0,0,1048576,0,0,524288]-[512,2097280,16777472,2176,0]
[0,0,0,0,128,0,0,0,0,0,0,0,1048576,0,0,2]-[0,2228224,0,268435456,512]
[0,0,0,0,0,0,0,16,0,0,0,524288,0,128,0,0]-[16,67108864,2155872256,0,0]
[1,0,67108864,0,0,0,0,0,0,0,0,0,0,0,4,0]-[0,8,66048,0,524288]
[0,0,1024,0,0,0,0,0,1048576,64,0,0,0,0,0,0]-[0,8388608,0,33554560,64]
[0,0,0,0,0,0,67108864,0,134217728,0,4096,0,0,0,0,0]-[0,134285312,0,0,524288]
[128,128,0,0,0,0,0,16,0,0,0,0,0,0,0,0]-[512,0,9216,0,131072]
[0,0,0,0,0,0,0,0,0,0,0,0,1048576,16777216,0,0]-[268451840,32,0,16777232,2097152]
[0,0,0,0,0,0,0,0,0,2048,0,0,0,128,0,0]-[1050112,8521792,655490,536873088,65536]
[0,0,524288,0,0,0,134217728,0,1048576,0,0,0,0,0,0,0]-[144,0,33554432,2147483648,0]
[0,0,0,0,4,256,0,0,0,0,0,0,0,0,0,0]-[67510784,512,18944000,268701952,5120]
[0,0,0,0,67108864,4,0,0,0,0,4096,0,0,0,0,0]-[262144,16,4096,0,2097152]
[0,0,0,0,131072,256,0,0,0,0,0,0,0,0,0,0]-[1073741824,5128,4,2178,0]
[0,0,0,268435456,131072,0,0,0,0,0,0,0,262144,0,0,0]-[0,0,33554434,37748736,0]
[0,128,0,0,0,0,0,0,0,0,0,0,0,0,0,32]-[0,2113536,16777216,131072,0]
[4,0,0,0,0,8192,0,0,1048576,0,0,0,0,128,0,0]-[35651584,0,0,1073741824,128]
[0,0,0,0,0,0,0,0,17825792,0,0,0,0,0,33554432,0]-[32,67633152,0,0,2048]
[0,0,16777216,0,0,0,0,0,0,0,4096,0,0,0,0,262144]-[8454144,0,0,268435456,32768]
[0,0,76021760,0,0,0,0,0,0,0,0,0,0,0,0,0]-[0,4096,524288,1572864,0]
[0,0,0,0,0,64,0,0,2147483648,0,0,0,512,0,0,0]-[8192,0,1024,8192,128]
[0,0,0,0,0,8192,0,134217728,0,0,0,0,0,0,0,0]-[671088644,0,294912,1074003968,0]
[0,0,0,2048,0,0,262144,0,1048576,0,0,0,0,0,0,0]-[128,8405120,0,0,0]
[0,0,67108864,0,131072,0,0,0,0,0,0,0,0,128,0,0]-[0,10260,16384,20,384]
[0,0,0,0,67108864,0,64,0,1048576,0,0,65536,0,0,0,0]-[16384,4,128,536870912,0]
[0,0,0,0,0,64,0,0,0,2147483648,0,0,0,0,0,0]-[130,2048,2048,536870976,192]
[0,0,0,0,0,0,0,0,0,0,0,0,0,2176,0,0]-[1196609,16908352,3221782529,1948588040,32772]
[0,0,0,0,32,0,0,0,4,0,0,0,0,128,0,0]-[0,1140850688,1073741824,2097152,0]
[0,128,0,0,0,0,64,0,0,0,0,0,0,128,0,0]-[2,0,8192,1073742336,0]
[0,0,0,0,0,0,268435456,0,0,0,0,0,0,0,33554432,0]-[0,33554432,2097152,132096,0]
[0,0,0,0,0,0,0,0,0,4194304,0,536870912,0,0,0,0]-[1310720,68,0,50331648,16]
[0,0,67108864,0,0,0,0,0,16777216,0,0,64,0,0,33554432,0]-[0,0,0,36872,64]
[0,0,0,0,0,0,0,16,17825792,0,4096,0,0,128,0,0]-[0,65536,0,2097184,8192]
[0,0,0,0,0,16384,0,0,134217728,0,0,0,0,0,0,0]-[71303328,0,50339840,262144,0]
[1048576,0,0,0,8388608,0,0,0,0,0,0,0,0,0,0,0]-[0,4096,0,536872964,0]
[0,0,67108864,256,0,0,0,0,0,0,0,0,0,0,524288,0]-[0,0,552960,0,0]
[128,0,0,0,0,8388608,0,0,0,0,0,0,1048576,0,0,0]-[33554944,0,536870912,32768,0]
[0,128,67109120,0,0,0,0,0,1048576,0,4096,0,0,0,0,0]-[16842752,32,0,256,0]
[0,0,0,0,0,16384,0,0,0,0,16,0,0,0,0,0]-[0,512,132352,0,0]
[0,0,0,0,134217728,64,0,0,0,0,0,0,0,128,0,0]-[1,0,0,544,262144]
[0,0,4194304,0,0,0,0,0,0,0,0,0,0,128,0,0]-[268697604,17825792,9044004,66,8320]
[128,0,0,0,0,0,0,0,0,0,0,0,1056768,0,0,0]-[1073741824,0,8388608,32768,131072]
[128,524288,0,0,0,0,0,0,1048576,0,0,0,0,0,0,0]-[262144,0,0,2148564992,0]
[0,0,67108864,0,0,0,0,0,0,0,0,0,268435456,128,0,0]-[2097163,285279265,8196,6,4]
[0,32,67108864,0,0,0,0,0,0,0,4096,0,0,0,0,0]-[4096,32864,1073741824,262660,0]
[0,0,0,262144,0,0,8192,0,0,0,0,0,0,0,16384,0]-[1073741826,0,8396800,0,0]
[0,0,0,0,0,0,0,0,0,0,0,16,0,0,262144,0]-[1024,0,512,4096,128]
[0,0,0,0,0,256,0,0,0,0,0,0,268435456,0,0,0]-[268763664,128,134217728,203423744,1]
[0,0,0,0,0,0,0,0,0,67108864,0,0,0,0,33554432,0]-[524288,0,0,0,2359360]
[0,0,0,0,0,0,0,0,0,0,2048,0,4096,0,0,0]-[528,0,276824064,25167872,2097152]
[0,0,0,0,0,0,0,0,0,0,0,0,1048832,0,8,0]-[0,16384,262144,16,16384]
[0,0,0,0,0,8192,0,0,135266304,0,0,0,0,0,0,0]-[0,537919488,16,32,1]
[0,0,0,0,0,0,64,0,0,0,0,0,16777216,0,0,0]-[0,67633280,0,524288,0]
[0,0,0,0,0,0,0,0,1048576,0,0,4,0,128,0,0]-[262273,0,0,2,0]
[0,0,0,0,0,2147483648,0,0,0,0,0,0,8,0,0,0]-[0,4,2162688,536870912,0]
[0,0,0,0,0,0,0,0,1048576,8,0,0,0,0,0,0]-[0,262144,4718593,0,0]
[0,0,0,0,0,0,64,2147483648,0,0,4096,0,0,0,0,0]-[0,131136,128,256,0]
[0,0,0,0,0,256,0,0,0,0,536870912,0,0,0,0,0]-[1073741825,0,8,16448,0]
[0,0,0,0,0,0,64,0,1048576,67108864,4096,0,1048576,0,0,0]-[278528,0,16,256,0]
[0,0,67108864,0,0,0,0,16,0,8388608,0,0,0,0,0,0]-[0,1048576,536870912,16384,4096]
[0,0,0,0,67108864,0,8192,0,0,0,0,32,0,0,0,0]-[2148663296,0,67108864,0,32]
[0,0,1073741824,0,0,0,0,0,0,0,0,0,0,0,33554432,0]-[144,0,4096,131072,0]
[0,0,67108864,0,0,0,0,0,0,0,536870912,0,0,128,0,0]-[0,536872960,8192,0,1024]
[2147483648,0,67108864,0,0,0,0,0,0,0,0,0,1048576,0,0,0]-[16777216,67174408,8192,65536,49152]
[0,0,0,0,0,0,0,0,0,16777216,0,0,0,0,33554432,0]-[4,524288,4,8388608,0]
[0,0,67108864,0,0,0,0,16777216,1048576,262144,0,0,0,0,0,0]-[0,16384,8,4352,16]
[128,0,0,0,0,0,0,0,2,0,0,0,0,0,0,0]-[32,4096,2,67108864,0]
[0,0,0,0,16777216,0,0,64,0,0,0,0,8,128,0,0]-[268435456,0,2148007936,16,0]
[0,393216,0,0,0,0,0,0,0,0,0,0,0,0,0,0]-[1048576,0,258,0,512]
[0,0,0,0,0,0,0,0,0,4194304,0,0,0,128,0,0]-[268468756,813826048,545824768,614465536,270336]
[0,0,0,0,0,0,0,0,1179648,0,0,0,0,128,0,0]-[0,288,262144,536875072,0]
[8388608,0,67108864,0,0,0,0,0,1048576,0,0,0,0,0,0,0]-[18907136,536870912,33554432,4098,524288]
[0,0,0,0,0,0,0,0,0,1,0,0,262144,0,0,0]-[2097152,12288,2,256,0]
[0,0,67108864,0,0,0,0,16,8388608,0,8192,0,0,0,0,0]-[64,0,0,273,0]
[0,0,0,0,0,0,65536,0,0,0,4096,0,0,128,0,0]-[0,8390656,0,1610612736,0]
[0,0,67108864,0,0,0,0,0,0,0,4096,0,1048576,8,0,0]-[16777216,0,65536,4194304,128]
[0,0,0,0,0,0,32768,0,0,0,0,0,4194304,0,0,0]-[8,524288,64,2,0]
[0,0,0,0,0,0,0,0,1048576,2097152,0,0,2,0,0,0]-[2097152,0,17301504,256,0]
[0,128,0,0,0,0,0,0,0,0,4096,0,1048576,0,0,0]-[285212672,131105,1342177300,1074268160,131200]
[0,0,67108864,0,0,0,0,0,8192,0,0,0,0,0,0,0]-[148967530,105013841,1107825212,2201298934,2801879]
[0,2097280,0,0,0,0,0,0,0,0,0,0,0,0,0,0]-[0,160,256,0,128]
[0,32,0,0,0,0,0,0,1048576,0,0,0,0,128,0,0]-[133121,8388608,32768,1612709920,68]
[0,0,0,0,0,0,0,2147483648,0,0,0,0,67108864,0,0,0]-[256,33554432,6144,0,0]
[0,0,0,8388609,0,0,0,0,1048576,0,0,32,1048576,0,0,0]-[131073,33554432,0,0,128]
[0,0,67108864,0,0,0,8192,0,0,0,67108864,0,256,0,0,0]-[0,0,0,65632,1]
[1048704,0,67108864,0,0,0,0,0,1048576,0,0,0,0,0,0,0]-[0,0,8192,33554496,4]
[0,0,0,0,0,0,0,0,1048576,0,256,0,0,128,0,0]-[0,327680,128,192,140288]
[0,0,0,0,1048576,0,0,8,0,0,0,0,0,0,0,0]-[268435457,0,64,0,526340]
[0,0,0,0,0,0,8192,0,0,0,0,0,0,128,0,131072]-[268435456,536873216,0,36,131104]
[0,0,67108864,0,0,8192,0,16,1048576,0,0,0,0,0,0,0]-[0,541327360,8192,0,0]
[0,0,0,0,0,0,0,0,1048576,0,0,0,0,128,32768,0]-[4,256,8650752,0,0]
[0,0,0,0,67108864,2147483648,0,0,1048576,0,0,0,0,0,16,0]-[0,16,160,128,0]
[0,0,67108864,0,0,0,0,16,0,512,4096,0,0,0,0,0]-[8454144,0,16,4194304,0]
[0,0,0,0,0,0,8192,0,0,0,0,8388608,0,0,0,0]-[537001985,256,16781892,65552,0]
[0,0,67108864,268435456,0,0,0,0,0,0,4096,0,0,0,0,0]-[64,0,0,98304,128]
[0,0,67108872,0,0,0,0,0,0,0,0,0,1048576,0,0,0]-[2281701377,8256,1074790656,150995200,2097152]
[0,64,0,0,0,0,0,64,0,0,0,0,0,0,0,0]-[1073741830,2,0,2147483648,0]
[0,0,67108864,0,0,0,64,0,1048576,0,0,32,0,0,0,0]-[2147516417,0,33554464,2621440,128]
[0,0,67108864,0,0,0,0,0,0,0,1048576,0,0,0,0,0]-[60817474,2787230244,516,17863552,3145748]
[0,0,0,0,0,0,0,0,1048576,0,0,0,0,524416,0,0]-[133120,0,8388608,4096,0]
[0,0,0,0,0,0,0,16,4194304,0,0,0,1048576,0,0,0]-[0,0,17825792,268435457,0]
[0,0,0,0,0,2,0,0,0,0,4096,0,0,0,0,0]-[16842752,0,8388608,0,65536]
[0,0,0,0,0,0,0,2147483648,0,0,0,32,1048576,0,0,0]-[1,512,0,16384,32768]
[0,0,0,0,0,0,0,0,1048576,0,131072,0,0,0,0,0]-[17170560,1879130112,33587201,33056,524293]
[0,0,67108864,0,0,8192,0,8,0,0,0,256,0,0,0,0]-[4194304,0,4096,294912,0]
[0,0,0,0,0,8192,0,0,16777216,0,0,0,0,128,0,0]-[2684354560,12288,0,0,0]
[0,0,0,0,0,0,1073741824,0,0,0,4096,0,0,0,0,0]-[276824128,16,1,128,0]
[0,0,0,0,0,64,0,0,0,0,0,0,1048580,0,0,0]-[2147483648,144,0,8388608,0]
[0,0,67108864,0,0,0,0,0,0,0,0,0,1048576,8192,0,0]-[4096,4,2097152,4,0]
[0,0,67108864,0,0,0,0,0,33554432,0,0,0,0,0,0,0]-[524331,0,1052928,33816580,66]
[128,0,0,0,0,0,0,0,16777216,0,0,32,0,0,0,0]-[0,0,16384,128,4160]
[0,0,0,0,0,0,0,0,0,0,1024,0,65536,0,0,0]-[268435456,8192,0,0,2097156]
[0,0,0,0,0,0,0,0,0,0,67108864,0,8,0,0,0]-[0,8388608,1073741960,1,1064]
[0,0,67108864,0,0,0,8192,8192,0,0,0,0,0,128,0,0]-[1,256,0,65568,0]
[0,0,0,0,0,0,0,0,0,128,0,0,0,2048,0,0]-[65536,532480,0,33554432,0]
[0,0,67108864,0,0,0,1024,0,0,0,0,0,0,536870912,0,0]-[2,16777232,0,0,64]
[0,0,0,0,0,0,0,2147483648,0,0,0,1073741824,0,0,0,0]-[0,131584,16777216,67108864,0]
[67108864,0,0,0,0,0,0,0,0,0,0,0,2147491840,1048576,0,0]-[0,8,67108864,0,262146]
[0,0,0,0,0,0,0,0,16777216,1048576,0,0,0,0,0,0]-[1,2147483648,0,0,4352]
[0,0,0,0,8,0,0,0,0,0,0,32,1048576,0,0,0]-[536870914,0,0,2113536,0]
[0,0,0,0,0,0,1048576,16,0,0,0,0,0,0,0,0]-[1581056,4196,80,402669760,16]
[0,0,0,0,0,0,8192,0,1048576,0,0,16777216,0,0,0,0]-[0,128,262144,2080,0]
[0,0,67108864,1,0,0,0,0,0,0,0,0,0,0,0,0]-[2160658507,354552576,1345403916,55870709,82054]
[0,0,524288,0,0,0,0,0,0,0,0,0,1048576,32,0,0]-[0,269518848,0,0,0]
[0,8388608,0,0,0,0,0,0,0,0,4096,32,0,0,0,0]-[65536,262144,134217728,2048,0]
[0,0,0,0,0,0,536870912,0,0,0,0,0,1048576,128,0,0]-[268435584,0,0,67174416,0]
[0,0,67108864,524288,0,4,0,0,0,0,0,0,0,128,0,0]-[0,65536,524288,2097160,0]
[0,0,67108864,0,0,0,0,2048,0,0,4096,0,0,0,0,0]-[2097152,270340,16896,4460932,2162688]
[0,4,0,0,0,0,0,0,0,0,0,0,0,16384,0,0]-[134217728,16,67108864,131072,0]
[0,0,67108864,0,0,0,0,0,0,1073741824,4096,0,0,0,8,0]-[0,262144,0,65796,0]
[0,0,0,0,0,0,0,16,1048576,512,0,0,0,128,0,0]-[16,0,0,268435472,1048576]
[0,0,67108864,0,0,8192,0,0,0,0,0,0,1048576,128,0,0]-[2097218,268435520,2097184,2162772,1179648]
[0,8,0,0,0,0,0,0,134217728,0,0,0,0,128,0,0]-[16384,8388928,0,0,0]
[0,0,0,0,0,0,0,0,1048576,0,1052672,0,0,0,0,0]-[262144,32,0,33024,0]
[0,0,0,0,0,256,0,0,1,0,0,0,0,0,0,0]-[8192,8192,8388672,0,0]
[0,0,0,268435456,0,0,0,0,1048576,0,0,0,0,128,0,0]-[4,262144,524289,0,131072]
[0,0,0,0,0,0,0,1073741824,1048576,512,4096,0,0,0,0,0]-[65536,256,144,0,0]
[0,0,67108864,0,0,0,0,0,0,1048576,0,0,1048576,0,0,0]-[134217728,2147623936,1073741824,2,2048]
[0,0,0,0,0,0,0,0,32,0,64,0,0,0,0,0]-[0,32776,16785408,0,0]
[8192,0,0,0,0,0,0,0,1048576,0,0,0,0,0,0,0]-[0,0,33816576,384,0]
[0,0,0,0,0,0,0,0,0,0,4096,536870912,0,128,0,0]-[512,67371008,1,0,0]
[0,0,0,0,0,0,0,0,1048576,0,0,0,0,128,131072,0]-[32788,536870912,524288,1073741824,0]
[0,0,0,65536,0,0,0,32,0,0,0,0,0,0,0,0]-[0,142607360,33554432,0,0]
[0,0,0,0,0,256,0,0,0,1024,0,0,0,0,8192,0]-[131328,8388608,2097153,0,0]
[0,0,0,0,0,4096,0,0,0,0,0,0,0,536870912,0,0]-[0,0,131200,33554432,524288]
[0,0,67108864,0,0,0,0,0,0,0,0,0,0,0,2097152,0]-[144709672,272715784,67126796,2164523715,7]
[0,0,67108864,0,0,0,2,0,1048576,0,0,0,1048576,0,0,0]-[0,16388,0,2147483648,1048576]
[0,0,67108864,0,0,0,0,0,0,0,0,0,0,160,0,0]-[34817,536905728,0,9220,2230272]
[0,0,0,0,0,0,0,16,1048576,0,0,0,1310720,0,0,0]-[0,1048580,0,100663296,0]
[0,16777216,0,0,0,0,64,524288,0,0,4096,0,0,0,0,0]-[0,0,70144,131072,0]
[0,0,0,0,0,0,4,8,0,0,0,0,0,0,0,0]-[4194816,134217728,0,4,0]
[0,0,67108864,0,0,8192,0,0,0,0,4096,0,0,0,524288,0]-[65536,2147483648,4096,128,0]
[0,0,0,0,0,0,0,2048,1048576,0,0,0,0,128,0,0]-[0,65536,294912,805306368,8196]
[128,0,1024,0,0,0,0,0,1048576,0,0,0,0,128,0,0]-[131072,0,0,268435474,0]
[0,0,0,0,0,0,0,128,0,0,0,0,262144,0,0,0]-[134217732,0,0,4,262144]
[0,0,0,0,0,32,0,16,1048576,0,0,0,0,0,0,0]-[16384,9437188,0,301990144,8320]
[0,0,1,0,0,0,67108864,0,0,0,0,0,0,0,0,0]-[0,262144,0,2147483648,16416]
[128,0,0,0,0,0,0,0,2147483648,0,4096,0,0,0,0,0]-[65536,33,0,0,8]
[0,0,0,0,67108864,0,32,0,0,0,4096,0,0,0,0,0]-[0,4,65537,128,0]
[0,0,0,0,0,0,0,0,1048576,0,0,128,1048576,128,0,0]-[0,0,1610612736,536871010,0]
[0,0,0,0,67141632,0,0,0,0,0,0,0,0,0,0,0]-[71565313,4112,603981824,536871040,2097412]
[0,0,0,0,0,256,0,0,0,0,0,0,0,0,4096,0]-[0,128,1075838976,256,0]
[0,0,0,0,0,0,2147483648,0,0,0,0,0,0,0,4,0]-[512,8192,0,16777216,16384]
[1073741824,0,67108864,0,0,0,0,0,0,0,0,0,8,0,0,0]-[0,0,268451840,2097152,4]
[0,0,67108864,0,2147483648,64,0,16,0,0,0,0,0,0,0,0]-[0,4112,4096,64,0]
[0,0,0,0,0,512,0,0,0,512,0,0,0,0,0,0]-[545259520,272,0,0,0]
[33554432,0,67108864,0,0,0,0,0,0,0,0,2147483648,0,0,0,0]-[0,2048,512,134217728,64]
[0,0,0,0,0,0,8192,0,0,0,0,0,0,536871040,0,0]-[262144,1073743872,0,0,64]
[0,0,75497472,0,0,0,16777216,0,0,0,0,0,0,0,0,0]-[0,0,0,0,34946]
[128,0,0,0,0,0,0,0,0,0,0,0,0,0,268435456,0]-[536870912,64,524288,3288334336,430081]
[0,0,0,0,0,0,0,32,1048576,0,4096,0,0,128,0,0]-[2048,0,8388608,512,128]
[0,128,0,0,0,0,0,0,1048576,0,0,2147483648,0,0,0,0]-[128,262144,4194304,4096,0]
[0,0,0,0,33554432,0,0,0,1048576,0,0,0,0,131072,0,0]-[16,0,16777216,2,128]
[0,0,0,262144,0,64,0,0,0,0,0,0,0,536871040,0,0]-[16386,256,0,0,4]
[2048,0,0,0,0,0,2147483648,0,0,0,0,0,0,0,0,0]-[536871424,4,0,1073741824,0]
[0,0,67108864,0,0,0,0,0,0,0,0,0,0,128,4096,0]-[0,0,0,136314880,2097156]
[0,0,67108864,16777216,0,0,0,0,0,0,0,0,134217728,0,0,0]-[33554432,2097152,524288,1024,0]
[0,0,1,0,0,0,0,0,0,0,65536,0,0,128,0,0]-[70,0,393216,0,0]
[0,0,67108864,0,0,320,0,0,0,0,0,0,0,128,0,0]-[9,67240000,0,0,1572864]
[0,0,0,0,2147483648,512,0,0,1048576,0,0,0,0,0,0,0]-[16809984,0,64,16,0]
[0,0,0,0,0,256,0,0,0,0,0,0,0,33554432,0,0]-[2415920128,0,0,4096,0]
[0,0,0,0,0,256,0,256,0,0,4096,0,0,0,0,0]-[512,1024,16,262144,0]
[0,0,67108864,0,0,0,0,256,0,0,4096,0,0,128,0,0]-[1,1024,0,262144,2097152]
[0,0,67108864,0,0,0,0,0,2048,0,0,0,0,536870912,0,0]-[67110916,301989888,67110408,256,129]
[0,0,0,0,0,0,0,0,68157440,0,0,0,0,536871040,0,0]-[262160,256,0,64,0]
[0,128,0,268435456,0,0,0,0,0,0,0,0,262144,0,0,0]-[0,0,1048578,33555456,0]
[0,0,0,0,0,0,64,0,0,0,0,0,0,128,33554432,0]-[1048576,536870912,1073741824,64,0]
[0,0,67108864,0,0,0,0,16,0,0,0,0,0,128,0,65536]-[64,0,2147483648,144,0]
[0,0,0,0,0,0,0,0,8,0,2097152,0,1048576,0,0,0]-[65536,0,256,0,513]
[0,0,0,0,0,0,0,16,1048576,134217728,0,0,0,0,0,0]-[0,268435456,2112,134217728,0]
[0,0,0,0,0,64,64,0,1048576,0,0,0,0,0,0,0]-[2147500032,128,128,524352,128]
[0,2097152,0,0,0,0,0,0,0,0,0,0,1048576,0,0,0]-[10748096,67108876,270548992,407912448,275497]
[0,0,0,0,0,0,0,0,152043520,0,0,0,0,128,0,0]-[2064,0,1082130432,0,0]
[0,0,0,0,0,32,0,0,0,0,0,0,1048576,128,0,0]-[262146,8390656,0,0,128]
[2048,32,0,0,0,0,0,0,0,0,0,0,0,0,0,0]-[33554432,2097152,131072,0,512]
[0,0,83886080,0,0,0,0,0,0,0,0,0,0,128,0,0]-[134218252,4026795009,1703952,67436544,2131200]
[0,0,0,0,0,0,0,2147483648,0,0,0,0,0,4,0,0]-[128,536870916,0,0,262144]
[0,0,0,0,0,8192,0,0,0,0,0,0,1048832,0,0,0]-[0,16777234,1056768,512,131584]
[0,0,0,16,0,0,0,0,0,0,0,0,0,128,0,0]-[2229890,83886144,1704068,1084231712,2950144]
[0,0,0,0,0,0,16777216,0,0,0,0,0,0,128,0,0]-[131648,1073741888,0,67108912,0]
[0,0,256,0,0,0,0,8192,0,0,0,0,0,0,0,0]-[1073741824,262144,262144,262144,0]
[8388608,0,0,0,0,0,0,0,8,0,0,0,0,0,4096,0]-[8,1073741824,8388608,0,2048]
[0,0,0,0,0,2147483648,0,0,536870912,0,0,0,0,0,0,0]-[276824068,1610612736,134348800,67108864,0]
[0,0,67108864,0,0,0,0,0,0,256,0,0,268435456,0,0,0]-[8,0,8192,50331648,0]
[0,0,67108864,256,0,0,0,0,0,0,0,0,16777216,0,0,0]-[0,0,32768,528388,0]
[128,0,67108864,0,0,0,0,0,0,0,4096,0,1048576,0,0,2]-[0,2147622928,0,0,0]
[0,0,0,0,0,0,0,0,0,0,0,2097160,0,128,0,0]-[0,0,536870912,512,32896]
[0,524288,0,0,33554432,0,0,0,0,0,0,0,1048576,131072,0,0]-[0,1088,64,0,2048]
[0,0,67108864,0,0,0,0,0,1048576,0,0,0,536870912,0,0,0]-[32769,37765120,4194304,2105345,131200]
[0,0,0,0,0,0,0,32768,0,0,4096,0,0,0,0,0]-[512,536879104,33554432,4194304,36992]
[0,0,0,0,0,0,0,0,0,0,0,32,1572864,0,0,0]-[65536,1024,2,0,512]
[0,0,0,0,0,0,0,0,1048576,0,0,0,256,0,2048,0]-[0,0,4227072,1140850688,0]
[16384,0,67108864,0,0,0,0,0,0,0,0,0,0,0,67108864,0]-[0,96,4194304,0,131072]
[262144,0,67108864,0,0,0,0,0,1048576,0,0,0,0,0,0,0]-[2147483648,2147483648,4,4260096,2052]
[128,0,67108864,0,0,0,0,0,0,0,0,0,0,4,0,0]-[1,16384,2147483648,0,1048576]
[0,0,0,0,0,0,0,0,1048576,0,0,32,0,0,0,4]-[16,262144,2048,134217728,0]
[0,0,512,0,0,0,0,0,1048576,0,0,0,0,0,0,0]-[2151694336,2155937952,8256,22185986,4]
[0,0,0,0,8192,0,0,0,1048576,0,0,0,0,0,0,0]-[0,8192,2149580800,0,32]
[0,0,0,0,0,0,0,0,0,0,0,0,8388608,128,0,0]-[305137673,269811776,2156789794,547362832,2203712]
[0,0,67108864,0,16,64,0,0,0,0,0,0,0,0,0,0]-[0,0,0,4352,32769]
[0,0,67108864,0,0,0,256,0,0,0,0,0,1048576,0,0,0]-[2151677952,2097152,0,0,1]
[0,0,67108864,0,0,8192,32768,0,0,0,0,0,0,0,0,0]-[38273028,0,2129920,17,0]
[0,0,67108864,0,0,0,0,0,0,32,0,0,0,0,0,0]-[136314880,4202528,1140918272,18907776,64]
[0,0,0,0,0,0,0,0,0,0,6144,0,0,0,0,0]-[262144,2147483649,0,67108864,0]
[1024,0,0,0,0,0,0,0,0,0,0,0,0,65536,0,0]-[0,8192,12288,536870912,0]
[0,0,0,128,2147483648,0,0,0,0,0,0,0,1048576,0,0,0]-[0,67108864,262144,1048576,2]
[0,0,524288,0,0,0,0,0,1048576,0,134217728,0,0,0,0,0]-[256,0,4202496,1073741824,0]
[0,0,0,0,0,0,0,16,17825792,0,8392704,0,0,0,0,0]-[2147483648,65536,0,32,8192]
[0,0,67109888,0,0,0,0,0,0,0,0,0,0,0,8388608,0]-[0,0,256,1085440,0]
[0,0,67108864,0,1073741824,0,0,0,0,0,0,0,0,0,32768,0]-[67141696,0,2048,0,0]
[0,0,0,0,0,0,0,0,0,0,4096,0,1048576,0,33554432,0]-[8388608,50331652,4096,71450880,2]
[0,128,0,0,0,0,0,0,0,0,0,0,4,0,0,0]-[0,520,4194304,1073741824,0]
[0,8388608,67108864,0,65536,0,0,0,0,0,0,0,0,1073741824,0,0]-[0,65544,34603008,0,0]
[0,0,0,0,0,0,0,0,0,0,0,0,786432,0,0,0]-[2097152,1049600,33554434,0,0]
[0,0,0,0,0,8,0,0,134217728,0,0,0,0,536871040,0,0]-[80,65536,0,1073741824,0]
[0,0,131072,0,0,0,8,0,0,0,0,0,0,0,0,0]-[32776,0,553648128,0,0]
[0,0,0,0,33554432,0,0,0,0,0,4096,0,1048576,128,0,0]-[0,0,0,67108868,32800]
[0,0,0,0,0,256,0,0,0,0,0,0,1052672,128,0,0]-[0,1048576,0,67108868,8192]
[0,0,0,0,0,64,0,0,0,2147483648,0,2147483648,1048576,0,0,0]-[536870914,2048,0,0,64]
[0,0,0,0,0,0,1048576,0,0,0,4194304,0,0,0,0,0]-[262144,32784,1024,0,0]
[0,0,0,0,0,256,0,0,2097152,0,0,0,0,0,0,0]-[8192,269484032,8388608,0,0]
[0,0,0,0,0,0,8192,0,0,0,0,0,0,128,67108864,0]-[0,1,4,67108896,0]
[0,0,0,0,0,0,1024,16,0,0,0,0,0,0,0,0]-[0,32,16777472,128,0]
[0,0,16384,0,0,0,8388608,2,0,0,0,0,0,0,0,0]-[0,8388608,0,263168,262144]
[0,0,67108864,0,0,0,0,0,2097152,0,0,0,0,128,0,0]-[2,0,32,16,64]
[0,0,0,0,0,16384,0,0,0,0,0,32,0,0,0,0]-[1,512,256,0,32]
[0,0,0,0,0,0,0,0,0,0,0,0,262144,64,0,0]-[2097152,4194434,0,8224,131080]
[128,0,67108866,0,0,0,0,0,0,0,0,0,0,0,0,0]-[8454144,16448,0,20971584,1048640]
[0,0,0,0,0,0,0,0,0,0,0,33554432,262144,0,0,0]-[262150,0,0,16384,4096]
[0,0,1024,0,0,64,0,0,1048576,0,0,0,0,0,0,0]-[0,0,32768,2,8193]
[0,0,0,0,0,0,0,0,134217728,512,0,0,1048576,0,0,0]-[16384,8388608,0,16777232,0]
[0,0,0,0,0,67108864,0,0,1048577,0,0,0,0,0,0,0]-[0,0,1073744000,33554432,0]
[0,0,0,0,0,64,0,0,1048576,0,0,0,0,0,16384,0]-[0,512,8396808,0,0]
[0,0,16908288,0,0,0,0,0,0,0,4096,0,0,0,0,0]-[0,0,524290,2147483648,256]
[0,0,0,0,67108864,0,64,0,0,0,4096,0,1048576,536870912,0,0]-[278528,4,65536,0,0]
[0,0,0,0,131072,0,0,0,0,0,0,0,0,0,33554432,16384]-[4,524288,268435456,32,0]
[0,0,67108864,0,0,0,0,0,0,0,0,0,262144,536870912,0,0]-[0,137220,0,0,524288]
[0,0,67108864,0,0,0,0,0,0,0,0,0,0,0,0,16384]-[151521384,285492804,2149077248,2149130632,524486]
[0,128,0,0,0,256,0,0,0,0,0,0,131072,0,0,0]-[16,8192,4128,0,0]
[0,0,0,0,0,256,0,0,0,0,0,0,65536,128,0,0]-[1310720,1024,4,134479876,64]
[0,0,67108864,0,2048,0,0,0,0,0,0,0,1048576,0,0,0]-[2,0,2097152,16777216,1024]
[0,0,67108864,0,0,0,4,0,0,0,0,0,1048576,128,0,0]-[2,65568,2097152,0,0]
[0,0,67108864,0,0,256,0,0,0,33554432,0,0,0,0,0,0]-[64,8192,4,134217728,0]
[0,0,0,0,0,128,0,0,0,0,0,0,0,128,0,32768]-[0,0,0,538968064,262176]
[0,0,16777216,0,0,16777216,0,0,0,0,0,0,0,0,0,0]-[0,33554434,262144,1024,0]
[0,0,0,0,0,8192,0,0,0,2147483648,0,0,0,0,0,0]-[536870912,0,524288,1073807360,0]
[0,0,67108864,0,0,0,0,0,0,0,8,0,0,0,0,262144]-[32768,8,65536,4194304,4]
[0,0,0,0,0,0,0,0,134217728,0,4096,0,0,0,0,0]-[432368201,1822271869,1118372439,1432837004,1826696]
[0,0,67108864,0,0,0,64,0,0,268435456,0,0,0,0,0,0]-[6,0,0,1024,16384]
[0,0,0,0,4096,0,8,0,0,0,0,0,0,0,0,0]-[1048576,32,0,268435456,16384]
[0,0,0,0,0,256,0,0,0,0,4096,8388608,0,0,0,0]-[768,1280,4096,0,0]
[0,128,1073741824,0,0,0,0,0,0,0,0,0,0,0,0,0]-[0,2149580800,0,2228224,0]
[0,0,0,0,0,0,8192,16,1048576,0,0,0,0,0,0,0]-[2147565569,806355456,553912384,369105392,1048593]
[0,0,0,0,0,0,67108864,16,0,0,0,0,1048576,0,0,0]-[0,8,0,2147483648,262176]
[0,0,335544320,0,0,0,0,16,0,0,0,0,0,0,0,0]-[65536,262152,1050144,128,2099200]
[0,4,67108864,0,0,0,0,0,1048576,0,4096,0,0,0,0,0]-[2147483652,65536,0,32,1024]
[0,0,0,0,0,0,0,0,0,0,0,32,0,65536,0,0]-[2684354560,16777216,33554496,1073750016,0]
[0,0,0,0,0,0,0,0,134234120,0,0,0,0,0,0,0]-[81920,0,2097152,0,1]
[0,0,0,0,0,8192,0,0,0,0,0,2048,1048576,0,0,0]-[0,4194304,2,32,1]
[0,0,0,0,0,256,0,16,0,64,0,0,0,0,0,0]-[0,2048,0,16448,16384]
[0,256,0,0,0,0,0,2,0,0,0,0,0,0,0,0]-[2098176,262144,0,0,1]
[0,0,0,0,0,0,64,0,0,0,0,0,0,0,524288,0]-[0,4096,8194,1703936,8194]
[0,0,0,0,0,8256,0,0,0,0,67108864,0,0,0,0,0]-[0,524288,8,0,1028]
[0,0,0,0,0,256,0,0,17825792,0,0,0,0,128,0,0]-[16384,32,0,130,0]
[0,0,0,0,0,8192,0,0,0,0,0,0,0,0,4194304,0]-[0,2147483648,266240,262144,0]
[0,256,0,0,0,0,8192,0,0,0,0,0,0,16,0,0]-[0,0,16777220,4096,1048576]
[0,0,0,0,0,0,0,0,1048576,268435456,0,0,0,0,67108864,0]-[16384,640,0,128,0]
[0,128,0,0,0,0,8,0,134217728,0,0,0,0,0,0,0]-[268435456,1,8388608,16777216,0]
[0,0,67108864,0,0,0,0,0,0,0,0,0,2147483648,0,0,0]-[134217794,2147625017,35726616,2181309537,391]
[0,128,67108864,0,0,0,0,0,1048576,0,0,0,0,0,0,0]-[35686412,4473372,37866500,2183705152,212996]
[0,0,0,0,0,0,0,0,0,0,0,536870912,8,0,0,0]-[528384,128,0,0,64]
[0,0,0,0,0,0,0,64,1048576,0,0,0,262144,0,0,0]-[0,268435456,262152,1,0]
[0,0,0,0,0,0,64,0,134217728,0,0,0,0,128,0,32768]-[0,262145,2,0,1024]
[0,0,0,0,0,0,0,0,16777216,131072,0,0,0,0,0,0]-[0,16777216,263170,0,0]
[0,0,0,0,0,0,0,16,0,0,0,4096,0,0,0,0]-[17827904,264192,134217728,536871048,0]
[128,0,67108864,0,0,0,0,2147483648,0,0,0,0,0,0,0,0]-[0,0,33579008,128,0]
[0,0,0,0,0,0,4194304,0,67108864,0,4096,0,0,0,0,0]-[2147483652,0,0,0,786432]
[0,0,0,0,0,0,0,0,16777216,0,512,0,0,0,0,0]-[268435456,0,526336,0,2097152]
[128,0,0,0,0,0,64,0,0,0,0,0,262144,0,33554432,0]-[1048576,603979776,0,0,2]
[0,0,0,0,0,0,0,0,1024,0,4096,0,0,0,0,0]-[1073750016,268437504,1073742464,603996160,32770]
[0,16777216,0,0,0,256,0,0,0,0,0,0,0,0,0,0]-[132096,269492224,276959248,2147483652,0]
[128,0,67108864,0,8,0,0,0,0,0,0,0,0,0,0,0]-[4194368,256,33555456,16777280,16]
[0,0,67108864,0,0,1024,0,0,524288,0,0,0,1048576,0,0,0]-[4194304,2147483648,0,64,4]
[0,0,0,0,0,0,0,131072,0,0,0,0,1048576,0,0,0]-[0,2,4194304,131072,4096]
[0,0,0,0,0,0,0,24,0,0,0,0,0,128,0,0]-[262160,1050624,3221784640,4296,6144]
[0,0,0,0,0,33554432,0,0,0,0,0,32,0,0,0,0]-[8388608,1048576,268435456,262144,0]
[0,0,0,0,0,0,0,0,1048576,0,0,32,262144,128,0,0]-[16384,536870912,128,32,0]
[0,0,0,0,0,0,8192,0,0,0,0,0,1048576,128,0,0]-[35012675,84027552,268444197,337648148,270368]
[0,0,0,0,0,0,0,16,0,0,128,0,0,128,0,0]-[0,2048,2155872256,0,262144]
[0,0,0,0,67108864,256,0,16,0,0,0,0,1048576,0,0,0]-[0,8392704,4096,4096,0]
[0,16777216,67108864,0,0,0,0,0,0,0,0,0,0,128,0,0]-[0,340001024,2148540944,1048640,0]
[0,0,67108864,0,67108864,0,0,16,0,0,0,0,1048576,128,0,0]-[0,2048,2097152,16,1048704]
[0,0,0,0,0,128,0,256,134217728,0,0,0,1310720,0,0,0]-[268435456,1048578,2097152,0,0]
[0,0,67108864,0,0,0,0,0,512,0,0,0,1048576,0,0,0]-[0,0,16,65536,1152]
[0,0,16777216,0,0,0,1,0,0,0,0,0,0,128,0,0]-[0,0,2,64,1048640]
[128,0,83886080,0,0,0,0,0,0,0,0,0,262144,0,0,0]-[0,2048,33554432,4194336,0]
[0,0,67108864,0,0,0,0,0,536870912,0,0,131072,0,0,0,0]-[0,67141632,33554432,0,2048]
[0,0,67108864,16,0,0,0,0,0,262144,0,0,0,0,0,0]-[0,67371008,4198400,0,0]
[0,0,0,0,0,0,0,16,0,0,0,0,0,0,0,131072]-[1074012673,536879169,532480,139272,131072]
[0,0,0,0,0,0,0,16,2048,0,0,0,0,0,0,0]-[2148532304,83898884,164626,2304,2097184]
[0,0,67108864,0,0,0,134217728,0,0,0,0,0,1048576,0,0,0]-[4096,0,33554432,2147487744,0]
[0,0,16777216,0,0,0,0,0,0,0,67108864,0,262144,0,0,0]-[0,1,32896,1024,0]
[0,0,0,0,0,0,0,0,134217728,65536,0,0,0,128,0,0]-[16384,0,4,0,1088]
[0,0,0,0,0,0,0,0,0,256,4096,0,0,128,0,0]-[16384,1,1073741824,2048,0]
[0,0,67108864,0,0,131072,0,0,4,0,0,0,0,0,0,0]-[4194304,67108864,0,9216,0]
[0,0,1073741824,0,0,256,0,0,0,0,0,0,0,128,0,0]-[1048576,1024,8388608,4096,0]
[0,0,4,0,0,0,0,0,0,0,0,0,1048576,0,0,0]-[4195328,64,8388866,0,525056]
[0,0,0,0,0,0,0,0,0,0,0,0,8,128,0,0]-[907464415,663945313,3794428039,2083330200,4138220]
[0,33554432,0,0,0,0,8192,0,0,0,0,0,0,128,0,0]-[262208,1074003968,0,0,0]
[0,0,0,536870912,0,0,0,0,0,0,0,0,1048576,0,0,0]-[1073741952,0,8704,1090519108,0]
[0,0,67108864,0,0,0,0,33554432,0,0,0,0,1048576,0,0,0]-[2160099330,4,32,16777600,66560]
[0,0,0,0,0,0,0,0,134219776,0,4096,0,0,0,0,0]-[0,536870913,0,0,16392]
[0,0,0,0,0,0,0,0,1048576,0,0,0,0,512,0,0]-[2147500032,272,1610874944,135790592,0]
[0,0,67108864,0,0,8192,0,8,0,0,0,0,1048576,0,0,0]-[0,64,1048584,0,4]
[0,0,0,0,0,0,8192,16777232,0,0,0,134217728,1048576,128,0,0]-[49152,0,2097152,2097152,0]
[0,262144,0,0,0,256,0,0,0,0,0,0,262144,0,0,0]-[1048832,4096,2097152,0,0]
[0,0,0,0,0,16777216,0,0,1048576,0,0,0,0,2,0,0]-[1088,2,0,0,2048]
[0,0,67108864,0,64,0,0,0,0,0,0,0,0,0,262144,0]-[2147483680,0,0,0,32769]
[0,0,0,134217728,0,0,0,0,0,0,4096,0,262144,0,0,0]-[2147483648,65536,2147483648,1073741824,0]
[0,0,0,0,0,2097152,8192,0,0,0,0,0,1048576,0,0,0]-[0,544,0,131072,2097152]
[0,0,0,0,0,0,0,0,32,0,0,0,0,0,8192,0]-[134217728,67108864,1048576,1073741824,0]
[0,0,0,0,0,0,0,32,1048576,0,0,0,8,0,0,0]-[0,268435456,192,0,256]
[128,0,0,0,4,0,0,0,0,0,0,0,0,0,0,0]-[9437184,40960,0,0,0]
[0,0,67108864,8388608,0,0,0,0,0,0,134217728,0,0,0,0,0]-[4,2048,2147483648,1048576,0]
[0,0,0,0,0,0,0,16777216,134217728,0,0,0,0,0,0,0]-[603979800,536871168,1360,92275328,16384]
[0,0,67108864,0,0,0,2,0,0,0,0,131072,0,0,0,0]-[0,33556480,0,64,132]
[0,0,0,0,0,0,0,0,0,0,0,65536,1048576,0,0,0]-[0,8389128,8192,0,0]
[0,0,0,0,67108864,0,0,0,0,0,4096,0,256,0,0,0]-[256,2147483648,65536,256,0]
[0,0,67108864,0,0,0,0,0,0,0,0,0,0,536870912,67108864,0]-[4,4,65536,0,131072]
[0,0,67108864,0,0,0,0,0,0,0,0,131072,32,0,0,0]-[0,4,1024,512,65536]
[0,0,0,0,0,0,0,0,524288,0,0,0,0,131072,0,0]-[33554688,0,128,0,262144]
[16777216,0,0,0,0,256,0,0,0,0,0,0,0,0,0,0]-[327680,268435456,270532608,2415919104,1024]
[128,0,67108864,0,0,0,0,0,16777216,0,0,0,0,536870912,33554432,0]-[0,256,1024,64,524288]
[128,0,0,0,131072,0,0,0,0,0,0,0,0,0,0,0]-[1073741824,1024,536870912,1107296448,32]
[0,0,67108864,0,0,256,0,0,0,512,0,0,0,0,0,0]-[0,67108864,1280,16777216,0]
[0,0,603979776,0,0,0,0,0,0,0,0,0,1048576,0,0,0]-[16777216,0,33562640,16777216,2130946]
[0,0,67108864,0,0,256,0,0,0,0,0,0,0,0,536870912,0]-[0,301989888,0,2147745792,0]
[0,0,0,0,0,0,0,0,1048576,268435456,0,0,1048576,0,0,0]-[0,128,1073741832,1073774594,0]
[0,0,0,0,0,0,8192,0,0,0,0,0,0,0,1048576,0]-[1073741824,32768,0,2097280,0]
[0,0,0,0,0,0,0,0,0,16384,0,0,1048576,128,0,0]-[1048576,335544320,0,4104,8192]
[0,0,67108864,0,0,0,0,16777232,0,0,0,0,0,0,0,0]-[524288,17039392,4,2148007936,16384]
[0,0,0,0,0,0,0,0,0,0,8392704,0,0,128,0,0]-[576,0,0,640,0]
[0,0,68157440,0,0,0,0,0,0,0,0,0,0,128,33554432,0]-[4,536872960,2147483648,0,0]
[0,0,0,0,0,0,0,0,0,0,4096,0,64,0,16,0]-[0,33792,0,268437504,0]
[0,0,67108864,0,67125248,0,0,0,0,0,0,0,0,0,0,0]-[0,16,10752,0,0]
[0,0,67108864,0,0,0,8,16,4096,0,4096,0,0,0,0,0]-[8454144,262144,0,8,0]
[128,0,67108864,0,0,0,0,0,0,0,0,16,0,0,0,0]-[1,69206032,0,0,0]
[0,0,0,8388608,0,0,0,16,0,0,0,0,0,0,0,0]-[16,589824,2147483648,1,1]
[0,0,67108864,0,0,0,0,16,0,0,0,0,1048576,2097152,0,0]-[32768,6144,0,2097152,0]
[0,0,67108866,0,0,0,0,0,134217728,0,0,0,0,536870912,0,0]-[0,256,0,16,16448]
[0,0,0,0,67108864,0,8192,0,16777216,0,0,32,0,0,0,0]-[2147483648,0,67108864,33554432,32]
[65536,0,0,0,0,64,0,0,0,0,0,0,0,0,0,0]-[8192,524800,0,0,4]
[0,33554432,0,0,0,0,0,0,1048576,268435456,0,0,0,0,0,0]-[0,4194304,33554496,0,64]
[8388608,0,67633152,0,0,0,0,0,0,0,0,0,0,0,0,0]-[83886080,0,0,0,3145728]
[0,0,0,0,0,0,0,65536,0,0,0,0,1048576,0,0,0]-[4196,2684371336,393472,1074839680,262144]
[0,0,0,0,0,0,0,8,0,0,4096,0,0,128,0,0]-[268714496,17170432,1073741952,268697612,2162816]
[128,0,0,0,0,0,0,0,0,0,0,0,268435456,0,0,0]-[1073742336,268502016,1024,16810000,0]
[0,0,0,0,0,0,0,0,0,0,4096,0,1048576,0,0,1]-[0,16777216,0,131072,34]
[0,0,2147483648,0,0,0,0,0,0,0,0,0,262144,0,0,0]-[256,16777216,33554688,0,0]
[0,0,0,0,0,0,0,0,65536,131072,0,0,0,0,0,0]-[0,1024,263168,2097152,0]
[0,0,0,0,0,12288,0,0,1048576,0,0,0,0,0,0,0]-[2097156,0,16777216,128,0]
[128,0,0,0,0,0,0,16,0,0,0,0,0,2147483648,0,0]-[0,263168,8192,131072,0]
[0,0,0,65536,0,0,0,0,0,0,0,0,0,134217728,0,0]-[512,536870912,67108864,0,4]
[0,0,0,0,16777216,0,0,0,0,0,0,0,8,0,0,0]-[369099392,134250496,524288,16,4096]
[0,0,0,0,0,0,0,16,67108864,0,0,0,1048576,0,0,0]-[25165824,2,262144,8,0]
[0,0,67108864,0,67108864,0,0,0,1048576,0,0,524288,0,128,0,0]-[0,0,1073774592,16,524288]
[128,0,0,0,0,0,0,0,0,0,536870912,0,0,0,0,0]-[134479872,0,8192,2181202048,0]
[0,0,0,0,0,0,0,0,16777216,0,0,0,0,536870912,0,0]-[3389006848,1342189568,2215052424,2166528260,549100]
[262144,0,0,0,0,8448,0,0,0,0,0,0,0,0,0,0]-[128,0,1048576,1048576,512]
[0,0,0,536870912,0,0,0,0,0,0,0,16777216,0,0,0,0]-[268697600,0,0,1048576,2048]
[0,0,0,0,0,2,0,0,1048576,0,0,0,0,128,67108864,0]-[147456,0,0,4160,0]
[0,0,67108864,0,0,0,0,16,0,0,0,0,0,0,0,16]-[0,0,33024,4224,0]
[0,0,67108864,0,4,0,0,0,0,0,0,0,0,128,0,0]-[0,0,67175424,16777216,0]
[0,0,268435456,0,0,0,0,0,0,0,0,0,0,0,33554432,0]-[131072,8,268435456,0,2048]
[0,0,67108864,0,0,0,0,0,134217728,0,0,0,1048576,65536,0,0]-[8388608,2049,0,0,16384]
[0,0,16384,0,0,0,0,0,0,0,131072,0,0,128,0,0]-[640,536870912,2097152,0,0]
[0,0,67108864,0,0,0,0,16400,1048584,0,0,0,0,0,0,0]-[65536,0,524288,2,64]
[0,0,67108864,0,0,0,0,0,1048576,0,0,0,128,0,0,0]-[0,65552,524288,33554432,0]
[0,524288,0,0,0,256,0,0,0,0,0,0,0,128,0,0]-[131088,256,131072,0,0]
[0,0,0,0,0,0,0,16,0,0,0,0,1310720,128,0,0]-[16384,67110912,2097152,2097152,1056768]
[0,0,16777216,0,0,0,0,0,1048576,0,0,0,1048576,0,0,0]-[0,4098,0,65536,4096]
[0,0,0,0,0,256,0,0,0,4096,0,0,0,0,0,0]-[0,0,65600,0,8256]
[0,0,67108864,0,0,0,72,0,1048576,0,0,0,0,0,0,0]-[33554436,512,0,1024,0]
[0,0,0,0,0,64,0,0,0,0,0,32,2147483648,0,0,0]-[268435458,2147483648,0,0,128]
[0,0,0,16,0,0,0,8,0,0,0,0,0,0,0,0]-[1073758208,134250496,0,262144,66176]
[0,0,0,0,0,0,16777216,8,0,0,0,0,0,0,0,0]-[4194304,0,0,2097156,262144]
[0,0,67108865,256,0,0,0,0,0,0,4096,0,0,0,0,0]-[0,0,1073745920,128,65536]
[0,0,0,0,0,0,64,0,0,8388608,0,0,0,0,0,0]-[0,266240,0,0,2105344]
[0,0,0,0,0,0,0,134217728,0,0,4096,0,0,128,0,0]-[268699712,67108864,0,67108992,0]
[2097152,0,0,0,0,0,0,0,1048576,0,4096,0,0,128,0,0]-[0,8388608,0,136314880,4]
[0,0,67108864,0,0,0,0,0,0,0,0,0,1048576,536870912,0,0]-[33554498,285334029,69640,2185560341,2115009]
[0,0,67108864,0,0,0,0,0,1048576,0,0,32,2097152,0,0,0]-[0,528,33554432,524288,0]
[128,0,0,0,0,0,0,0,0,0,0,0,0,64,33554432,0]-[134217728,256,536870912,4194304,0]
[0,0,0,0,0,0,0,0,0,0,0,64,1048576,0,0,262144]-[0,8389120,0,4,128]
[0,0,0,0,0,0,0,0,1048576,0,0,0,65536,65536,0,0]-[0,32,0,1207967744,0]
[0,0,0,0,0,0,0,0,16777216,0,64,0,0,0,0,0]-[142606336,0,4325504,33554435,4096]
[0,0,67108864,65536,0,0,0,16,0,0,0,0,0,0,0,0]-[8388608,8196,3148288,16777224,147456]
[0,0,67108864,0,0,268500992,0,0,134217728,0,0,16384,0,128,0,0]-[0,65600,4,0,1024]
[0,32768,0,0,0,0,0,0,134217728,0,0,0,0,0,0,0]-[8,128,16777216,1073807488,320]
[0,0,67108864,0,0,0,0,0,0,0,268435456,0,32,0,0,0]-[0,0,4128,20,0]
[0,0,67108864,0,0,0,0,0,0,0,0,0,0,0,128,0]-[211845164,2684491588,3262195712,2466064,2654343]
[1024,0,0,0,0,0,0,0,0,0,4096,0,0,0,0,0]-[1074268160,2147483680,8388624,82048,36864]
[0,0,4,0,0,0,0,0,0,0,0,0,0,0,0,128]-[2097152,134217728,0,0,768]
[0,0,67108864,0,16384,0,0,0,0,0,536870912,0,0,0,0,0]-[524288,1024,8192,0,4]
[262144,0,4,0,0,0,0,0,0,0,4096,0,0,0,0,0]-[0,1,16400,0,8]
[0,0,2048,0,0,0,0,0,0,0,0,0,0,0,67108864,0]-[0,1140850688,133120,8192,262148]
[0,0,67108864,0,0,0,2097152,0,0,0,0,32,0,128,0,0]-[2097152,0,0,262272,131072]
[0,0,67108864,0,0,0,0,0,0,0,0,0,1048576,0,0,64]-[4,2147491840,0,0,524288]
[0,0,67108864,0,0,0,2097152,0,0,0,0,0,0,0,0,0]-[2225602593,2975876097,3255894784,2152005848,213395]
[0,0,0,0,0,0,0,8,0,0,0,0,8388608,0,0,0]-[4456448,0,524288,35651584,0]
[0,256,0,0,0,0,8192,16,1048576,0,0,0,0,0,0,0]-[0,0,553648128,16,1048576]
[0,0,0,0,0,0,0,0,135266304,0,4096,0,0,128,0,0]-[2048,256,0,268435456,128]
[0,0,0,0,0,0,0,0,32768,0,0,8192,0,0,0,0]-[0,0,0,256,66050]
[0,0,0,0,0,0,0,0,0,0,0,0,1073741824,128,0,0]-[1222,813958176,1073741825,2048,598016]
[16384,0,0,0,134217728,0,0,0,0,0,0,0,0,0,0,0]-[0,64,67108864,1073741824,65536]
[256,0,0,0,0,0,0,0,0,0,0,0,0,0,1,0]-[16,512,268435456,0,4]
[0,0,67108864,0,0,0,0,0,0,0,64,0,1048576,0,0,0]-[8388608,33554432,65536,0,64]
[0,0,67108864,0,0,0,0,0,8,0,0,0,0,0,0,0]-[540969,21014580,573696,141590594,305169]
[256,0,0,0,0,0,8192,0,0,0,0,0,0,0,0,0]-[272629760,256,67633216,4,512]
[0,0,0,0,0,256,0,0,16,0,0,0,0,0,524288,0]-[512,4096,0,4096,8192]
[0,0,0,0,0,524352,0,0,0,0,0,0,0,1,0,0]-[80,2147484160,0,0,0]
[0,0,0,0,0,256,0,16384,135266304,0,0,0,0,0,0,0]-[65552,0,1073741824,0,64]
[0,0,0,0,0,0,0,0,0,0,4096,0,1048576,2147483648,0,0]-[17039360,16777216,0,135684,32768]
[4194304,0,0,0,0,256,0,16,0,0,0,0,0,0,0,0]-[0,4096,0,402653184,1]
[0,268435456,0,0,0,8192,0,0,0,0,0,0,0,536870912,0,0]-[536870912,0,25165824,32769,0]
[0,0,67108864,0,16,8192,0,0,0,0,0,0,0,0,0,0]-[2,4,0,65537,0]
[0,0,0,16,0,0,0,134217728,0,0,0,0,0,0,0,0]-[8388608,2048,2147483649,0,0]
[0,0,0,0,0,0,0,0,0,512,0,1073741824,0,0,0,0]-[0,135168,16777216,0,512]
[268435456,0,0,0,0,0,0,0,134217728,0,0,0,0,0,8,0]-[536870936,262144,0,16777472,16448]
[0,0,0,0,0,0,0,0,0,0,0,0,16,536870912,0,0]-[16384,268435456,67108864,0,131072]
[268435456,0,67108864,0,0,0,0,0,0,0,0,0,0,0,0,0]-[134217728,50626576,5120,2181308678,524293]
[0,0,67108864,0,0,0,0,0,1048576,0,0,0,0,0,33554432,0]-[18941957,574882596,4728832,40931906,1573328]
[0,0,67108864,0,0,0,0,0,1048576,0,131072,0,1048576,0,0,0]-[0,0,0,32800,524289]
[128,0,0,0,0,8192,0,0,0,0,0,0,1048576,0,0,0]-[171966464,0,536870912,1073774593,0]
[0,0,0,0,0,64,4,0,0,0,128,0,0,0,0,0]-[536870912,524288,524288,524288,0]
[0,1073741824,0,0,0,0,0,0,0,0,0,0,0,0,8192,0]-[0,524288,4194304,0,2050]
[0,0,128,0,0,0,0,16,0,0,0,0,0,0,0,0]-[84953088,0,2048,0,2097153]
[0,8,67108864,0,0,0,0,0,0,1024,0,0,0,0,0,0]-[4,520,0,2,0]
[0,0,67108864,0,0,64,0,0,0,0,0,0,0,0,1073741824,0]-[1,0,256,16777216,2097152]
[8192,0,67108864,0,0,0,0,0,1048576,0,0,0,1048576,0,0,0]-[0,516,4194320,0,0]
[0,0,0,0,0,0,0,0,1048576,0,0,1073741824,0,128,0,0]-[33701888,8388640,1082392577,1679818962,1048576]
[0,0,0,0,1073741824,0,0,0,134217728,0,0,0,0,0,0,0]-[8192,268435456,2048,8192,0]
[0,0,0,0,0,64,0,0,1048576,128,0,0,0,128,0,0]-[16512,0,128,0,68]
[0,0,67108864,0,0,0,0,0,0,0,134217728,0,0,0,67108864,0]-[4,32,2147483648,1048576,0]
[0,0,0,0,0,0,0,0,0,0,4096,0,1048576,0,8388608,0]-[0,16809984,0,67112960,0]
[0,0,0,0,0,256,0,16,1048576,0,4096,0,0,0,0,0]-[2147483648,65536,16777216,2149580800,0]
[0,0,0,0,0,0,0,16,134217728,0,0,0,0,4,0,0]-[0,142671872,0,0,128]
[0,0,0,0,0,0,4194304,0,0,0,4096,0,0,0,0,0]-[135266818,3355445248,33554432,1082130464,18436]
[0,0,67108864,0,0,0,0,0,131072,128,0,0,0,0,0,0]-[67108896,0,2097152,2181038080,0]
[0,0,0,0,0,0,4,0,0,0,8,0,0,128,0,0]-[1048704,0,536870912,262144,0]
[0,0,67108864,0,0,0,0,2,0,0,0,0,1048576,0,0,0]-[8388608,520,0,2147484168,2]
[0,0,0,0,0,8192,0,0,0,0,16384,0,1048576,0,0,0]-[0,16,16384,10240,0]
[0,0,0,0,0,256,0,0,262144,0,1024,0,0,0,0,0]-[67108864,1048832,0,4,0]
[0,1048576,67108864,0,0,0,8192,0,0,0,0,0,0,0,0,0]-[4096,64,2148007936,0,0]
[0,0,0,0,0,0,0,0,0,0,0,0,536870920,0,0,0]-[536870912,33554432,0,2048,8]
[0,0,0,0,0,0,0,16,0,0,0,0,65536,0,512,0]-[16384,0,2129920,0,2048]
[0,0,0,0,0,0,0,0,0,0,0,0,1,128,0,0]-[131144,67108864,1056773,1073741824,64]
[0,0,67108864,0,0,0,0,0,1048576,0,0,0,1048576,8320,33554432,0]-[0,65536,0,512,192]
[0,0,0,0,0,536870912,0,0,134217728,0,0,0,0,0,0,0]-[0,536870913,545259528,1073758208,256]
[0,0,0,512,1,2147483648,0,0,16777216,0,0,0,0,0,0,0]-[0,2147483648,536936448,0,524288]
[0,0,0,65536,0,0,0,0,0,0,0,0,0,2048,0,0]-[0,131072,256,0,72]
[0,0,67108864,0,0,0,0,16,0,32768,0,0,1048576,0,0,0]-[0,4096,0,2101248,1048576]
[0,0,0,0,0,0,0,268435456,1048576,0,0,0,0,0,0,0]-[2181169280,132,536870977,335581298,131077]
[0,0,0,0,0,0,0,0,0,0,0,0,1048576,0,65536,0]-[268435458,0,134225920,68174336,1048648]
[0,0,2048,0,0,0,0,0,0,0,0,0,1048576,0,0,0]-[268697728,1073750024,514,2147492097,2052]
[0,0,67108864,0,0,0,0,0,134217728,0,4096,0,262144,0,0,0]-[0,2048,0,2097184,256]
[0,0,0,0,0,0,0,0,0,256,0,0,8,0,0,0]-[1,0,0,655360,524288]
[0,0,0,0,0,8192,32,16,134217728,0,0,0,0,0,0,0]-[16,1048576,0,268435456,2049]
[0,0,0,0,0,0,0,0,536870912,0,0,0,0,128,0,0]-[3223454932,805373990,8569090,1074004168,2097152]
[0,0,0,0,0,65536,0,0,0,0,0,32,1048576,0,0,0]-[131072,512,0,0,160]
[0,0,0,0,0,256,64,8208,0,0,0,0,1048576,0,0,0]-[0,268435456,136314880,2147483648,0]
[0,0,0,0,0,0,0,8388608,0,0,0,0,262144,0,0,0]-[16384,0,256,2097152,2]
[0,0,0,0,0,0,0,16,0,0,0,0,0,0,67108864,0]-[537415680,201854982,2181597251,276844544,2365952]
[0,0,0,0,0,0,0,0,0,0,4096,32,0,0,0,0]-[3636286033,2734982297,444666561,374328708,2216634]
[0,268435456,67108864,0,0,0,0,0,0,0,4096,0,0,0,0,0]-[4160,33112,33554432,38528,2146432]
[0,0,67108864,0,0,64,0,0,16777216,0,0,0,0,0,2147483648,0]-[0,2147484160,0,2147483648,64]
[4096,0,0,0,0,0,0,16,0,0,0,0,0,0,0,0]-[0,524304,0,134217728,2048]
[0,0,0,0,0,0,2,0,0,0,0,0,0,128,0,0]-[1179648,17106944,536871042,536871048,262368]
[0,128,1140850688,0,0,8192,0,0,0,0,0,0,0,0,0,0]-[33554436,0,1024,32768,0]
[0,0,0,0,0,0,0,0,0,0,0,0,536870912,0,0,2048]-[4128,64,0,2048,0]
[0,0,0,0,0,0,0,0,1048576,0,0,0,135266304,128,0,0]-[33554432,0,1073741824,536872960,0]
[0,128,0,0,0,8448,0,0,0,0,0,0,0,0,0,0]-[0,0,136314884,262144,0]
[0,0,0,0,0,0,0,0,0,0,0,0,1074790400,0,0,0]-[572522496,132,8704,3221229568,2097160]
[0,0,67108864,0,4,0,0,0,0,0,0,2048,1048576,0,0,0]-[16809984,512,0,0,2]
[0,0,67108864,0,0,0,0,8,17825792,0,0,0,0,128,0,0]-[1,0,32,130,0]
[0,0,0,0,0,256,0,0,0,0,4096,0,1048576,128,0,0]-[1049088,276825088,1073741824,2048,8192]
[2097152,0,0,0,0,0,0,0,512,0,0,0,0,0,0,0]-[8,2684354560,0,0,262144]
[0,0,0,0,0,0,0,0,0,0,0,0,32,128,0,0]-[1,67108865,4,536870916,139264]
[0,0,0,4096,0,0,0,0,0,0,0,0,65536,0,0,0]-[4456448,2147483648,0,0,64]
[0,0,0,0,0,0,0,0,0,0,4104,0,0,0,0,0]-[1,2214592512,134217728,0,0]
[0,536870912,67633152,0,0,0,0,0,0,0,0,0,0,0,0,0]-[0,0,8192,1,131074]
[128,0,0,0,0,320,0,0,0,0,0,0,0,0,0,0]-[16384,2048,8192,8192,0]
[0,32768,67108864,0,0,0,0,0,0,0,0,0,0,16777344,0,0]-[0,32,0,262160,1048576]
[0,0,0,0,0,0,0,0,1048576,8192,0,0,0,128,0,0]-[278548,0,128,402653344,4]
[0,0,0,0,0,0,0,16,0,0,0,0,0,1073741824,0,0]-[16,8,3147776,201326592,0]
[0,0,0,0,34603008,0,0,16,33554432,0,0,0,0,0,0,0]-[0,512,131072,1,262144]
[0,0,67108864,0,0,0,0,0,0,0,0,0,0,536870912,0,128]-[0,285212672,67108864,64,0]
[2,0,0,0,0,0,0,2048,0,0,0,0,32,0,0,0]-[0,0,512,553648132,0]
[0,0,67108864,0,0,512,0,0,0,0,4096,0,0,0,0,0]-[64,262144,65536,0,16384]
[0,0,0,0,0,0,0,0,134479872,0,0,0,0,0,0,0]-[520,76546049,18,0,524296]
[0,0,0,0,0,0,0,0,0,33554432,0,0,0,4,0,0]-[33554440,0,262144,2,512]
[0,0,256,0,0,0,0,0,0,0,0,0,1048576,0,0,131072]-[4,8320,0,0,524288]
[0,0,0,0,32768,0,0,0,0,0,16,0,0,128,0,0]-[136,603979776,0,0,0]
[0,0,0,0,0,8256,0,0,0,0,0,0,0,128,0,0]-[0,1073743872,0,8388608,160]
[0,0,0,0,0,8192,0,0,8388608,0,0,0,262144,0,0,0]-[0,131072,3,1024,0]
[0,0,0,0,1048576,0,64,0,1048576,0,0,0,0,0,0,0]-[32768,128,144,0,0]
[0,0,2,0,0,0,0,0,1048576,0,0,0,1048576,0,0,0]-[16777216,0,0,201326848,0]
[0,0,67108864,0,335544320,0,0,0,1048576,0,0,0,0,0,0,0]-[0,4,10272,4352,0]
[128,0,0,0,0,0,0,0,0,0,0,0,0,33554432,0,0]-[0,2048,8192,0,528384]
[0,0,67108864,16777216,0,0,131072,0,0,0,0,0,0,0,0,0]-[67108864,33554432,2129920,0,0]
[0,0,67108864,0,0,0,0,0,1073741824,0,4096,0,0,0,0,0]-[2097152,0,4096,1280,0]
[0,268435456,0,0,0,0,0,0,1048576,0,0,0,0,128,0,0]-[131200,0,524320,201326592,192]
[0,0,0,0,0,131072,0,0,0,0,0,0,0,128,0,0]-[2048,0,0,69271552,0]
[0,0,0,8,0,0,0,0,0,0,524288,0,0,0,0,0]-[285212672,0,0,64,524288]
[0,0,67108864,0,0,0,0,16,0,0,0,0,0,33816576,0,0]-[0,6152,2147483648,0,0]
[0,0,67108864,0,0,0,0,16,0,0,0,0,256,0,0,0]-[1,20972032,525328,64,16385]
[0,0,0,0,0,0,0,0,262144,0,0,0,262144,0,0,0]-[256,131072,1048576,67108864,0]
[0,0,0,0,0,0,8192,0,32768,0,0,0,0,0,0,0]-[536870912,8192,0,256,512]
[0,0,1073741824,0,67108864,0,0,0,0,0,0,0,1048576,0,0,0]-[134217984,131072,8388608,536870912,0]
[0,0,67108864,0,0,64,0,16,0,0,0,0,0,128,0,0]-[12582912,272695296,1048592,128,0]
[0,0,0,0,16384,0,0,0,0,0,4096,0,0,128,0,0]-[1114368,34816,524320,1024,0]
[0,0,67108864,16,0,0,0,0,0,0,0,67108864,0,0,0,0]-[8388608,0,0,134218752,1024]
[0,67108864,0,0,0,0,0,0,0,0,4096,0,0,0,0,16384]-[1073741824,0,8392704,256,0]
[0,0,0,0,0,0,128,0,0,0,0,0,0,128,0,0]-[528,64,32,0,0]
[0,0,0,0,0,2048,0,0,134217728,0,0,0,0,0,0,0]-[536,0,0,16384,0]
[0,0,0,0,0,0,0,8,0,0,0,0,8,0,0,0]-[20972032,135266304,1073743488,0,4096]
[8,1048576,0,0,0,0,0,0,0,0,0,0,0,0,0,0]-[3221225472,768,0,0,0]
[0,0,0,0,0,8388608,0,0,17825792,0,0,0,0,0,0,0]-[1,0,262144,2147516416,0]
[0,0,67108864,0,0,0,0,0,0,0,0,134217728,0,0,33554432,0]-[2048,0,1073742848,0,2]
[0,0,0,0,0,0,0,16,0,0,0,0,1048576,0,0,0]-[4220835397,2509470335,2041854838,4293589499,4094713]
[0,0,67108864,0,0,0,128,256,0,0,0,0,0,0,0,0]-[16777218,2097152,0,16777216,0]
[0,0,0,0,0,0,0,0,0,1,0,0,0,0,67108864,0]-[131072,12288,0,0,128]
[67108864,0,0,0,0,0,0,0,0,0,0,0,0,65536,0,0]-[2097176,0,4096,0,0]
[0,128,0,0,0,0,32768,0,1048576,0,0,0,1048576,0,0,0]-[0,128,8388672,2,0]
[0,131072,0,0,0,256,0,0,0,0,0,0,0,0,0,0]-[269623808,0,1075838980,134217732,4097]
[0,131072,67108864,0,0,0,0,0,0,0,0,0,0,128,0,0]-[8,67108864,0,16,2097152]
[0,0,0,0,67108864,0,64,0,0,0,0,0,0,512,268435456,0]-[16384,131076,0,1048576,0]
[0,262144,0,0,0,0,0,0,0,0,0,0,0,128,0,0]-[269484160,64,0,264192,9216]
[128,0,0,0,0,2147483648,0,0,0,0,4096,0,1048576,0,0,0]-[278528,0,33554432,65536,4128]
[0,0,100663296,0,0,256,0,0,0,0,0,0,0,0,0,0]-[0,83886080,0,1,128]
[0,0,32,0,32,0,0,8192,0,0,12288,0,0,0,0,0]-[0,2147483648,8404992,131072,0]
[0,0,67108864,0,0,0,8704,0,0,0,0,0,0,0,0,0]-[2050,2415919104,0,0,0]
[0,0,128,0,0,0,0,0,0,0,0,1024,0,0,0,0]-[524416,4,67108864,0,0]
[0,0,0,0,0,0,0,17,0,0,0,0,0,0,0,0]-[16384,8388608,16777728,270548992,16]
[0,0,16777216,0,0,0,0,0,0,0,0,0,262144,128,0,0]-[0,536872960,1048704,65536,8192]
[0,262144,67108864,0,0,0,0,256,0,0,0,0,0,0,0,0]-[524288,0,0,1310720,256]
[0,0,16777216,0,0,0,0,0,4,0,0,0,0,0,0,0]-[1073741824,0,524288,268435456,16]
[0,0,0,0,0,256,0,0,1048576,0,8388608,0,0,65536,0,0]-[65536,384,0,2097152,0]
[0,0,0,0,0,0,0,0,1048576,0,0,0,8388608,2048,0,0]-[256,0,4194304,536872960,0]
[0,33554432,0,0,0,0,0,16,0,0,0,0,0,0,0,0]-[73792,134234112,524288,16,16]
[0,0,67108864,2147483648,4,16777216,0,0,0,0,0,0,0,0,0,0]-[0,8,0,0,66561]
[0,0,0,0,0,0,0,0,134217728,1073741824,0,0,0,0,8,0]-[16448,0,24,0,0]
[0,0,0,0,0,0,0,16777216,0,0,0,32,0,0,0,0]-[0,524288,9216,0,256]
[8,0,67108864,0,0,0,0,0,0,0,0,0,0,0,0,0]-[222922762,807630613,2153314100,6108854,2230290]
[128,0,0,0,0,0,0,0,1048576,0,0,1073741824,262144,0,0,0]-[131072,0,0,32960,0]
[0,16384,67108864,0,0,0,0,0,0,0,0,0,0,128,0,0]-[64,262144,0,514,0]
[0,0,0,0,0,0,0,0,0,0,0,1073741824,0,0,4,0]-[0,8,64,1073741824,1048576]
[0,0,67108864,0,0,0,0,0,0,1073741824,0,0,0,0,0,0]-[71303168,587237392,5120,2183463223,524357]
[0,0,0,0,0,256,0,16777216,0,0,0,67108864,0,0,0,0]-[1310720,256,16,0,0]
[0,0,67108864,8,0,0,0,0,0,0,4096,0,0,0,0,0]-[0,536870944,0,8,2]
[0,0,0,0,0,256,0,1024,16777216,0,0,0,0,128,0,0]-[0,66560,131072,2097152,0]
[0,1073741824,67108864,0,0,0,0,0,1048576,0,0,0,0,0,33554432,0]-[0,262144,0,1573120,0]
[128,0,16777216,0,0,0,0,0,0,0,0,0,16777216,0,0,0]-[0,1024,0,3489660928,0]
[0,0,2048,0,0,0,0,0,0,0,0,0,0,0,0,128]-[64,524288,0,8650752,0]
[0,0,0,0,0,0,0,0,0,0,4096,0,1048576,0,0,65536]-[262144,9,4113,67108872,0]
[0,0,1024,0,0,0,0,1073741824,0,0,0,0,0,0,0,0]-[0,738197504,0,134217728,0]
[0,0,0,0,0,0,0,512,0,512,0,0,0,0,0,0]-[8390656,0,32,2048,0]
[0,0,0,0,0,0,8192,0,135266304,0,0,0,1048576,0,0,0]-[0,128,16777280,64,0]
[0,0,67108864,0,0,512,0,16777216,0,0,0,0,0,0,0,0]-[8390656,32,0,2147483648,0]
[0,0,0,128,0,0,0,0,0,0,0,0,1048576,128,0,0]-[131072,16777248,0,0,128]
[33554560,0,0,0,0,0,0,0,0,0,0,0,0,0,0,0]-[138412032,67584,0,268574720,524288]
[0,0,0,0,134217728,0,0,0,0,0,0,0,0,536870912,0,0]-[0,0,67108864,3221225472,4]
[0,134217728,0,0,0,0,0,256,0,0,0,0,0,0,0,0]-[67141632,0,0,134217728,8]
[0,0,0,0,67108864,0,0,0,1048576,0,0,0,0,0,0,0]-[3255222693,1350844534,562325731,3882890144,532885]
[0,0,0,0,0,0,0,6144,0,0,0,0,32,0,0,0]-[0,8192,512,536870916,0]
[4096,512,0,0,0,0,0,0,0,0,0,0,0,0,0,0]-[0,0,64,65536,8193]
[0,0,1073741824,0,0,0,0,0,0,0,262144,0,0,0,0,0]-[268435456,0,33554432,4,524288]
[0,0,67108864,0,0,0,0,0,0,0,0,32,0,1048576,0,0]-[8,16,67108864,1048576,2]
[0,0,0,0,0,0,0,0,0,0,64,262144,0,0,0,0]-[64,0,258,262144,0]
[0,0,512,0,0,1024,0,0,0,0,0,0,1048576,0,0,0]-[536870912,32,2097152,0,32]
[0,0,0,0,0,0,0,0,134217728,0,0,0,4096,0,0,0]-[3,0,134217728,64,0]
[0,0,0,0,0,0,0,0,135266304,0,0,0,8,0,0,0]-[16,536870912,33554449,134219776,257]
[0,0,67108864,0,0,8388608,0,0,0,0,4096,0,0,0,0,16]-[16777216,262144,0,65544,0]
[0,0,67108864,0,0,0,0,0,0,0,1073745920,32,0,128,0,0]-[0,1024,0,262276,0]
[0,0,536870912,0,0,0,8192,0,0,0,0,0,0,0,0,0]-[0,0,2048,131072,2097154]
[128,0,0,0,0,0,0,0,0,0,0,0,65536,128,0,0]-[512,2304,32768,0,0]
[128,0,0,0,0,0,4,0,0,0,0,0,1048576,0,0,0]-[1048704,67108864,0,0,8]
[0,0,67108864,0,0,0,0,16,0,0,0,1048576,1048576,128,0,0]-[32768,67108864,0,4112,0]
[0,0,0,0,0,0,0,0,0,0,0,2097152,262144,0,0,0]-[1048576,2048,0,0,131074]
[0,0,0,8,0,0,0,0,1048576,0,0,0,0,128,0,0]-[16385,0,262176,1073741984,8192]
[1048576,0,67108864,0,0,64,0,0,0,0,0,32,0,0,0,0]-[32832,0,524288,8192,0]
[0,0,67108864,0,0,0,0,0,134217728,0,4096,0,1048576,0,0,0]-[8388672,67108873,16,4352,16512]
[0,0,0,0,8,0,0,0,0,33554432,0,0,0,0,0,0]-[33554432,2,2147483648,262144,0]
[0,0,0,0,0,0,0,16,0,0,0,65536,0,0,0,0]-[524288,1048576,4096,0,4096]
[0,0,0,512,0,0,0,0,0,2097152,0,0,0,0,0,0]-[0,524320,134225920,0,0]
[0,0,0,0,0,0,0,0,0,0,131072,0,2048,0,0,0]-[0,4,262144,262656,0]
[0,0,0,0,0,0,0,16,128,0,0,0,0,2147483648,0,0]-[0,524288,32832,0,2097152]
[0,0,67108864,0,0,256,0,0,0,0,33558528,0,0,0,0,0]-[0,131080,0,128,16384]
[0,0,0,0,0,256,0,0,524288,0,0,0,0,0,0,0]-[8512,33688064,18874880,134350848,0]
[0,0,0,0,0,0,0,0,0,0,0,0,1048584,128,0,0]-[303041219,8586241,1612718083,1409353744,525376]
[0,0,0,0,0,0,0,0,0,1,0,0,1048576,0,0,0]-[546701824,540,270848,196936,200]
[0,536870912,0,0,0,0,0,16,0,0,4096,0,0,0,0,0]-[8654848,0,0,32768,0]
[0,0,0,0,0,0,0,16,0,0,0,16777216,0,0,0,0]-[2751725568,65536,0,2147516416,32]
[0,2,0,0,0,0,0,8,0,1,0,0,0,0,0,0]-[0,150994944,540672,0,0]
[0,0,0,0,0,0,0,0,1048576,0,4096,0,65536,0,0,0]-[327680,32,128,0,128]
[0,0,0,0,0,0,0,0,1048576,0,0,524288,0,0,0,0]-[33685521,8650752,33595392,1682999826,337]
[0,0,0,0,0,8192,0,0,0,0,4096,0,262144,0,0,0]-[2621696,40960,0,65536,0]
[0,0,1024,0,0,256,0,0,134217728,0,0,0,0,0,0,0]-[268435456,0,8388608,0,257]
[128,0,0,8192,0,0,0,0,0,0,0,0,128,0,0,0]-[131584,0,1024,1,0]
[0,0,67108864,0,0,0,0,0,524288,0,0,0,0,128,0,0]-[0,16778272,0,80,524292]
[128,0,0,0,0,0,0,0,17825792,0,0,0,0,128,0,0]-[16384,256,0,192,0]
[0,0,0,0,0,0,0,0,135266304,0,8392704,0,0,0,0,0]-[17039360,16,0,4194304,0]
[0,2097152,4,0,0,0,0,0,0,0,0,0,0,0,0,0]-[131072,8388640,2304,0,1544]
[128,0,0,0,0,0,0,0,0,0,4096,0,0,0,0,256]-[262144,1024,33554432,16384,0]
[0,8388608,0,0,0,0,0,0,0,0,0,0,524288,0,0,0]-[16,4096,0,1536,0]
[0,268435456,0,0,0,0,64,0,1073741824,0,0,0,0,0,0,0]-[0,0,67108992,1048576,2048]
[0,0,67108864,0,0,0,64,0,0,0,0,0,0,524288,0,0]-[2048,131072,524304,1048896,2048]
[0,0,0,0,0,0,0,0,0,0,0,0,0,128,512,0]-[33554432,131072,131204,536870976,1318980]
[0,0,67108864,0,0,134217728,0,0,0,0,0,2048,0,0,0,0]-[64,2113536,0,1,0]
[128,2048,0,0,0,0,0,0,0,0,0,0,0,536871040,0,0]-[264192,2048,0,0,4]
[128,0,67108864,0,0,0,0,0,1048576,0,4,0,0,0,0,0]-[0,0,0,1,84]
[0,0,0,0,0,0,0,0,16777216,0,0,0,0,0,8192,0]-[2176,514,130,1073741826,0]
[128,16777216,0,0,0,0,0,0,0,0,0,0,0,0,0,0]-[536870912,12352,147456,1179712,0]
[0,0,0,0,0,0,0,0,134217728,0,0,0,33554432,0,0,0]-[0,32,1,0,66048]
[0,0,0,0,0,0,0,128,0,0,0,0,0,0,67108864,0]-[4,0,67239936,0,4096]
[0,0,67108864,0,65536,0,0,0,0,0,0,0,1048576,0,0,0]-[32768,67108868,16,16781312,2097152]
[0,0,0,0,0,0,0,16,0,0,0,0,0,0,0,128]-[16777216,201327616,3154048,0,0]
[0,0,67117056,0,0,0,64,0,0,0,0,0,0,0,0,0]-[2147483648,536936448,67108864,0,0]
[0,0,67108864,0,0,0,0,0,0,67108864,0,32,0,0,0,0]-[3,33554448,0,0,0]
[0,0,0,0,0,0,8192,0,0,0,4096,0,0,128,33554432,0]-[268435456,64,1,4,0]
[0,32768,0,0,0,256,0,0,0,0,0,0,1048576,128,0,0]-[268435456,0,1,2097156,0]
[0,0,0,0,0,0,0,0,1048576,1024,0,0,0,0,0,0]-[323223556,134234640,29368452,1073774848,532480]
[0,0,0,0,0,64,0,0,16779264,0,0,0,0,0,0,0]-[208,0,0,0,2]
[0,1024,0,0,0,0,0,0,1048576,0,0,0,0,0,0,0]-[1110048768,4456448,131208,268500992,524289]
[0,0,0,0,0,0,0,16,16777216,0,0,0,0,0,0,131072]-[0,0,536870914,2550136832,0]
[0,0,67108864,0,0,0,0,0,0,0,0,0,1048576,0,8192,0]-[1,2048,65536,0,1048576]
[8,0,0,0,0,0,0,0,0,524288,0,0,2,0,0,0]-[268435456,536870912,100663296,0,0]
[8,0,0,0,0,0,0,0,33554432,0,0,0,0,131072,0,0]-[144,131072,0,0,512]
[0,0,0,0,0,0,0,0,0,0,0,1024,1048576,0,0,0]-[2147484672,4114,0,150994944,2048]
[0,0,67108864,0,0,0,0,16,0,0,0,0,5242880,0,0,0]-[0,67108864,0,35651584,2097152]
[0,8192,0,0,0,0,0,16,0,0,0,1073741824,0,0,0,0]-[0,528896,32768,67108864,0]
[0,0,0,0,0,0,0,0,0,2147483648,4096,0,0,128,0,0]-[0,67108865,0,268435460,0]
[0,0,0,0,0,0,0,16,0,0,0,0,0,0,0,524288]-[2048,536872002,1073741824,131074,0]
[0,0,0,0,0,0,0,0,0,0,4096,0,0,128,4194304,0]-[1048576,1342177280,2,0,0]
[128,0,1073741824,0,0,0,0,0,0,0,0,0,0,128,0,0]-[2048,268436480,8388608,0,0]
[0,0,67108864,0,0,0,0,0,0,0,0,32768,0,128,0,0]-[1,3104,2097152,64,1152]
[0,4194304,0,0,0,0,0,0,0,0,0,0,1048576,0,0,0]-[1024,578,75505664,2147483648,2097152]
[128,0,0,0,0,0,0,0,0,16777216,0,0,0,128,0,0]-[33570880,65536,536879104,0,0]
[0,0,67108864,0,0,0,0,0,1048576,0,0,0,0,0,8388608,0]-[16842752,536870912,0,2148007936,1]
[4,0,67108864,0,0,0,0,0,0,0,0,0,0,0,0,0]-[169869388,2231372564,302589472,17302561,671809]
[0,0,0,65536,0,0,0,0,0,0,4096,0,1310720,0,0,0]-[268435456,4,0,67108864,65536]
[128,0,67108864,0,0,0,0,0,0,512,0,0,0,0,0,0]-[8388608,33554432,2148007936,0,0]
[0,0,0,0,0,0,0,8192,1048576,0,2,0,0,0,0,0]-[0,1048576,128,36864,0]
[0,0,0,0,0,0,268435456,0,1048576,0,4096,0,0,0,0,0]-[0,0,16777216,3221225504,0]
[0,0,0,0,0,0,0,0,0,64,4096,0,1048576,0,0,0]-[268451841,36,167772160,33555200,8]
[0,0,67108872,0,0,0,0,0,0,0,0,0,0,0,65536,0]-[67108896,0,0,136314880,0]
[0,0,0,0,0,32,32768,0,0,0,0,0,0,0,0,0]-[0,132,16384,16777216,0]
[0,0,67108864,0,0,0,0,0,0,0,4096,0,262144,0,268435456,0]-[0,139268,0,33554432,0]
[128,0,0,0,0,0,0,0,0,0,0,8,0,128,0,0]-[0,1280,0,268435472,0]
[0,134217728,0,0,0,0,0,0,2048,0,0,0,0,128,0,0]-[33554496,0,0,2048,2097152]
[0,0,0,0,0,0,0,0,2148532224,0,0,0,0,0,0,0]-[17139984,33570868,21495945,268960786,131456]
[0,0,67109888,0,0,64,0,0,0,0,0,0,0,0,0,0]-[2,2097216,528640,1048608,0]
[0,0,0,0,0,64,0,16,0,0,0,2048,0,0,0,0]-[32832,0,8388608,1,0]
[0,0,0,0,0,0,0,0,0,0,4194304,0,1048576,0,0,0]-[1078984704,37771332,16777232,268435460,139267]
[0,134217728,0,0,0,0,0,0,0,0,0,8388608,0,0,0,0]-[0,131072,65542,0,0]
[0,0,0,0,0,0,0,8,0,0,1073741824,0,1048576,0,0,0]-[0,0,16896,32768,512]
[0,0,0,0,0,0,0,16777216,1048576,0,0,0,65536,0,0,0]-[16384,128,0,512,4]
[0,0,0,0,0,64,0,0,0,0,0,0,65536,0,0,0]-[67584,2147485824,128,0,68]
[0,0,1024,0,64,8192,0,16,0,0,0,256,0,0,0,0]-[0,0,0,129,16416]
[0,0,0,16777216,0,0,0,0,0,0,0,0,0,128,0,0]-[268452962,1140850752,2701139970,1283759124,66560]
[0,0,67108864,0,0,0,0,0,0,0,0,0,0,134217728,0,262144]-[0,512,1572864,4,0]
[0,0,0,0,0,0,64,8192,0,0,0,0,0,0,0,0]-[16384,0,524288,4194304,2]
[0,0,0,0,0,0,0,268435456,0,0,0,524288,0,0,33554432,0]-[0,0,2684354560,32,2]
[0,0,0,0,0,64,0,0,0,0,0,0,0,1048576,0,0]-[0,4240,0,0,2]
[0,0,0,0,0,0,0,0,1048576,16777216,4096,0,0,0,0,0]-[262144,0,1073741824,272629760,0]
[0,0,67108864,268435456,0,0,0,0,0,0,0,0,0,0,32768,0]-[4,262144,67108864,0,131072]
[128,0,0,0,0,8388608,0,16,0,0,0,0,0,0,0,0]-[512,262144,0,16777224,0]
[0,0,67108864,1024,0,0,0,0,0,0,0,32,0,0,0,0]-[134217730,16,0,0,2097152]
[0,0,67108864,0,0,0,0,0,0,0,4096,0,0,0,262144,0]-[65536,16777220,33554432,0,0]
[0,0,8192,65536,0,0,0,0,0,0,0,0,0,0,0,0]-[136,0,4608,0,0]
[0,4096,0,0,0,512,0,0,0,0,0,0,0,128,0,0]-[0,0,2147483648,270532608,65536]
[0,0,536870912,0,0,0,536870912,0,16777216,0,0,0,0,0,0,0]-[4,0,8388608,0,1048578]
[0,0,0,0,2097152,0,0,0,0,0,4096,0,1048576,0,0,0]-[1,9,134217728,0,0]
[0,0,0,0,0,0,0,128,0,0,0,0,1048576,0,0,0]-[536887296,2147483648,1610612992,67108864,64]
[0,0,0,0,1,0,0,0,0,0,4096,0,0,0,0,0]-[1090519040,4194304,4096,2304,0]
[0,0,67108864,0,0,0,64,0,1048576,0,536870912,0,0,0,0,0]-[32768,4,0,1048640,0]
[0,0,67109008,0,0,0,0,0,0,0,0,0,0,0,0,0]-[67108864,4,0,2147483648,16]
[0,256,0,0,0,0,0,16,0,0,0,0,1048576,0,0,0]-[0,0,554696704,1,2048]
[0,0,0,0,0,0,0,0,1048576,0,0,0,262144,128,268435456,0]-[16,0,32768,67108864,1024]
[0,0,67108864,0,0,0,0,16,1048576,2097152,0,0,8,128,0,0]-[0,32,0,2097184,1048576]
[0,0,67108864,0,0,0,0,0,1048576,524288,0,0,0,65536,0,0]-[0,536870912,4194304,1048576,64]
[0,0,0,0,131072,0,0,16,0,0,0,4,0,0,0,0]-[0,24576,262144,524288,0]
[0,0,0,0,0,64,0,0,17825792,0,0,0,0,0,0,0]-[50331648,0,4194464,2147486017,192]
[0,0,0,0,0,0,1048576,0,0,0,0,2097152,0,0,0,0]-[0,262145,4194304,0,8]
[0,0,67108864,0,65536,0,0,0,0,0,0,16777216,0,0,0,0]-[0,1,268959744,16,0]
[0,0,67108864,0,0,256,0,0,1048576,0,0,0,0,128,0,0]-[2097160,352387424,548896,2162834,1705152]
[2147483648,0,67108864,0,0,0,0,16,0,0,0,0,0,0,0,0]-[67108864,1,9220,8,0]
[0,0,0,0,0,0,0,0,134217728,0,0,0,0,0,0,1024]-[64,0,2,0,384]
[0,0,67108864,0,0,0,0,2048,0,0,0,0,0,0,32768,0]-[67141696,0,512,4194304,0]
[0,0,0,0,0,0,0,0,1048576,0,4096,16,0,536870912,0,0]-[16384,0,128,33554432,128]
[0,0,67108864,0,0,0,0,16,1048576,0,0,0,1073741824,0,0,0]-[65536,0,48,1026,0]
[128,0,67108864,0,0,64,0,0,0,0,0,0,0,536870912,0,0]-[64,2304,0,2147483712,0]
[0,0,0,0,0,64,268435456,0,0,0,0,0,0,0,0,0]-[18,0,0,8256,0]
[0,0,0,0,0,256,0,0,8192,4096,0,0,0,128,0,0]-[1048576,0,4,4,8192]
[67108864,0,0,0,0,0,0,8,256,0,4096,0,0,0,0,0]-[2048,0,512,32768,8]
[0,0,2048,0,0,0,0,0,16777216,0,0,0,0,0,67108864,0]-[131088,0,0,0,2050]
[128,0,0,0,0,0,0,0,0,4096,0,0,0,0,0,0]-[0,64,67108992,0,262144]
[0,0,67108864,0,0,128,0,8,0,0,0,0,0,0,0,0]-[2,0,0,33587200,128]
[0,0,67108864,512,1,0,0,16,1048576,0,0,0,0,0,0,0]-[0,16,32768,33554448,0]
[0,1048576,67108864,0,0,0,2048,0,0,0,4096,0,0,0,0,0]-[8388608,256,0,512,2097152]
[0,0,0,4096,0,0,0,0,0,0,4096,0,1048576,0,0,0]-[16384,0,0,512,4224]
[0,0,67108864,0,0,0,0,0,0,0,0,0,0,8388608,0,0]-[2323742764,2516893981,1342186016,2168456417,1115202]
[0,0,0,0,0,131072,0,8,0,0,0,0,0,0,0,0]-[0,4194560,4096,0,512]
[0,0,67108864,16,0,0,0,8,0,0,0,0,1048576,0,0,0]-[16777218,0,4096,134217728,0]
[0,0,67108864,0,0,0,64,2147483664,0,0,0,0,0,128,0,0]-[32768,67108864,0,2097216,0]
[0,0,0,0,0,0,0,0,0,8,0,0,0,128,0,0]-[131072,0,2621474,328192,0]
[0,0,0,0,0,524288,0,0,0,0,0,0,262144,128,0,0]-[268435456,536870912,2097152,0,131072]
[0,0,0,0,0,256,0,134217728,0,0,4096,0,1048576,0,0,0]-[268435520,0,65536,67108864,0]
[0,0,0,0,0,0,0,0,0,0,0,0,1048704,128,0,0]-[262144,67108864,0,4096,1024]
[0,0,0,0,0,0,0,0,0,0,0,0,0,67108864,16777216,0]-[302006279,1207964162,2225087490,3169,2162689]
[0,0,67108864,0,32,256,0,0,0,0,0,0,0,0,0,0]-[65536,256,1073807360,2149580800,0]
[0,0,67108928,0,32768,0,0,0,0,0,0,0,0,0,0,0]-[0,16777232,0,262144,2048]
[0,0,0,0,67108864,8192,0,0,0,0,0,0,8,0,0,0]-[33554440,0,1088,1073741824,32]
[0,0,67108864,0,0,0,0,16,0,0,0,0,0,8192,0,0]-[4096,8192,1073741824,16777216,0]
[16,0,67108864,0,0,0,0,0,0,0,0,0,262144,0,0,0]-[12582912,8,0,8,0]
[0,0,0,0,0,0,128,8,0,0,0,0,0,0,0,0]-[0,1048576,1024,0,524289]
[0,0,0,0,0,256,0,16,0,0,0,0,0,1,0,0]-[80,512,0,0,12288]
[0,0,67108864,67108864,0,0,0,0,0,0,4096,0,0,0,0,0]-[0,67108864,16384,1024,2]
[0,0,0,0,0,8388608,0,0,0,0,4096,0,1048576,0,0,0]-[2097216,0,69633,67244800,0]
[0,0,1,0,0,0,0,0,16777216,0,0,0,0,0,0,0]-[0,64,16785408,0,65536]
[0,0,1073741824,0,0,64,0,0,0,0,0,0,0,0,0,0]-[16530,2149583376,528384,524352,36]
[0,0,67108864,128,0,0,0,0,0,268435456,0,2080,0,0,0,0]-[64,0,32,1048576,2]
[0,0,0,0,0,2097152,0,0,0,0,0,0,8,0,0,0]-[0,536870912,8,0,4128]
[0,0,67108864,8,1073741824,0,0,0,0,0,0,0,0,0,0,0]-[0,536875040,0,33554432,0]
[0,0,67633152,0,0,0,0,0,0,0,0,0,0,0,33554432,0]-[0,541065216,0,17039360,0]
[0,0,0,0,0,0,65,0,0,0,4096,0,1050624,0,0,0]-[2097152,0,65552,0,4096]
[0,128,67108864,0,0,0,0,0,0,0,67108864,0,0,0,0,0]-[0,65,73401344,262144,128]
[0,0,0,512,0,0,8320,0,0,0,0,0,0,0,0,0]-[0,0,4,32,1049088]
[16777216,0,67108864,0,0,0,0,0,0,0,0,0,1048832,0,0,0]-[0,16384,0,16,17408]
[0,0,0,0,0,0,0,0,1048576,64,0,0,9437184,0,0,0]-[262144,512,0,33554432,64]
[8388608,0,0,0,0,256,0,0,0,0,0,0,0,0,0,0]-[67248384,302056448,276824129,69468160,0]
[0,0,0,0,0,64,0,0,0,16777216,0,0,0,0,0,0]-[16976,2097152,524288,8912897,196]
[0,0,67108864,0,0,0,0,0,134217728,0,4096,0,0,0,0,131072]-[0,8212,0,8,0]
[0,0,0,65536,0,0,64,0,0,0,0,0,0,0,0,0]-[33619968,4096,2,1090523136,2097152]
[0,0,67108864,2,16,0,0,0,1048576,0,0,0,0,128,0,0]-[33556480,262144,0,4096,0]
[0,0,0,0,0,0,0,0,256,0,0,0,524288,128,0,0]-[1048580,0,524288,512,0]
[67108864,0,0,0,0,0,0,0,0,0,4096,0,0,0,0,0]-[0,64,1073741824,16392,0]
[0,0,1024,4096,0,0,0,0,0,0,0,0,0,128,0,0]-[0,0,147456,4128,0]
[0,0,0,0,0,8192,0,0,1048576,0,4096,8192,0,0,0,0]-[2162944,0,0,128,0]
[0,0,0,0,0,0,0,32,0,0,0,0,0,536870912,0,0]-[1048576,16777221,67241472,1073741840,655360]
[0,0,0,0,0,0,0,0,0,0,0,0,17825792,0,0,0]-[1048576,0,9437185,6,9]
[0,0,0,67108864,0,0,0,0,1048576,0,0,0,0,128,0,0]-[17,1048576,0,32,0]
[0,0,67108864,0,0,0,64,64,0,0,0,0,0,0,0,0]-[0,0,2147483652,17,0]
[0,0,67108864,0,0,0,0,16,0,1048576,0,0,0,0,0,0]-[524288,0,32768,0,1048577]
[0,0,0,0,0,2048,0,0,0,0,0,32,0,0,0,0]-[0,0,0,1074790400,1048578]
[0,0,0,0,0,0,0,0,2,0,4096,0,0,0,0,0]-[268435521,0,411107328,33555592,0]
[0,0,67108864,0,0,256,33554432,0,0,0,0,0,0,0,0,0]-[0,32768,524296,128,0]
[0,0,67108864,0,0,0,2,16,1048576,0,0,0,0,0,0,0]-[2147483648,4,0,2281701376,1048577]
[0,0,0,0,0,256,64,0,0,0,0,32,0,0,0,0]-[0,128,69632,0,4096]
[0,0,67108864,32,0,0,0,0,1048576,0,0,0,0,128,0,0]-[35651585,256,1074266112,34,0]
[0,0,0,0,0,0,0,0,0,2097152,0,0,0,0,0,8192]-[33554432,0,2052,131072,0]
[0,0,67108864,0,0,0,0,0,0,4194304,0,0,8192,0,0,0]-[4,0,8208,65536,0]
[0,0,0,0,0,0,0,0,0,0,131072,0,0,128,0,0]-[268567552,268435488,4,32,524288]
[0,0,0,0,0,0,0,0,16777216,0,0,0,0,0,0,64]-[0,0,128,2147483712,4096]
[0,0,0,0,0,0,524288,0,0,0,0,0,1048576,0,0,0]-[131072,268437505,12583456,2129920,2]
[0,0,67108864,0,0,2048,0,0,1073741824,0,0,0,0,0,0,0]-[0,2359312,0,1,0]
[128,0,0,0,0,0,0,16,1048576,0,4096,0,0,0,0,0]-[262144,262144,0,4227072,0]
[0,0,0,2147483648,0,0,0,0,0,0,33554432,0,0,0,0,0]-[65536,134217728,0,1107296256,0]
[128,134217728,0,0,2048,0,0,8388608,0,0,0,0,0,0,0,0]-[0,0,33554432,2415919112,0]
[2097280,0,0,0,0,256,0,0,0,0,0,0,0,0,0,0]-[16384,0,0,131137,0]
[0,0,67108864,0,0,0,2048,0,1048576,0,0,0,0,128,0,0]-[33554432,256,0,2097664,655360]
[0,0,0,0,0,0,128,0,135266304,0,0,0,0,0,0,0]-[262144,512,33554432,2,0]
[0,0,0,0,8192,0,65536,0,0,0,0,0,0,0,0,0]-[4,0,2,1,16384]
[0,0,67108864,131072,0,8192,0,0,0,0,0,0,0,0,0,0]-[2151677952,32768,0,128,0]
[0,0,67108864,0,0,0,1073741824,0,0,0,4096,0,1048576,0,0,0]-[0,36,0,65792,0]
[8192,0,0,0,0,0,0,0,0,0,0,0,0,128,0,0]-[2051,0,32,268435456,32]
[0,0,0,0,0,0,0,0,0,0,0,32,4096,0,0,0]-[268435456,0,256,1075838976,128]
[0,0,0,0,0,0,0,0,0,0,0,0,0,131200,0,0]-[1024,16777216,131200,262276,2098176]
[0,0,67108864,0,0,0,8192,16,0,0,0,131072,0,0,0,0]-[0,67108864,0,33554448,2048]
[0,0,67108864,0,0,256,0,0,0,0,8192,0,0,0,0,0]-[64,0,65536,256,1]
[0,0,0,0,0,8192,0,8388616,0,1048576,0,0,0,0,0,0]-[4,0,134217728,32768,8]
[0,0,0,0,0,0,64,0,1048576,0,4096,0,0,128,0,0]-[2361344,536870912,1073741952,0,128]
[0,0,67108864,0,0,0,0,0,0,0,4096,0,67108864,0,0,0]-[4160,67117088,16,136,0]
[0,0,67108864,0,0,8388608,0,0,0,524288,0,0,0,0,0,0]-[2097152,64,0,4096,256]
[0,0,67108864,0,128,0,0,0,0,0,0,0,0,0,0,0]-[622596,2149625857,1111560708,18100224,3178625]
[0,0,0,256,0,0,0,0,2048,0,0,0,0,0,0,0]-[4,0,0,33554432,1032]
[0,0,0,0,0,0,0,0,0,0,0,33554432,1048576,0,0,0]-[0,67174402,0,83886592,278528]
[0,0,0,512,1,0,0,0,0,0,0,0,0,128,0,0]-[0,264192,536870945,1621098496,589824]
[2,0,0,0,0,0,0,0,0,0,0,0,0,1024,0,0]-[262144,0,65536,0,524289]
[0,16,0,0,0,0,128,0,0,0,0,0,0,0,0,0]-[0,65536,268435456,131072,512]
[0,0,0,33554432,0,0,0,0,0,0,0,0,1048576,0,0,0]-[285249537,1073865282,1,202510368,9384]
[0,0,67108864,0,0,0,0,0,0,0,4096,32,1048576,0,0,0]-[16777216,32808,0,256,0]
[0,0,67108864,0,0,0,0,8,524288,0,0,0,0,0,0,0]-[1,2097216,1048576,0,16]
[0,0,0,0,16,256,0,0,0,0,4096,0,0,0,0,0]-[256,0,134217728,4,4096]
[0,0,0,0,0,256,64,0,0,65536,4096,0,0,0,0,0]-[2097153,131072,0,131072,0]
[0,0,268435456,0,0,2147491840,0,0,8388608,0,0,0,0,0,0,0]-[32,0,1,268436480,0]
[128,0,0,0,0,0,0,8,17825792,0,0,0,0,0,0,0]-[16384,256,0,32768,64]
[0,0,0,33554432,0,0,0,0,0,0,33554432,0,1048576,128,0,0]-[131072,335609856,0,0,1024]
[0,8320,0,0,0,262144,0,0,0,0,0,0,0,0,0,0]-[136,0,2097152,32768,0]
[0,0,0,0,0,0,0,0,4194304,0,0,0,262144,0,0,0]-[268436480,67379712,0,128,8192]
[2048,0,67108864,0,0,256,0,0,0,0,0,0,0,0,0,0]-[2097152,2048,0,16777216,524416]
[0,0,0,0,67108864,0,0,0,0,0,4,0,0,0,0,0]-[2147483648,0,67108864,33554432,4096]
[128,0,0,0,0,0,0,0,0,0,4096,0,1048576,128,0,0]-[281153,1,8388608,67108992,32800]
[0,0,67108864,0,0,0,0,0,0,0,4096,0,0,128,0,512]-[2097216,536871232,0,69632,65536]
[0,0,0,4194304,0,64,0,0,0,134217728,0,0,0,0,0,0]-[8320,524288,8388608,0,0]
[8388608,0,0,0,0,0,2048,0,0,0,0,0,0,0,0,0]-[8192,32,4096,0,2]
[0,0,67108864,0,0,0,0,0,0,0,0,0,0,0,524288,0]-[71335936,2701430785,554764,2182095054,3074]
[0,0,0,0,16,0,0,0,0,0,0,0,0,256,0,0]-[0,128,0,16777216,32772]
[0,2097152,0,0,0,0,0,16,0,0,0,0,0,0,0,0]-[16785425,0,2097184,268437504,8241]
[0,0,0,0,0,0,0,0,1048576,0,0,0,67108864,128,0,0]-[2097152,0,524417,0,0]
[0,0,0,262144,0,0,0,0,0,0,0,0,1048576,536870912,0,0]-[1073741824,8192,32,2048,0]
[0,0,67108864,0,0,0,0,0,134479872,0,0,0,1048576,0,0,0]-[0,2048,0,4352,1024]
[0,0,0,0,0,0,0,2097160,1048576,0,0,0,0,0,0,0]-[0,16384,2144,0,0]
[0,0,0,0,0,0,0,0,0,1024,0,131104,0,0,0,0]-[33554432,268435456,4194306,0,0]
[128,0,0,0,0,128,0,0,0,0,0,0,0,0,0,0]-[67125312,66560,536870912,16777216,0]
[0,0,0,0,0,0,0,0,134217728,0,0,4,0,0,0,0]-[16777344,0,1,262146,0]
[128,0,0,2048,0,0,0,256,0,0,0,0,0,0,0,0]-[512,0,8388608,5242880,0]
[1073741824,0,67108864,0,0,0,0,0,0,0,0,0,0,512,0,0]-[4096,0,268435456,2097152,4]
[0,0,0,0,0,0,0,0,1048576,0,0,32,1048576,128,0,0]-[163840,1048576,0,2097168,8384]
[0,0,0,0,0,0,0,0,134225920,0,0,0,0,0,0,0]-[67108864,128,14,66304,0]
[0,0,0,0,0,256,8192,0,0,0,0,0,0,0,0,64]-[0,128,150994944,2048,0]
[0,0,0,0,536870912,0,0,0,0,0,0,0,0,0,33554432,0]-[0,128,0,64,526338]
[0,0,0,0,0,0,0,0,0,0,8,0,0,0,8192,0]-[134217728,0,2147516416,1073741824,0]
[0,0,0,0,0,0,0,0,0,0,8388608,0,1048576,0,0,0]-[25165888,3145744,270336,2112,262146]
[0,0,67174400,0,0,0,0,536870912,0,0,0,0,0,0,0,0]-[0,8200,1114112,0,0]
[0,0,0,0,0,0,2147483648,0,134217728,0,0,0,0,0,0,0]-[5373952,0,33554432,262144,0]
[128,0,0,0,0,8192,8192,0,0,0,0,0,0,128,0,0]-[33554432,0,536870912,65552,0]
[0,0,0,0,67108864,2147491840,0,0,0,0,0,0,0,0,0,0]-[2147483648,0,0,0,4384]
[0,0,0,0,33554432,0,0,0,0,0,0,0,0,0,33554432,0]-[128,0,2,272,0]
[0,0,0,0,0,0,0,0,0,16777216,0,0,1048576,16384,0,0]-[4096,4,0,16777216,8192]
[128,0,0,0,0,64,0,16,0,0,0,0,0,0,0,0]-[16448,0,0,65,32]
[0,0,0,0,0,0,0,16,16777216,0,0,0,1048576,0,0,0]-[562036736,269550113,536871746,2451571137,28832]
[0,0,67108864,2048,0,0,0,0,1073741824,0,0,0,0,0,0,0]-[2097152,2359296,0,1024,0]
[64,0,0,0,0,0,0,0,0,0,4096,0,0,0,0,0]-[262464,4325696,33554432,33570816,2097184]
[0,0,0,0,0,0,0,16777216,0,0,0,0,0,2,0,0]-[1024,32,65536,0,512]
[0,0,0,0,0,0,0,17039360,0,0,0,0,0,0,0,0]-[0,0,9216,67108864,256]
[0,0,0,0,0,0,0,0,65536,0,0,0,0,536870912,0,0]-[134217728,128,0,537001984,0]
[0,0,0,0,0,0,8388608,8,0,0,4096,0,0,128,0,0]-[16384,256,0,262148,0]
[128,0,0,0,0,0,0,0,16777280,0,0,0,0,0,0,0]-[4194304,256,0,268435456,4096]
[128,0,0,0,0,0,0,0,1,0,0,0,1048576,0,0,0]-[4194304,0,8388608,32768,131072]
[0,0,0,0,0,0,64,0,0,0,0,0,256,0,0,0]-[268437504,524296,262144,16777984,655372]
[0,32,0,0,0,0,0,0,134217728,0,0,0,0,0,0,0]-[262144,2105344,131072,0,0]
[0,0,0,0,0,0,0,0,0,0,4352,0,0,128,0,0]-[2097152,131072,0,67108992,0]
[128,0,0,0,1073741824,0,0,0,0,0,0,0,0,536871040,0,0]-[0,65536,131072,0,524352]
[128,0,100663296,0,0,0,0,0,0,0,0,0,0,0,0,0]-[67108864,0,0,2147516416,524288]
[0,0,0,0,0,0,0,0,1048576,0,0,0,0,0,128,4096]-[32,524288,131072,0,262144]
[0,0,0,0,4,536870912,0,0,0,0,0,0,0,0,0,0]-[512,16777728,524288,0,0]
[0,0,0,0,0,0,0,0,0,0,4096,0,0,0,268435456,0]-[268451840,139268,576,3288351744,165888]
[0,0,0,0,0,64,0,0,0,0,4096,0,0,1073741824,0,0]-[524288,0,64,4,2097152]
[0,0,67108864,0,0,0,0,0,1048576,64,0,0,0,0,0,0]-[2097152,544,38273024,33558914,131140]
[0,128,0,0,0,64,0,0,134217728,0,0,0,0,128,0,0]-[268435456,1048576,8388608,0,128]
[0,0,67108864,0,0,0,0,0,0,0,0,65536,0,536870912,0,0]-[0,520,32,4,0]
[0,0,0,0,67108864,0,0,0,0,0,4096,0,0,536870912,0,0]-[0,20,66176,0,2097152]
[0,0,8388608,0,0,0,0,0,2,0,0,0,1048576,0,0,0]-[0,2050,0,2147483656,0]
[16777216,0,67108864,0,0,0,0,8,16777216,0,0,0,0,0,0,0]-[0,0,16896,0,192]
[262144,0,0,0,0,256,0,0,0,0,0,0,0,0,0,0]-[67108864,8388608,16842752,2097412,1024]
[0,0,0,0,0,256,0,0,0,0,0,0,536870912,0,0,0]-[67108864,66560,0,67108864,0]
[0,65536,0,0,0,0,0,0,134217728,0,0,0,0,0,0,0]-[2048,0,2,0,16392]
[0,0,67108864,0,0,0,0,0,0,0,4194304,0,0,8192,0,0]-[0,131072,540672,0,1]
[0,0,0,0,8192,0,0,0,0,0,0,0,0,128,0,0]-[262150,512,2175795234,102408,4128]
[0,0,0,0,0,0,0,0,0,0,536870912,0,0,65536,0,0]-[1107296256,0,0,0,8200]
[262144,0,67108864,0,0,0,0,0,0,0,0,0,0,128,0,0]-[524328,2048,524288,33555976,4]
[0,0,0,0,0,8192,0,0,0,0,0,0,1052672,0,0,0]-[16777218,0,134217728,0,2]
[0,0,512,0,0,0,0,0,0,0,0,0,0,128,0,0]-[302252544,8650752,536870912,65616,8224]
[0,0,0,16777216,0,0,0,8,0,0,0,0,0,0,0,0]-[268435456,0,32768,128,4096]
[0,0,67108864,0,0,0,0,0,0,0,0,0,536870912,128,0,0]-[2097152,2181316609,2147483652,1,0]
[0,0,0,4,0,0,8192,0,0,0,0,0,0,0,0,0]-[33554432,0,0,16,2080]
[0,0,0,0,0,0,0,8,0,0,0,32,134217728,0,0,0]-[1,0,64,2147483648,2097152]
[33554432,0,0,0,0,0,0,16,0,256,0,0,0,0,0,0]-[4194305,0,0,537001984,0]
[0,0,0,0,0,0,0,0,0,0,0,0,262144,268435456,0,0]-[256,16777216,128,0,524288]
[0,0,67108864,0,0,0,2048,0,0,0,0,0,0,0,4,0]-[0,16384,268435456,32768,2097152]
[0,0,0,0,0,0,0,0,0,0,0,0,131072,0,0,131072]-[1073741824,134217984,0,0,32]
[0,0,0,0,0,0,0,0,1024,0,0,0,0,0,32768,0]-[2147483648,8396800,0,0,32768]
[0,0,0,0,0,0,0,0,4096,0,0,0,0,128,0,0]-[269533697,553648129,36,1342179472,2097156]
[0,0,0,0,0,0,0,0,1048576,0,0,0,0,16384,0,0]-[16777600,542130176,8693760,1074790402,1024]
[0,0,0,0,0,0,0,0,134217728,0,0,0,1048576,8,0,0]-[0,1048576,0,16400,64]
[0,0,0,0,0,64,0,0,1048576,0,0,0,2097152,0,0,0]-[0,512,8388608,524352,0]
[0,0,0,0,0,0,0,16,134217728,512,0,0,0,0,0,0]-[268453888,8388608,6,16,16393]
[0,4096,67108864,0,0,0,0,16,536870912,0,0,0,0,0,0,0]-[64,0,2048,384,0]
[0,0,0,0,0,0,0,0,0,0,0,0,262272,0,0,0]-[0,16777218,128,0,1024]
[262144,0,0,33554432,0,0,0,0,0,0,4096,0,0,0,0,0]-[0,33554436,0,128,4096]
[0,0,0,0,0,0,0,0,0,0,393216,32,0,0,0,0]-[0,0,67584,16,8192]
[0,0,67108864,0,0,32,0,8,0,0,0,0,0,536870912,0,0]-[6,0,0,33554432,128]
[0,0,0,0,0,8192,0,1024,0,0,0,0,0,0,0,0]-[16388,32784,8390656,163840,0]
[0,0,0,0,0,0,8192,0,0,0,0,4194304,0,0,0,0]-[4194304,2048,0,0,12288]
[0,0,0,0,0,0,0,0,1048576,0,128,0,0,0,0,0]-[16793984,0,1090519041,2105360,257]
[0,0,67109888,0,0,8192,0,0,0,0,0,0,0,0,0,0]-[134217734,16777224,2626048,65568,256]
[0,0,16384,0,0,0,0,0,0,0,0,0,262144,0,0,0]-[268959744,4,0,0,1024]
[0,0,256,0,0,0,0,0,0,0,0,0,0,536870912,0,0]-[1073741824,262144,2359296,0,0]
[0,0,67108864,0,0,256,0,8,1048576,0,0,0,0,0,0,0]-[1,0,8,8192,524288]
[0,0,67108864,0,2048,0,0,16,0,0,0,0,0,0,0,0]-[0,268439552,0,2147483680,0]
[0,0,268435456,0,0,8388608,0,0,0,0,0,0,0,0,0,0]-[136314880,0,131072,256,0]
[0,0,0,0,0,64,0,0,0,0,4096,0,1048576,0,0,0]-[1367409217,33587217,1082135057,135808,32800]
[0,0,0,0,0,8192,0,0,0,0,0,0,65536,0,0,0]-[65536,0,68,327680,128]
[0,0,67108864,0,0,0,0,512,0,0,4096,0,0,0,0,0]-[64,0,1073741824,0,16386]
[0,0,67108864,0,0,0,0,0,0,0,0,0,134217984,0,0,0]-[2147483648,4194304,532480,262144,0]
[0,0,67108864,0,0,0,0,268435472,8388608,0,0,0,32768,536870912,0,0]-[64,0,0,336,0]
[0,0,128,0,0,0,0,8388608,0,0,0,0,0,0,0,0]-[8,4,134217728,1048576,0]
[0,0,67108864,0,0,0,0,0,0,0,4096,0,0,4,0,0]-[65536,64,65536,4,0]
[0,0,16,0,0,64,0,0,0,0,0,8388608,0,0,0,0]-[1140850688,4,1048576,0,0]
[0,0,0,0,0,0,0,0,134217728,0,0,0,0,0,131072,0]-[81936,536871177,2097152,1358954496,256]
[0,0,1024,0,0,0,0,0,0,0,0,0,256,0,0,0]-[1073741824,0,541069312,268435456,2097186]
[0,0,0,0,0,1,0,0,0,0,0,0,0,536871040,0,0]-[16384,16777216,0,16,4]
[0,0,67108864,0,0,16,0,0,0,0,0,0,1048576,0,0,0]-[134250560,16809996,8,1,2114]
[0,0,67108864,0,0,0,2097152,0,0,0,0,262144,0,0,0,0]-[0,0,37748736,16785408,0]
[0,0,0,0,0,0,0,0,0,0,32768,0,1048576,0,0,0]-[128,0,65536,1048576,64]
[536870912,0,0,0,0,0,0,0,0,0,0,0,1310720,0,0,0]-[1048576,0,33554432,67108864,65536]
[0,2,0,0,0,0,0,0,1048576,0,0,0,0,0,0,0]-[16778240,1233649682,344080,3344,524288]
[0,0,0,0,0,0,0,0,0,0,0,0,0,2147483648,0,2048]-[131072,524288,0,4096,32768]
[0,0,0,0,256,0,0,0,1048576,0,524288,0,1048576,0,0,0]-[131072,0,17,16,0]
[0,8388608,0,0,0,0,0,0,0,0,0,0,262144,0,0,0]-[0,0,34603010,0,524288]
[0,0,0,0,0,0,64,16,0,0,0,0,0,0,0,4096]-[0,0,0,2048,1310721]
[0,0,67108864,0,0,0,0,0,1056768,0,4096,0,0,128,0,0]-[0,65536,32,2097152,4]
[0,0,1024,0,0,64,0,0,0,0,0,0,0,128,0,0]-[0,65536,0,1140916224,0]
[128,0,0,0,0,0,32768,0,0,0,4096,0,0,0,0,0]-[0,0,8404992,131072,4096]
[0,0,0,0,0,0,0,2048,134217728,0,0,0,0,0,0,0]-[0,532480,512,0,1048576]
[0,0,67108864,0,0,0,0,0,16777216,67108864,0,32,0,0,0,0]-[3,2147483648,256,0,0]
[0,0,0,0,0,8192,0,0,17825792,0,0,0,0,0,0,0]-[4718592,2147483648,537133120,1,4096]
[0,0,0,268435456,0,0,0,0,1024,0,0,0,0,0,0,0]-[0,512,524288,0,393216]
[0,0,0,0,0,0,8192,0,1050624,0,0,0,0,0,0,0]-[33554432,256,64,2048,0]
[0,0,16384,0,0,0,0,0,0,1024,0,0,0,128,0,0]-[8,0,2147483776,0,64]
[0,0,0,0,0,0,0,16777216,0,0,0,0,0,0,268435456,0]-[4194304,0,524288,71303168,0]
[0,0,0,0,0,64,0,16777216,0,0,0,0,0,1073741824,0,0]-[524296,0,64,0,2097152]
[0,0,67108864,0,0,0,0,4194304,0,0,0,0,0,4096,0,0]-[4,0,1107296256,0,32768]
[0,0,0,0,0,0,0,512,1048576,0,0,0,0,128,0,0]-[128,0,1073741825,2048,0]
[0,0,16777216,0,0,0,0,0,0,0,0,0,0,536871040,0,0]-[0,1,128,1073741888,0]
[0,0,0,0,0,0,8192,16,0,0,0,0,0,128,0,0]-[269762561,1310817,12320772,538968192,2359296]
[0,0,67108864,0,0,0,16384,0,0,0,0,0,0,268435456,0,0]-[32,262656,0,64,0]
[0,0,0,0,256,8192,0,0,0,0,0,0,0,0,0,0]-[33619968,0,8388608,16777216,0]
[0,0,0,0,262144,0,0,0,0,2,0,0,0,0,0,0]-[512,524288,1,4,0]
[0,0,67108864,0,128,0,0,0,0,0,4096,0,1048584,0,0,0]-[0,0,65536,0,2097282]
[0,0,0,16777216,0,0,0,0,0,0,4096,0,8,128,0,0]-[0,0,2148007938,0,1024]
[0,0,0,0,0,0,0,0,131072,0,0,0,1048576,0,0,0]-[0,33554440,1,2097152,0]
[0,0,0,0,0,0,64,0,1048576,0,0,0,8,0,0,0]-[33556481,532,0,1610612736,0]
[0,0,67108864,256,0,0,64,0,1048576,0,0,0,0,0,33554432,0]-[0,536870916,0,4194368,0]
[0,0,0,0,0,0,0,0,134217984,0,0,0,0,0,0,0]-[0,268435520,25166080,0,147712]
[0,0,67108866,0,0,0,0,0,0,0,4096,0,0,0,0,0]-[64,67117056,0,0,2097152]
[0,0,67108864,4096,0,0,0,0,1048576,0,0,0,0,0,0,0]-[0,0,0,33088,64]
[0,0,67108864,0,0,64,0,0,0,524288,0,0,0,0,0,0]-[64,2064,0,524352,0]
[0,0,67108864,0,0,0,0,0,134217728,134217728,0,0,8388608,0,0,0]-[134217760,4096,524288,0,0]
[0,0,67108864,0,67108864,0,0,0,0,0,0,0,0,0,0,4]-[0,0,1107312640,1,0]
[0,128,0,0,0,256,0,0,0,0,0,0,0,0,0,0]-[336724288,9441920,1352990800,268703744,12544]
[0,128,67108864,0,0,0,0,0,0,0,0,0,0,128,0,0]-[35684366,2772714768,339238932,3412564,2326532]
[0,0,67108864,0,0,8388608,0,0,1048576,0,0,0,0,0,0,0]-[0,16416,0,524352,1044]
[0,0,67108864,0,0,0,134217728,16,0,0,0,0,0,0,0,0]-[0,4202496,4,9216,0]
[0,64,0,0,0,0,0,0,1049600,0,0,0,0,128,2048,0]-[0,1073741824,32768,67108864,64]
[128,0,67108864,0,0,0,0,0,0,0,524288,0,0,0,0,0]-[0,0,1024,18,131072]
[0,0,67108864,0,0,256,0,0,0,0,0,0,0,8,0,0]-[8,0,1024,8194,0]
[0,0,2048,0,16384,0,0,0,0,0,0,0,262144,0,128,0]-[0,1610620928,0,0,2]
[536870912,0,67108864,0,0,0,0,0,1048576,0,4096,0,0,0,0,0]-[2097152,4456448,0,1024,0]
[0,0,0,536870912,0,0,0,16,0,0,0,0,0,0,0,0]-[0,0,2048,192,262144]
[0,0,0,0,0,64,0,0,0,0,4096,16777216,0,0,0,0]-[2147491840,0,0,2147483648,4]
[0,0,67108864,32,0,0,0,8,1048576,0,0,0,0,0,0,0]-[2048,0,0,35651584,64]
[0,4096,0,16,0,0,64,0,0,0,0,0,0,0,0,0]-[0,134225920,0,65536,2097152]
[0,0,16777216,0,0,0,0,0,1048576,0,0,0,0,0,65536,0]-[0,570425344,0,1024,8192]
[0,0,0,131072,0,0,8192,0,0,0,0,0,0,0,0,0]-[2147483648,131072,335544320,0,32]
[0,0,1073741824,0,0,8192,0,0,0,0,0,0,0,0,0,0]-[134217728,0,134217728,16,2]
[0,0,67108864,0,131072,256,0,16,0,0,0,0,0,0,0,0]-[524288,67108864,256,0,128]
[0,0,0,0,0,256,8,0,0,0,0,0,0,0,16,0]-[1024,4096,0,268437504,0]
[0,0,67108864,0,0,0,0,2147483648,0,0,4096,0,0,0,0,0]-[16777280,4325440,33554432,33554432,2097152]
[0,0,67108864,0,0,0,0,0,0,0,0,0,16777216,0,0,0]-[234979336,84348928,34719748,20984070,1147011]
[0,0,0,0,0,0,0,8,0,0,131072,0,0,0,0,0]-[0,131072,0,0,66176]
[0,0,0,0,0,0,0,8,0,0,0,0,1048576,32,33554432,0]-[0,0,134217728,136314880,8]
[0,0,0,0,0,8192,0,0,0,16777216,0,0,0,0,0,0]-[0,48,32,131072,0]
[0,0,0,0,0,8192,0,0,0,0,0,8,0,0,0,0]-[33554434,0,0,0,4224]
[0,0,2147483648,0,0,0,0,0,0,0,0,16777216,0,0,0,0]-[0,67239936,1024,0,4096]
[0,0,0,0,0,0,0,256,134217728,0,0,0,0,128,0,0]-[268435456,537919808,538968064,0,0]
[0,384,67108864,64,0,0,0,0,0,0,0,0,0,0,0,0]-[0,33554432,4,12288,0]
[128,0,67108864,2,0,1024,0,0,0,0,0,0,0,0,0,0]-[0,2304,33554432,0,16]
[0,8192,0,0,0,0,0,0,0,0,4096,0,0,0,0,0]-[0,17305600,268476416,67371008,0]
[0,0,0,0,0,0,0,0,1048576,0,0,0,1310720,0,0,0]-[287523200,1108365478,1644167185,2220884240,1647878]
[0,0,0,0,0,0,0,0,64,0,0,0,256,0,0,0]-[0,0,263168,0,1025]
[0,0,0,0,0,0,8192,0,4,0,4096,0,1310720,0,0,0]-[16384,32768,33554432,0,2]
[0,16,0,0,0,0,0,0,0,0,0,0,8,0,0,0]-[0,8,1073741824,0,4112]
[0,0,67108864,0,0,8448,0,0,134217728,0,0,0,0,0,0,0]-[0,32768,524288,65664,0]
[0,0,67108864,0,8,0,0,0,0,0,4096,0,0,0,0,0]-[524289,272,33558528,512,81920]
[262144,1073741824,0,0,0,256,0,0,0,0,0,0,0,0,0,0]-[8192,0,4096,67108864,4096]
[0,0,0,0,0,0,67108864,0,0,0,0,0,262144,0,0,0]-[256,8192,0,65536,1024]
[0,0,2147483648,0,0,0,0,0,0,0,0,0,0,0,0,128]-[536870913,0,0,8,512]
[0,0,0,0,0,0,0,0,0,0,4096,0,1048576,0,8,0]-[268713984,4,167772176,33554432,0]
[0,0,0,16777216,0,256,0,0,0,0,0,0,1048576,0,0,0]-[268697604,34603008,2097152,67633184,4608]
[0,0,67108864,0,0,0,0,0,17825792,0,0,0,0,0,268435456,0]-[0,0,524288,4194304,1025]
[0,0,83886080,0,0,0,0,0,0,0,4096,0,262144,0,0,0]-[2097152,536870912,33554432,66816,2]
[0,0,67108864,16777216,0,0,0,0,0,0,0,0,1048576,128,0,0]-[66,0,0,4096,1024]
[0,0,0,0,0,0,0,8388608,0,0,0,0,1048576,0,0,0]-[1343242436,1069088,33566722,2164293888,266338]
[0,0,0,0,0,0,512,0,1048576,0,4096,0,0,0,0,0]-[268435456,2164260928,0,0,0]
[0,0,1048576,0,0,0,8192,0,0,0,0,0,0,0,0,0]-[8192,536870912,0,4160,0]
[67108864,0,0,0,0,2048,0,0,0,0,0,0,0,0,0,0]-[0,67117056,536870912,8388608,0]
[0,0,0,0,0,0,0,0,0,0,1,32,1048576,128,0,0]-[33554944,0,0,262272,0]
[0,0,67108864,0,0,256,0,0,0,0,524288,0,0,0,0,0]-[0,65536,16,4,131072]
[8,8192,0,0,0,8192,0,0,0,0,0,0,0,0,0,0]-[2168455168,0,0,8388608,0]
[0,67108864,0,0,0,0,0,16,1048576,0,0,0,0,0,0,0]-[16,16,0,96,0]
[0,0,67108864,2097152,0,0,0,0,1048576,0,0,32,0,0,0,0]-[0,0,557088,8192,0]
[0,0,0,0,0,0,0,0,0,128,0,16384,0,0,0,0]-[67108896,4,262144,0,0]
[0,0,262144,0,0,0,8192,16,0,0,0,0,0,0,0,0]-[0,0,4096,67108864,2064]
[0,0,67108928,0,0,1048576,0,0,0,0,0,0,0,0,0,0]-[0,536870912,65536,4096,1024]
[0,0,0,0,0,0,0,0,1048576,0,16777216,0,1048576,0,0,0]-[256,268435968,17039360,514,131072]
[0,0,0,1073741824,0,0,0,0,1048576,0,0,0,1048576,0,0,0]-[131073,268500992,4194304,2147483648,8320]
[0,8,0,0,0,0,0,0,0,0,0,0,0,160,0,0]-[0,557056,0,8192,2048]
[0,0,67108864,0,0,0,0,16,1048576,0,0,0,8,0,0,0]-[0,268501520,0,33558656,16]
[0,0,67108864,0,0,0,65536,0,0,0,0,0,0,0,33554432,0]-[32,603981824,0,0,0]
[0,0,0,256,0,0,0,0,0,0,0,0,1048576,0,0,0]-[2459963904,8388610,12288,136380416,233568]
[0,0,0,0,0,0,8192,0,0,1,0,0,0,128,0,0]-[0,0,4,65600,32]
[0,0,0,0,0,0,0,0,0,4,0,0,0,536870912,0,0]-[16,4356,0,0,0]
[0,128,67108864,0,16777216,0,0,0,0,0,0,0,0,0,0,0]-[526336,2147483648,0,0,4]
[128,0,0,0,0,256,0,0,1048576,0,0,0,0,0,0,0]-[1074151696,276824448,562062408,2567106643,655696]
[128,0,0,0,0,0,0,0,32768,0,4096,0,0,0,0,0]-[0,33554496,0,0,32776]
[128,0,67108864,0,0,0,0,0,1048576,0,0,0,0,128,0,0]-[33556480,268763392,33595392,1048819,655684]
[0,0,0,0,67108864,0,0,0,0,0,67108864,0,0,0,0,0]-[16384,0,268435584,0,4]
[0,0,67108864,0,0,0,0,67108864,0,0,0,0,0,0,0,0]-[34816,17088512,268438528,18878985,2097153]
[0,0,16777216,0,0,0,0,16,1048576,0,0,0,0,0,0,0]-[268502016,262146,263168,0,64]
[128,0,0,0,0,64,0,0,134217728,0,0,134217728,0,128,0,0]-[18432,2048,8388608,0,0]
[0,0,0,8192,0,0,0,0,0,0,0,0,1048576,0,0,0]-[516,0,285212672,536870977,512]
[0,0,1,0,0,0,0,16,0,0,69632,0,0,536871040,0,0]-[6,0,0,1073741824,524288]
[0,0,16777216,0,0,0,0,524288,0,0,0,0,1310728,0,0,0]-[268435456,0,33554432,0,1026]
[0,0,0,0,0,8192,0,0,1048576,0,0,16384,0,0,0,0]-[65536,0,786432,0,128]
[0,0,0,0,0,256,0,0,1048576,0,16384,0,0,0,0,0]-[2147549440,0,0,134217728,0]
[0,0,0,0,4,0,0,0,0,0,4096,0,0,0,0,0]-[18944,2147484700,8392720,67371008,65570]
[0,0,67108864,0,0,0,0,16,0,0,0,0,0,536870912,0,0]-[64,268507157,1050112,2181038160,147648]
[0,0,0,0,131072,0,0,0,0,0,4096,0,0,0,0,0]-[18688,8212,0,16896,4096]
[0,0,0,0,0,8192,0,0,0,0,4096,524288,0,128,0,0]-[0,65,16384,2048,0]
[128,0,67108864,0,67108864,8388608,0,0,1048576,0,0,0,0,0,0,0]-[0,65536,33554432,16,524288]
[0,0,0,0,67108864,256,0,0,0,0,0,0,262144,0,0,0]-[0,8192,0,67108864,8448]
[0,0,16777216,0,32768,0,0,16,0,0,0,0,256,128,0,0]-[0,268435456,32768,0,1048608]
[0,0,16777216,0,0,0,0,0,134217728,0,0,0,1310720,0,0,0]-[0,2051,0,0,1024]
[0,524288,0,0,0,8192,0,0,0,0,0,0,0,0,0,0]-[4194304,268435456,0,0,16416]
[2147483648,0,0,0,0,0,64,0,0,0,0,0,0,0,0,0]-[83887104,0,268444672,0,270336]
[128,0,67108864,0,32,0,0,0,0,0,0,0,0,0,0,0]-[67108896,536875008,524288,8208,256]
[0,0,2,0,0,0,0,0,0,0,0,0,0,536871040,0,0]-[1048576,256,0,16,64]
[0,0,268435456,0,0,256,0,0,0,0,0,0,0,128,0,0]-[0,0,131073,268435456,1024]
[0,0,67108864,0,0,0,0,0,0,524288,0,0,0,0,8,0]-[16777224,0,0,512,1024]
[0,0,0,0,0,1,0,0,0,0,0,0,1048576,128,0,0]-[512,0,2,64,524288]
[0,0,0,4194304,0,0,0,0,0,0,0,0,0,0,0,32]-[532480,0,64,0,1]
[0,262160,0,0,0,0,0,0,0,0,0,0,0,0,0,0]-[0,0,2214592512,16777216,512]
[0,0,0,0,0,0,0,16,0,0,0,0,0,4,268435456,0]-[0,524288,2147485696,0,2048]
[0,0,0,0,0,0,0,0,262144,0,0,0,1048576,0,0,0]-[2148536644,344064000,152059920,2138112,1181706]
[0,0,0,0,0,0,64,0,1048578,0,0,0,0,0,0,0]-[32768,536871044,0,0,0]
[0,0,67108864,0,0,0,0,16,1048576,0,131072,0,0,0,0,0]-[32768,268435456,0,33,0]
[0,0,67108864,0,67108864,0,0,0,4,0,0,0,0,0,0,0]-[4194304,67125248,0,512,0]
[0,0,0,0,0,4194304,0,0,134217728,0,0,0,1048576,0,0,0]-[536870912,67584,0,0,8]
[0,0,67108864,0,0,0,0,0,0,0,4096,16,0,0,0,0]-[2113,537165833,65536,295168,0]
[0,67108864,0,0,0,0,0,0,0,0,0,0,1048576,128,0,0]-[0,268437504,1,134217728,0]
[0,0,67108864,0,16,0,0,0,135266304,0,4096,0,0,0,0,0]-[2048,262144,0,4352,0]
[0,0,67108864,0,0,0,0,16,0,0,64,0,0,0,0,0]-[32768,32,512,0,128]
[0,0,0,0,0,0,0,0,0,0,0,0,136,0,0,0]-[33554432,67108864,578,132096,1024]
[0,0,0,0,0,0,0,0,0,0,256,32,0,0,0,0]-[536870912,0,131072,33555456,0]
[0,0,67108864,0,0,0,0,16,0,0,0,0,0,0,0,64]-[0,4,1081344,128,0]
[0,32,0,0,0,0,0,0,0,0,0,32,0,0,0,0]-[1,33554432,0,1073741824,2097152]
[0,0,0,0,0,0,0,524288,67108864,0,0,0,0,0,0,0]-[1282,0,4,0,0]
[0,0,67108864,0,0,0,0,0,0,0,0,0,0,0,2048,0]-[2219311106,385929729,304156672,2182185105,2821505]
[0,0,67108864,0,0,0,0,4194304,0,0,4096,0,0,0,0,0]-[1,1032,0,1032,16384]
[0,0,67108864,0,0,0,64,0,0,0,33554432,0,0,0,0,0]-[2097153,537001992,67108864,1572864,2048]
[0,0,0,0,0,256,0,0,0,0,0,0,128,0,0,0]-[335609856,8396800,268435520,0,4161]
[0,0,16777216,0,0,0,0,0,0,0,0,0,1048576,128,0,0]-[269485056,268437505,2367490,1073807432,1057952]
[0,0,0,0,0,0,0,0,0,0,4096,0,268435456,0,0,0]-[1092636673,16777257,193,4604032,0]
[0,0,0,0,0,0,0,16,0,0,8,0,1048576,0,0,0]-[0,0,16779520,2048,0]
[0,0,0,0,0,0,0,0,134217728,0,0,8388608,0,128,0,0]-[528,256,0,16,0]
[0,0,0,0,0,0,64,0,0,0,0,0,0,8192,0,0]-[16384,131200,524288,0,0]
[1073741824,0,67108864,0,67108864,0,0,0,0,0,0,0,0,0,0,0]-[4194304,4,4096,1049088,0]
[128,0,0,0,0,0,64,0,0,0,0,32,0,0,0,0]-[1048576,0,67633152,0,2]
[0,0,67108864,134217728,0,0,0,0,1048576,0,0,0,0,0,0,0]-[0,2147483648,0,16842752,2048]
[0,0,67108864,0,0,0,0,0,134217728,0,0,0,0,0,0,2048]-[32801,0,0,1024,0]
[0,1,0,0,0,0,0,0,0,0,0,0,262144,0,0,0]-[0,4096,536871168,1024,0]
[0,0,0,0,0,8192,0,0,0,0,0,0,0,0,0,32]-[0,4100,134742016,0,0]
[0,0,0,0,536870912,256,0,0,0,0,0,0,0,128,0,0]-[1048576,0,8388608,0,139264]
[0,0,67108864,0,0,262144,0,0,0,0,0,0,0,0,0,0]-[2323746888,2214730265,1113594368,2315858850,543892]
[0,0,67108864,0,0,0,0,0,3145728,0,0,0,0,0,0,0]-[0,0,32,33555456,64]
[0,0,0,0,0,0,0,0,1048576,0,0,16,0,128,0,0]-[33556481,269484032,128,1073741824,524288]
[0,0,0,0,0,134217728,0,0,1048576,0,4,0,0,0,0,0]-[2147483648,128,2048,4194304,0]
[0,0,0,0,0,256,0,0,0,1024,0,0,262144,0,0,0]-[268435712,0,2097153,0,0]
[0,0,67108864,0,0,0,0,0,0,0,0,0,16384,0,0,0]-[2257096780,2969719120,335617048,2304836161,1755203]
[0,0,0,0,0,8192,64,0,0,0,0,0,0,128,0,0]-[33554438,0,537133056,1073807360,32]
[0,0,0,0,0,0,0,0,0,0,4160,0,131072,0,0,0]-[2048,2147483648,4096,268435456,0]
[0,0,0,0,67108864,0,0,0,0,0,4096,0,0,0,8192,0]-[256,16777216,1,128,0]
[0,64,0,0,33554432,0,0,0,1048576,0,0,0,0,128,0,0]-[0,0,0,603979776,1088]
[2,0,0,0,0,0,64,0,0,0,0,0,0,0,0,0]-[2097152,0,640,1048576,0]
[0,0,0,536870912,0,0,8192,0,0,0,0,0,0,128,0,0]-[0,16908288,4,268435456,0]
[0,0,67108872,0,0,0,0,0,0,0,32768,0,0,0,0,0]-[8,0,516,65536,0]
[0,0,0,0,0,0,64,0,0,1048576,0,0,0,0,0,0]-[2048,134610954,1209040928,16384,22664]
[0,0,0,268435456,0,0,0,0,0,0,0,32,0,0,0,0]-[536870912,0,33554432,1107296256,0]
[0,0,0,0,33554432,256,0,0,0,0,0,0,0,128,0,0]-[1024,0,2097152,67108868,0]
[0,0,0,0,0,268435456,0,0,0,0,0,0,1048576,0,0,0]-[65538,8208,2882,33589296,524324]
[0,0,0,0,0,0,0,16,0,0,0,0,0,0,65536,0]-[8650752,1024,8192,0,0]
[0,0,0,64,0,0,0,0,8,0,0,0,0,0,0,0]-[0,131584,0,268435457,0]
[0,0,67108864,0,0,0,0,0,0,1,0,0,0,536870912,0,0]-[0,135172,0,0,64]
[0,0,0,0,0,256,0,0,0,0,0,0,0,0,33554432,0]-[1180480,384,1493172292,270794752,1024]
[0,0,67108864,0,0,0,0,0,0,0,0,0,0,128,33554432,0]-[2052,3019914528,3221750276,136581728,557120]
[0,0,0,0,0,0,0,0,0,0,0,2097152,1048576,0,0,0]-[8388802,16777248,0,151011328,2105408]
[0,0,67108864,0,0,0,0,0,134217744,0,0,0,0,0,0,0]-[268451856,134217728,0,0,0]
[8192,0,67108864,0,0,0,0,0,0,0,0,0,1048576,128,0,0]-[1,1,0,2097160,65536]
[0,0,67108864,0,0,64,0,0,1048576,0,0,0,0,0,0,0]-[2197915716,2722108176,4761656,2282272195,132567]
[2147483776,0,0,0,67108864,0,0,0,0,0,0,0,0,0,0,0]-[32,2,2147483650,0,0]
[0,256,0,536870912,0,0,0,16,0,0,0,0,0,0,0,0]-[0,0,2048,129,262144]
[0,0,0,0,0,0,0,4194304,1048576,0,0,0,0,128,0,0]-[0,0,524289,130,1024]
[0,0,0,0,0,0,0,0,0,0,4096,0,1048576,1,0,0]-[2097216,0,0,0,4098]
[0,0,0,0,0,2048,0,0,0,0,0,0,0,0,268435456,0]-[256,0,134284288,0,0]
[0,0,0,0,0,0,0,0,0,0,4097,1024,1048576,0,0,0]-[512,0,64,32896,0]
[0,0,0,131072,0,0,0,0,0,0,1073741824,0,0,0,0,0]-[524288,0,268435458,0,1024]
[0,0,0,262144,0,256,0,0,1048576,0,0,0,0,128,0,0]-[16,256,32,2048,0]
[0,0,0,0,0,8192,0,0,1048576,0,2097152,0,1048576,0,0,0]-[0,0,0,526400,131072]
[0,0,0,0,0,4160,0,0,1048576,0,0,0,0,128,0,0]-[256,0,0,33555456,16]
[0,0,67108864,0,512,0,0,0,0,0,0,0,0,0,0,0]-[4194304,65536,270577680,33558545,3075]
[128,32,0,0,0,0,0,0,1048576,0,0,0,1048576,0,0,0]-[0,67112962,0,0,2097152]
[0,0,0,0,0,0,0,16777216,0,0,0,0,268435456,0,0,0]-[262160,32,0,0,16384]
[0,0,0,0,0,0,0,0,16384,0,0,0,0,128,0,0]-[66,67108864,131076,536873536,786432]
[128,0,67108864,0,0,0,0,0,0,0,0,0,0,0,4,0]-[0,49152,0,262144,2097152]
[0,0,0,0,0,0,0,0,67108864,0,0,0,262144,0,0,0]-[0,0,0,131585,32]
[0,0,0,0,0,8192,0,0,0,0,4096,0,1048576,0,0,0]-[10486272,16811100,134287377,82440,53418]
[0,0,0,0,0,0,0,32,0,0,0,0,1,128,0,0]-[1048584,67108896,0,0,0]
[0,0,0,0,0,0,0,268435456,0,0,0,0,0,128,0,0]-[4,1,8388610,1074003968,2129920]
[0,0,0,0,0,0,0,0,1048576,0,33554432,0,1048576,0,0,0]-[256,4194304,1073741824,1,0]
[0,0,0,0,0,8192,0,0,0,0,0,32,1048576,536870912,0,0]-[0,1024,16384,2048,512]
[0,0,0,0,0,256,0,2048,0,0,0,0,1048576,128,0,0]-[268435456,0,2097152,4,8192]
[0,0,0,0,0,64,0,0,2147483648,0,0,0,0,536871040,0,0]-[64,1073741824,0,0,68]
[0,0,0,0,0,0,0,0,1,0,4096,0,0,0,0,0]-[0,1088,64,131072,0]
[0,0,0,0,0,0,64,0,0,0,0,0,1048576,0,67108864,0]-[0,67108864,65536,1048576,4096]
[0,0,0,0,0,67108864,0,0,1048576,0,0,0,0,0,0,0]-[0,128,1,2097664,0]
[0,0,0,128,0,0,0,8,0,0,0,0,1048576,0,0,0]-[0,192,8,536870912,524288]
[0,0,0,0,0,0,0,0,0,262144,0,0,0,524288,0,0]-[2228224,0,524288,16384,0]
[0,0,0,0,0,8,0,1,0,0,4096,0,0,0,0,0]-[2097152,260,0,0,32]
[0,0,0,66048,1,0,0,0,0,0,0,0,1048576,0,0,0]-[9437184,2049,0,0,0]
[0,128,67108864,0,0,0,0,0,1048576,0,0,0,0,16512,0,0]-[2129920,0,0,2097152,4]
[0,4194304,67108864,0,0,0,0,0,0,0,0,0,0,536870912,0,0]-[64,131072,1536,0,0]
[0,0,0,0,0,0,0,0,0,0,33554496,0,0,0,0,0]-[131072,0,0,16778240,1024]
[0,0,335544320,0,0,0,0,0,0,0,0,0,0,268435456,0,0]-[8,16,0,524416,0]
[0,128,131072,0,0,0,268435456,0,0,0,0,0,0,0,0,0]-[0,0,32770,536887296,0]
[0,0,0,1,0,0,8192,2147483648,0,0,0,0,0,0,0,0]-[0,131072,0,100663312,0]
[0,2097152,0,134217728,0,0,0,0,0,0,4096,0,0,0,0,0]-[0,8,16384,268500992,0]
[0,0,0,65536,0,4,0,0,0,0,0,0,0,128,0,0]-[0,67108864,0,1073745920,1048576]
[0,128,67108864,0,0,0,0,8,0,0,0,0,0,0,0,0]-[8388644,262152,4,5275904,196608]
[0,0,16384,0,0,0,8192,0,1048576,0,0,0,0,0,0,0]-[132,0,0,8192,128]
[0,0,67108864,131072,0,0,0,0,0,0,4096,0,0,128,0,0]-[0,256,0,4,2097280]
[0,0,0,0,0,0,0,0,0,2147483648,24576,0,0,0,0,0]-[0,4194304,0,1090650112,0]
[0,0,0,0,0,0,0,0,0,0,67112960,0,262144,0,0,0]-[16384,8193,0,1024,0]
[0,0,0,32,0,0,0,0,0,0,0,0,0,0,33554432,0]-[1050624,12,0,10485760,8]
[0,0,0,0,0,268435456,0,0,0,0,0,16777216,0,0,0,0]-[0,16,512,0,135168]
[0,268435456,0,0,0,2147483648,0,0,135266304,0,0,0,0,0,0,0]-[0,8388608,8,4112,0]
[0,0,0,0,0,0,0,16777216,0,32768,4096,0,0,128,0,0]-[0,536870912,1,268435456,2097152]
[0,0,0,0,0,0,0,0,0,0,4096,0,0,0,4096,0]-[151060480,0,1098907648,136,2367520]
[0,0,0,0,0,0,0,0,8192,0,0,0,0,0,0,2]-[1048576,0,4,1280,0]
[0,1073741824,67108864,0,0,0,64,0,0,0,33554432,0,0,0,0,0]-[1,131072,0,1572864,0]
[0,0,67108864,2,0,0,0,0,0,0,0,524288,0,0,0,0]-[134217730,67108864,0,32,0]
[0,0,67108864,0,0,8192,0,0,0,524288,0,0,0,0,0,0]-[2317352962,32772,0,32768,0]
[262144,0,0,0,0,256,0,0,16777216,0,0,0,0,0,0,0]-[0,4096,0,262404,8192]
[0,0,67108865,0,0,0,0,0,0,0,4096,0,0,0,0,0]-[0,65,33554432,0,65536]
[0,0,0,0,0,320,0,0,0,0,4096,0,0,0,0,0]-[524864,8480,4113,131336,0]
[0,0,0,0,0,0,0,0,0,0,4096,0,0,33554432,0,0]-[269287424,32776,1073742016,67145728,2101248]
[8388608,0,0,0,0,0,0,0,1048576,0,0,0,0,128,0,4096]-[0,1073741824,8388609,2097152,0]
[0,0,67108864,0,0,0,0,0,0,4096,4096,0,262144,0,0,0]-[2621440,32768,33554432,0,0]
[1073741824,0,0,0,0,0,0,0,0,0,16777216,0,0,0,0,0]-[134217728,0,262144,1073742336,0]
[0,0,512,0,0,0,0,0,16777216,0,0,0,0,128,0,0]-[0,0,512,1,264]
[128,0,0,0,0,0,0,0,0,0,0,0,536870912,0,0,0]-[537133121,33556544,8192,2147647488,131072]
[0,0,67108864,0,0,0,0,0,0,0,0,0,1048576,0,0,4096]-[2281701446,268474416,1074790928,34082816,65536]
[128,16384,67108864,0,0,0,0,0,0,0,0,0,1048576,0,0,0]-[134217728,0,8,160,0]
[0,0,0,0,0,0,0,0,1048576,0,0,0,4194304,0,0,0]-[1024,41943592,8912905,1074806818,194]
[0,0,67108864,0,0,0,8,0,0,0,0,0,0,0,0,0]-[167837733,2149871681,2182090768,185603105,18432]
[0,0,0,0,0,0,0,0,0,8,0,0,0,0,4194304,0]-[4202496,64,33554432,0,0]
[0,0,0,65536,0,0,8192,0,0,0,4096,0,0,0,0,0]-[0,134217728,0,0,663552]
[0,0,0,16,0,0,0,0,0,0,4096,1,1048576,0,4096,0]-[8388608,67108864,1,512,0]
[0,0,67108864,0,0,0,0,0,1048576,0,0,0,0,0,8,0]-[2197815296,327968,32768,2151679296,525313]
[0,0,0,0,0,256,8192,0,0,0,4096,32,0,0,0,0]-[65536,0,268439552,2048,0]
[0,0,0,0,0,0,0,0,1048576,2097152,0,0,1048576,0,0,0]-[147584,41959936,33554448,0,0]
[0,0,0,0,0,0,0,0,0,0,0,0,131072,0,0,128]-[0,201326848,268435456,0,0]
[0,0,0,0,0,256,0,0,0,0,1024,0,0,0,0,0]-[134217728,16,128,524288,0]
[0,0,524288,512,0,0,0,0,0,0,0,0,0,0,0,0]-[0,16777216,8,269484032,0]
[0,0,0,0,0,0,4194304,0,135266304,0,0,0,262144,128,0,0]-[0,537919488,536870912,32,0]
[0,0,0,0,0,0,536870912,0,1048576,0,4096,0,8,0,0,0]-[0,8388608,524288,524304,0]
[0,0,67108864,0,0,0,0,80,0,0,0,0,0,0,0,0]-[2048,8192,1073741824,16777216,0]
[0,0,67108864,0,0,0,0,0,0,0,1024,0,0,128,0,0]-[2048,33562688,2106368,1,0]
[0,131200,67108864,0,16384,0,0,0,0,0,0,0,0,0,0,0]-[33554432,0,1024,528384,0]
[0,0,67108864,0,1024,0,0,0,0,0,0,0,65536,0,0,0]-[0,256,2129920,32768,0]
[0,0,0,0,2,0,0,0,134217728,0,4096,0,0,0,0,0]-[0,142606336,0,1073741824,1024]
[0,0,0,0,1048576,0,0,0,0,0,4096,0,1048576,0,0,0]-[1075839232,139264,65552,384,32]
[0,0,67108864,0,67108864,0,0,0,0,0,67108864,524288,0,128,0,0]-[0,64,1073790976,0,0]
[0,0,67108864,0,0,0,64,0,0,0,0,0,0,0,16,0]-[0,0,524800,4194368,0]
[0,0,67108864,4,0,0,0,0,0,0,0,0,8,0,0,0]-[67110913,0,2147483648,0,0]
[0,0,0,0,0,128,1024,0,0,512,0,0,0,0,0,0]-[67125248,0,256,16777216,0]
[0,0,0,0,0,0,0,0,0,0,0,536870912,262144,0,0,262144]-[16,0,16777216,67108864,65536]
[0,0,0,0,0,0,0,0,134217728,0,0,1073741824,0,0,0,0]-[0,524816,512,2048,1114624]
[131072,0,67108864,0,0,0,0,0,0,0,0,0,0,268435456,0,0]-[0,0,100696576,0,0]
[0,0,67108864,0,0,0,0,0,1052672,0,0,0,0,536870912,0,0]-[33554432,0,24,1048576,0]
[0,1,0,0,0,0,0,0,0,0,0,0,1048576,0,0,0]-[1074790465,4261892,536870913,134236160,1048584]
[0,0,67108864,0,0,0,0,0,0,0,0,288,0,536870912,0,0]-[0,0,0,16809984,257]
[0,0,0,0,0,0,0,16,0,1,0,0,0,0,0,0]-[524288,4259842,671089154,2236416,1067168]
[0,0,524288,0,0,0,0,16,0,0,0,0,1048576,128,0,0]-[49152,268435456,0,0,32]
[128,0,67108864,0,0,0,0,8,1048576,0,0,0,0,0,0,0]-[0,0,32768,2147491840,4]
[0,0,201326592,0,0,0,0,0,0,0,0,0,1048576,0,0,0]-[0,268435968,0,2147549184,0]
[0,0,0,0,67108864,0,0,0,0,0,0,0,0,128,0,0]-[53926653,1971784545,3769950375,1688613564,2632356]
[0,0,0,0,0,0,0,0,0,0,2101248,8192,0,0,0,0]-[4096,8192,0,131072,128]
[16,0,0,0,0,0,0,0,16777216,0,0,0,0,0,0,0]-[37748736,256,1186,2261248,0]
[0,0,0,0,0,524288,0,0,0,0,0,0,1048576,128,0,0]-[268435456,16777216,2097152,4096,0]
[0,0,0,262144,0,0,0,0,0,0,4096,32,1048576,0,0,0]-[0,0,0,0,32930]
[0,4096,1140850688,256,0,0,0,0,0,0,0,0,0,0,0,0]-[64,0,2052,256,0]
[128,0,0,0,0,0,0,0,0,0,0,0,1048576,0,512,0]-[4194304,0,545275904,0,0]
[0,0,67108864,0,4,0,0,0,0,0,0,134217760,0,0,0,0]-[134217728,16777728,0,1048576,0]
[0,0,67108864,0,0,0,8192,16,0,0,0,0,1048576,128,0,0]-[32768,268435488,2097152,2097152,2097152]
[0,0,0,0,0,0,0,0,0,0,0,2048,0,0,33554432,0]-[1048832,512,34,11534336,0]
[0,0,67108864,0,0,0,0,0,0,256,0,0,0,0,33554432,0]-[0,67108864,524288,134217728,2048]
[0,0,0,16384,0,0,0,0,0,0,0,0,262144,0,0,0]-[0,67108864,536870912,256,131072]
[0,0,67108864,0,67108864,0,0,256,0,0,0,0,0,0,0,0]-[0,67125248,8224,0,0]
[0,0,67108864,0,0,0,0,16,0,0,0,0,0,0,8192,0]-[2235566080,67108864,2147516416,0,0]
[0,0,67109888,0,0,0,0,0,0,0,4096,0,0,128,0,0]-[2097152,64,0,4104,0]
[16,0,67108864,0,0,0,0,0,0,0,0,0,1048576,0,0,0]-[0,302022656,16,0,0]
[0,0,0,0,67108864,2097152,0,0,0,0,0,0,0,0,0,0]-[0,0,9502724,0,0]
[0,0,0,0,0,0,0,0,134234112,0,0,0,0,0,0,0]-[81920,0,2097168,0,0]
[0,0,0,0,0,0,0,0,0,0,0,524288,0,128,0,0]-[1107312658,92490048,3768640000,2349074438,66688]
[0,0,0,0,0,2048,0,0,0,0,4096,0,0,32,0,0]-[0,16,16,16384,32768]
[0,0,0,0,0,0,0,16,0,0,0,1024,0,0,0,0]-[0,16,2097152,0,264192]
[0,0,67108864,0,0,0,0,0,16777216,0,0,0,16777216,0,0,0]-[4194304,32,0,2147483648,64]
[0,0,67108864,0,0,0,0,16,0,0,0,0,8,128,0,0]-[1,67108865,2148007936,24,128]
[0,0,0,0,0,0,0,0,0,0,4096,0,65536,128,0,0]-[262144,1056,128,327684,128]
[128,128,0,0,0,0,0,0,0,0,0,0,0,0,0,0]-[47383072,156174455,638608531,1616946176,426064]
[0,0,67108864,0,0,0,0,0,0,0,131088,524288,0,0,0,0]-[2,0,65536,16785408,0]
[0,0,0,0,0,64,0,0,2147483648,0,0,0,1048576,128,0,0]-[268435520,0,8192,0,96]
[0,0,0,0,512,8192,0,0,134217728,0,0,0,0,0,0,0]-[0,0,16778240,8388736,0]
[0,256,0,0,0,0,0,0,1048576,0,33554432,0,1048576,0,0,0]-[131072,268435456,4194304,0,64]
[0,0,0,0,0,0,4,0,0,0,4096,0,1048576,0,0,0]-[18874368,0,0,33685504,0]
[0,0,0,0,0,0,0,8388608,0,0,0,256,0,128,0,16384]-[1073750016,4,0,0,8]
[0,0,512,0,67108864,8192,0,0,0,0,0,0,0,0,0,0]-[2684354560,0,263168,0,0]
[0,268435456,0,0,0,0,0,8,0,0,0,0,0,0,0,0]-[1073741828,0,4096,262144,0]
[0,0,0,0,0,8,8192,0,0,0,0,0,0,0,0,0]-[2147483648,0,268697600,0,32]
[0,0,0,0,0,0,0,0,16777216,0,0,0,524288,0,0,0]-[2172649472,1049600,0,0,16388]
[0,268435456,0,0,0,0,0,0,134217728,0,0,0,0,0,0,0]-[536871512,8454216,8388616,268439568,18432]
[0,0,67108864,0,0,0,2,0,0,0,0,0,8,0,33554432,0]-[0,268435456,2560,0,256]
[0,0,0,0,0,0,64,0,0,131072,0,0,0,0,0,0]-[0,41472,0,1073741824,0]
[128,0,67108864,0,0,0,0,0,0,0,33558528,0,0,0,0,0]-[0,537001984,16,0,2097152]
[0,0,0,0,0,8,0,0,1048576,0,67108864,0,0,128,0,0]-[0,0,8421504,134217728,0]
[0,0,0,0,0,0,0,0,0,0,0,8388640,0,0,0,0]-[128,0,1024,0,65537]
[0,0,0,0,0,0,64,0,0,0,512,0,0,0,0,0]-[6,0,33816576,536872192,2]
[0,0,67108864,0,0,8192,0,0,0,0,0,0,1052672,0,0,128]-[2,34816,0,0,2]
[0,0,0,0,0,8192,0,0,0,0,0,0,4,0,0,0]-[134217728,133130,4198400,8388608,0]
[0,0,0,0,0,0,0,16,0,64,4096,0,0,0,0,0]-[268961792,8192,512,0,16424]
[0,4194304,0,0,0,0,0,16,0,0,0,0,0,0,0,0]-[0,4112,2097152,0,8192]
[0,0,0,0,0,0,0,0,17826048,0,0,16,0,128,0,0]-[0,256,128,128,524288]
[0,128,67108864,0,0,0,0,0,0,1024,0,0,0,0,8,0]-[0,16777216,2048,35651584,0]
[0,0,1024,0,2048,0,0,0,0,0,0,0,0,0,0,0]-[1073741824,0,13107200,0,0]
[0,0,67108864,0,0,268435456,0,0,0,0,0,0,0,8192,0,0]-[2097152,4096,524288,0,2048]
[262272,0,0,0,0,0,0,0,0,0,0,0,0,0,0,0]-[1073742336,0,8192,269557888,0]
[0,0,0,0,0,0,8192,0,0,0,4096,0,256,0,0,0]-[2148532224,0,262144,16,0]
[2048,0,67108864,0,131072,0,0,8192,0,0,0,0,0,0,0,0]-[34078720,2048,0,256,0]
[0,0,67108864,0,0,8192,0,0,1048578,0,4096,0,0,0,0,0]-[18939904,0,0,128,0]
[0,0,262144,0,67108864,0,0,0,0,0,0,0,0,0,0,0]-[0,512,1073758208,0,512]
[0,1024,0,0,0,0,0,0,0,0,0,0,0,128,0,0]-[3555857,8653088,3231056000,880806034,557152]
[0,0,0,0,0,0,0,0,0,1024,0,0,0,128,0,0]-[262148,0,8194,1073741824,1056800]
[0,0,67108864,0,2,0,0,8,0,0,0,0,0,0,4096,0]-[1,2097152,0,0,2097156]
[0,0,71303168,0,0,0,0,0,0,0,4096,0,0,0,0,0]-[2097152,0,1375731712,4195328,0]
[0,0,67108864,0,0,0,0,8,0,0,0,0,0,0,33554432,0]-[4194304,17039368,4100,4194336,0]
[0,0,0,0,0,512,0,0,134217728,0,0,0,0,0,0,0]-[2640,8,1073741824,0,16385]
[0,0,67112960,0,0,0,0,16,0,0,0,0,0,0,0,0]-[64,4096,2134528,128,2097152]
[0,0,0,0,0,0,0,0,67108864,0,64,0,0,0,16384,0]-[536870912,2,16785408,0,0]
[0,0,67108864,0,0,0,10240,0,1048576,0,0,0,0,0,0,0]-[0,16384,0,4194304,524352]
[0,0,0,0,0,4096,0,0,0,0,0,0,262144,0,0,0]-[256,4096,128,33555456,1056770]
[0,0,8192,0,0,0,0,0,0,0,0,0,0,536870912,0,0]-[0,1536,0,133120,0]
[0,128,67108864,0,16384,0,0,0,0,0,0,0,0,0,0,0]-[33554432,8,1024,0,65536]
[0,0,0,0,0,256,0,0,0,0,0,0,0,2147483648,0,0]-[67108864,9502784,12288,67239936,32768]
[0,0,0,0,256,0,0,0,0,0,4096,0,0,128,0,0]-[512,67502080,0,0,0]
[0,0,0,0,0,0,64,16,0,0,0,0,262144,0,0,0]-[0,1052672,537919490,0,0]
[0,0,0,0,0,0,0,0,134217728,0,0,67108864,0,128,0,0]-[0,0,524288,8388736,131072]
[0,16777216,0,0,0,0,0,0,0,0,4096,0,0,0,0,0]-[8388608,4325376,268521472,167936,0]
[67108864,0,0,0,0,0,2147483648,0,0,0,0,0,0,0,0,0]-[0,8192,75497472,0,278530]
[0,0,67108864,0,33554432,0,0,8,0,0,0,0,0,128,0,0]-[0,16777216,524288,0,65600]
[0,0,0,0,0,0,0,0,0,0,33554432,0,0,32,0,0]-[384,4718592,0,0,0]
[0,0,0,0,8,0,0,0,0,0,0,0,1179648,0,0,0]-[0,67110912,0,65536,4096]
[0,0,67108864,0,67108864,0,0,0,1048576,0,0,0,1048576,0,0,0]-[0,33554944,0,2097168,0]
[0,0,67108864,0,0,0,65536,0,16777216,0,0,0,0,0,33554432,0]-[32,2048,1073741824,0,2048]
[0,0,67108864,0,0,0,0,0,0,128,0,0,0,0,0,0]-[2223050877,2147509004,7382340,34996257,123008]
[0,0,67108864,0,0,0,0,0,0,8388608,0,0,0,0,0,0]-[2155872292,294944,71827456,134480930,65540]
[0,0,0,0,0,256,0,0,0,0,0,0,0,0,8388608,0]-[327680,0,16908288,0,4096]
[0,0,67108864,0,0,0,0,268435456,0,0,0,0,0,536871040,0,0]-[0,16779264,1048576,80,524356]
[0,0,0,0,134217728,0,0,0,0,0,8388608,0,1048576,0,0,0]-[0,0,8388928,262144,0]
[0,0,67108864,0,0,0,16384,0,0,0,0,0,0,0,0,0]-[193462379,336036640,2186912272,2168268599,773378]
[33554432,0,0,0,0,0,0,0,1048576,0,0,0,0,0,0,0]-[33554692,16,129,2147485696,0]
[0,0,0,0,0,0,0,0,0,67108864,4096,0,0,128,0,0]-[16384,67108864,0,67584,0]
[0,128,0,268435456,0,0,0,16,0,0,0,0,0,0,0,0]-[32768,134742016,0,2147483648,0]
[0,67108864,67108864,0,0,0,0,16,1048576,0,0,0,1048576,0,0,0]-[0,16,0,97,0]
[0,0,0,0,0,1,0,0,0,0,0,0,0,0,2147483648,0]-[0,0,524288,0,32792]
[0,0,0,0,0,0,0,0,0,0,0,0,1048576,536870912,0,8192]-[0,514,0,134348800,0]
[128,0,0,33554432,0,8192,0,0,0,0,0,0,0,0,0,0]-[512,0,0,1179648,131072]
[0,0,1073741824,0,0,0,0,0,0,0,4096,0,0,128,0,0]-[268698112,335676416,9437184,537137172,0]
[0,0,0,0,0,0,536870912,0,1048576,0,0,0,0,0,0,0]-[65536,8388640,524288,268437504,1280]
[32768,0,0,131072,0,0,0,0,0,0,0,0,0,0,0,0]-[0,2048,196640,0,0]
[0,0,67108864,0,0,0,0,8,5242880,0,0,0,0,0,0,0]-[0,0,1073741824,36175872,0]
[0,0,0,0,0,0,0,0,0,0,266240,0,0,128,0,0]-[2,0,0,48,8192]
[0,0,67108864,0,0,0,0,134217728,0,0,0,0,0,0,33554432,0]-[2048,67110912,1024,0,0]
[0,0,67108864,0,0,8192,0,0,1048576,0,0,0,0,0,0,0]-[57245709,2735018812,1078570044,152614643,150933]
[0,0,1140850688,131072,0,0,0,0,0,0,0,0,0,0,0,0]-[2147483648,2129920,0,2097152,0]
[0,0,0,0,0,0,0,0,4194304,0,0,0,1048576,0,0,0]-[0,2164260866,22085648,268435457,393282]
[0,0,67108864,0,0,0,0,0,0,512,4096,0,0,0,0,0]-[64,401412,0,33024,2113538]
[0,8,67108864,0,0,0,8192,0,0,0,0,0,0,0,0,0]-[2056,2147483648,10240,33792,2]
[0,8388608,128,0,0,0,0,0,0,0,0,0,0,0,0,0]-[0,2097152,66,4096,0]
[0,0,67108864,0,67108864,0,0,0,0,0,0,8388608,0,0,0,0]-[0,131076,65540,0,0]
[0,0,67108864,0,0,0,0,67108864,16777216,0,0,0,0,0,0,0]-[0,0,0,16781384,0]
[0,0,0,0,0,0,2048,16,0,0,0,0,8,0,0,0]-[2048,0,8192,131072,8]
[0,0,0,0,0,0,0,0,0,2097152,0,0,262144,128,0,0]-[0,1048576,3,2097152,0]
[0,0,0,0,0,0,0,0,0,16384,4096,0,256,0,0,0]-[0,8,1073807361,0,0]
[128,0,67108864,0,0,256,0,0,1048576,0,0,0,1048576,0,0,0]-[0,0,8,8385,524288]
[0,0,0,0,0,0,0,0,0,2048,4096,0,1048576,0,0,0]-[4096,32768,0,67108864,8]
[0,0,67108864,0,0,0,1,0,0,0,0,0,1048576,0,0,0]-[16777216,2049,0,0,2097152]
[0,0,0,0,0,0,0,0,1048576,0,2,0,0,536870912,0,0]-[65536,128,2048,1024,0]
[0,0,0,0,0,0,64,0,1048576,0,0,0,1048704,0,0,0]-[1048576,67108866,65536,0,0]
[0,0,0,0,0,2147483648,64,0,0,0,0,0,8,0,0,0]-[0,4,65536,536870912,2]
[0,0,67108864,0,0,256,2,2,0,0,0,0,0,0,0,0]-[8,0,0,8208,524288]
[0,0,0,0,67108864,0,8192,0,1048576,0,0,1073741824,1048576,0,0,0]-[2181038080,0,64,32,0]
[0,0,67108864,0,0,0,0,0,0,0,131072,0,0,0,2147483648,0]-[134217728,0,1049088,0,64]
[16777216,0,0,0,0,0,0,0,0,0,4096,0,0,0,0,0]-[2,0,0,1610612736,2048]
[2048,0,0,0,0,0,0,16,134217728,0,0,0,0,0,0,0]-[16,67108864,0,256,128]
[128,0,0,0,67108864,0,0,0,0,0,0,0,262144,0,0,0]-[0,151552,128,0,0]
[0,0,67108864,0,0,65536,0,0,0,0,4096,0,0,0,0,0]-[0,16,16,32768,65536]
[0,0,67108864,0,0,0,64,0,1048578,0,0,0,1048576,0,0,0]-[32769,65540,0,0,0]
[128,0,0,0,0,0,0,1,0,0,0,0,0,128,0,0]-[131072,2304,0,0,32]
[0,0,67108864,0,0,0,0,0,0,0,0,256,262144,0,0,0]-[524288,67108864,0,32,131072]
[0,0,0,0,0,16384,0,0,0,0,0,0,8,0,67108864,0]-[4,0,131328,16777216,0]
[0,0,0,0,0,8388608,0,16,0,0,4096,0,0,0,0,0]-[513,1,8392704,33024,16384]
[128,0,16777216,0,0,0,0,0,0,0,0,0,256,0,0,0]-[0,268435456,32768,131080,0]
[0,0,0,0,0,0,8192,0,0,524288,0,0,0,0,0,0]-[4194368,2113536,0,2147483648,4096]
[0,0,67108864,0,0,0,0,33554448,0,0,0,0,0,0,0,0]-[64,67113472,2147483648,4144,1]
[0,0,256,0,0,0,0,16,0,0,0,0,1048576,0,0,0]-[0,0,4096,16400,16384]
[0,0,67108864,0,0,0,0,0,0,0,0,0,262144,0,0,131072]-[0,536870913,33554432,32,0]
[0,0,0,0,0,0,64,0,0,0,0,0,0,536870912,0,0]-[312356,134547358,101779104,1090652228,2122152]
[0,0,0,0,0,0,0,0,4096,0,0,0,0,0,4194304,0]-[0,0,8650760,262144,0]
[0,0,67108864,0,0,0,16448,0,0,0,0,0,0,0,0,0]-[0,0,33619984,256,2048]
[1048576,0,16777216,0,0,16384,0,0,1048576,0,0,0,262144,0,0,0]-[0,0,33554432,288,8192]
[0,0,0,0,0,0,0,0,1048576,512,0,0,0,128,0,0]-[2361360,8651008,557216,268437584,1572864]
[0,0,67108864,0,0,0,64,0,8192,0,0,0,0,0,0,0]-[0,67108864,4128,1048576,128]
[128,0,0,0,0,0,0,0,0,0,0,0,128,0,0,0]-[131136,268435712,140296,65537,256]
[0,16,67108864,0,0,0,0,0,0,0,0,0,0,0,33554432,0]-[0,0,2415920128,136314880,2050]
[0,0,0,32,0,0,0,0,0,0,0,0,0,2147483648,0,0]-[0,0,8256,2,512]
[0,8388608,67108864,16,0,0,0,0,1048576,0,0,0,0,0,0,0]-[0,262144,0,1280,16]
[1073741824,0,67108864,0,0,0,0,0,0,0,0,0,0,16384,0,0]-[4096,264,0,16777216,0]
[0,0,0,0,0,0,0,0,1048576,1073741824,0,0,262144,0,0,0]-[256,0,16777217,32,0]
[0,0,0,0,0,0,64,0,0,0,0,0,0,0,0,64]-[264192,0,524288,0,2048]
[0,16384,0,0,0,33554432,0,0,0,0,0,0,0,0,0,0]-[131328,0,0,131328,0]
[0,33554432,0,0,0,0,0,4096,0,0,0,0,0,0,0,0]-[32,0,1073741824,256,8]
[0,0,0,0,0,0,0,4096,0,0,0,0,1048576,0,0,0]-[0,0,262144,131328,8328]
[0,0,67108864,32768,0,0,0,0,0,0,0,0,536870912,0,0,0]-[2097152,0,1028,256,0]
[0,0,0,0,0,0,32768,0,134217728,0,0,0,0,128,0,0]-[512,0,2097154,0,1024]
[0,0,0,0,0,0,524288,16,0,0,0,0,0,0,0,0]-[2049,2687488,2158101056,2181038080,16424]
[0,0,0,0,0,0,0,0,0,4096,4096,0,0,0,0,0]-[1311232,2348843044,33620036,17408,589824]
[1073741824,0,0,0,0,0,0,0,0,2097152,0,0,0,0,0,0]-[0,285212800,0,0,16384]
[0,0,0,0,0,0,0,0,16,0,0,0,1048576,128,0,0]-[268451840,0,16777280,12288,10240]
[0,0,1073741824,0,0,0,0,16777216,0,0,0,0,0,128,0,0]-[128,64,0,65600,0]
[0,0,4,0,0,0,0,16,0,0,0,0,0,0,0,0]-[0,142606336,8388866,2147485696,3145856]
[0,0,32768,0,0,0,0,0,0,0,1073741824,0,0,0,0,0]-[0,0,1,1,2097664]
[0,0,0,0,0,2147483648,0,0,0,0,0,0,1310720,0,0,0]-[0,0,2097153,0,8194]
[0,0,134217728,0,0,0,0,0,0,0,0,0,0,0,8,0]-[17825792,1024,0,67108864,0]
[0,268435456,67108864,0,0,8192,0,0,0,0,0,0,0,0,2048,0]-[2147483648,36864,0,16,0]
[128,0,0,0,536870912,0,0,0,0,0,0,0,0,128,0,0]-[0,256,0,0,524324]
[0,0,0,0,0,0,0,0,0,0,0,0,1048576,268435456,0,0]-[136316160,16,546310144,143163408,8]
[0,0,0,0,0,258,0,0,0,0,0,0,0,0,0,0]-[132,0,0,1048576,32]
[0,0,0,0,0,0,0,16,0,0,0,0,0,64,0,0]-[2228232,0,33554432,0,524288]
[0,0,0,0,268435456,0,0,0,0,0,4096,0,0,0,32768,0]-[134217728,0,0,2147483648,262148]
[0,16,0,0,0,0,0,16,0,0,0,0,0,2147483776,0,0]-[0,65536,2155872256,67108864,0]
[1024,0,0,0,0,0,0,0,0,8192,0,0,0,0,0,0]-[136314880,0,0,0,12288]
[67108992,0,67108864,0,0,0,0,0,1048576,0,0,0,0,0,0,0]-[0,0,32768,33587200,64]
[0,0,83886080,1024,0,0,0,0,0,0,0,0,0,0,0,0]-[0,0,0,16809985,2097152]
[0,0,0,0,0,32,0,0,1048576,0,0,0,0,0,0,0]-[409860,42991748,33554433,301990016,532608]
[0,0,0,0,0,268435456,0,0,0,0,4096,0,0,0,33554432,0]-[2359296,8192,0,32768,0]
[0,0,0,0,0,0,0,0,1048576,0,0,8192,0,0,0,0]-[2179092,0,16785536,3158337,8192]
[2048,0,0,0,0,0,0,0,0,33554432,0,0,0,0,0,0]-[2048,0,8192,0,40]
[0,0,0,0,0,0,0,0,8388608,0,0,0,536870912,0,0,0]-[536870912,2214592512,0,2048,0]
[0,0,67108864,0,0,0,0,1073741824,0,0,0,0,0,0,0,0]-[247500911,3076600669,302571300,171508981,1098967]
[128,0,0,0,0,0,0,0,0,0,0,0,0,0,33554432,0]-[144050848,905972000,2684879874,21282920,524298]
[33554432,0,0,0,0,0,0,0,0,0,0,134217728,0,0,0,0]-[2097152,130,8,0,0]
[0,2147483648,0,0,0,0,0,0,16777216,0,0,0,0,0,0,0]-[8192,0,536870976,0,128]
[0,0,16384,0,0,0,0,0,0,0,0,0,1048576,0,0,0]-[1209009216,2099336,939524416,16875664,517]
[0,0,67108864,0,1048576,0,0,0,1048576,0,0,0,0,0,0,0]-[50331648,0,32,0,64]
[0,0,67108864,0,0,0,0,16,0,0,4096,32,0,0,0,0]-[8388608,263168,0,4194304,0]
[0,0,0,33554432,0,0,0,16,0,0,0,0,0,0,0,0]-[1073807424,4100,1040,18641,4112]
[128,67108864,0,0,0,0,0,24,1048576,0,0,0,0,0,0,0]-[0,0,32768,268435584,16]
[0,8388608,0,0,0,0,0,0,0,0,0,0,1048576,0,0,0]-[2232834,9445898,139460902,33853440,270444]
[0,0,0,0,0,67108864,0,0,0,0,0,0,0,128,0,0]-[64,1140852768,262272,0,4]
[0,0,0,0,0,0,0,0,2048,0,4096,0,8,0,0,0]-[268435456,32768,0,2048,2097154]
[0,0,67108864,0,0,0,0,0,0,0,0,0,64,128,0,16]-[33554432,262144,2147483648,128,0]
[0,0,0,0,0,256,0,16,536870912,0,0,0,0,0,0,0]-[0,67108896,0,0,264192]
[0,0,67108864,0,2147483648,64,0,0,0,0,0,0,0,0,0,0]-[0,32768,0,4098,1]
[0,0,67108864,0,0,0,0,0,8,0,0,0,0,2048,0,0]-[0,16400,49152,0,0]
[0,0,0,0,0,0,0,0,0,0,16384,0,0,0,33554432,0]-[256,0,0,150994976,0]
[0,0,0,16,67108864,0,0,2097152,1048576,0,0,0,1048576,0,0,0]-[0,4,1,1049088,0]
[0,0,67108864,0,0,256,0,0,0,0,0,0,1048576,0,33554432,0]-[0,69632,0,4096,64]
[0,0,0,0,0,16384,0,0,0,0,0,32768,0,0,0,0]-[0,134217728,0,5259264,0]
[0,268435456,67108864,0,131072,0,0,0,0,0,0,0,0,0,0,4096]-[2147483652,4096,268435456,0,0]
[0,0,0,0,0,0,0,0,0,0,4096,0,0,128,0,32]-[16384,1,128,2048,0]
[0,0,0,0,67108864,0,0,8,0,0,0,0,0,0,0,0]-[67110912,4194304,16777217,512,520]
[0,0,0,0,0,0,8192,0,17825792,0,0,0,1048576,0,0,0]-[0,269484032,4194304,2097152,0]
[0,0,0,0,0,256,2,16,0,0,0,0,0,0,0,0]-[0,0,134221888,2097152,0]
[0,0,67108864,0,0,0,0,0,0,2,0,0,0,0,0,0]-[2281701384,838870560,67710984,153100293,68612]
[0,0,0,0,0,256,0,0,0,0,0,0,0,0,0,65536]-[8192,1024,2097169,268435456,8193]
[0,0,67108864,0,0,2147483648,0,0,1048576,0,4096,0,0,0,0,0]-[0,33816576,0,512,128]
[0,0,67108864,0,0,0,64,0,0,0,0,0,0,0,0,262144]-[0,131072,1141440512,1048644,0]
[0,0,131072,0,0,0,0,0,0,0,134217728,0,0,0,0,0]-[0,268992512,134217728,0,0]
[0,0,0,0,0,0,0,0,17825792,0,0,0,8,0,0,0]-[50331904,269484032,8,0,16]
[0,0,0,0,0,0,0,0,0,0,67108864,0,1310720,0,0,0]-[0,0,0,35717120,8192]
[0,0,0,0,0,0,8,0,2147483648,0,4194304,0,0,0,0,0]-[65536,0,1048576,0,12]
[0,0,0,0,0,64,0,1,0,0,0,0,0,0,0,0]-[2415984640,0,128,0,0]
[0,0,67108864,0,0,4,0,0,0,0,0,0,0,0,0,0]-[2164265025,2214921584,3221292032,2197890452,2294160]
[0,0,0,0,0,0,0,0,0,0,0,0,64,536871040,0,0]-[262144,0,1048576,16,64]
[0,0,0,0,0,0,0,0,1048576,0,1048576,0,1048576,0,0,0]-[2097152,0,269484032,68419840,512]
[0,0,67112960,0,0,0,0,128,0,0,0,0,0,0,0,0]-[0,32,268435488,1024,0]
[0,0,67108864,0,0,0,0,0,0,0,0,0,0,128,0,65536]-[0,0,0,656,2097152]
[0,0,0,0,0,0,0,16,0,0,8388608,0,0,0,0,0]-[2147483648,4096,0,0,266240]
[0,0,67108864,0,0,256,0,0,134217728,0,0,0,0,0,0,0]-[65609,67307848,1075840284,18887120,544193]
[0,0,0,0,65536,0,0,0,1048592,0,0,0,1048576,0,0,0]-[16384,4,0,512,8192]
[0,0,0,0,256,0,0,0,0,0,0,0,8,0,0,0]-[0,4,2147483649,2048,0]
[0,0,67108864,0,0,256,0,0,0,0,16,0,0,0,0,0]-[0,2080,256,8192,0]
[0,0,1073741824,0,0,0,0,0,1048576,0,0,8388608,0,128,0,0]-[144,8388608,524288,0,0]
[0,0,0,0,0,0,0,16384,0,0,0,0,1,0,0,0]-[536870912,2,0,8388608,512]
[0,0,67108864,131072,0,8256,0,0,0,0,0,0,0,0,0,0]-[65538,0,5120,0,0]
[0,0,268435456,131072,0,512,0,0,0,0,0,0,0,0,0,0]-[0,16,0,2147483648,65544]
[0,0,0,1,0,0,0,0,1048576,0,0,0,1048576,0,0,0]-[16908416,303038464,0,0,128]
[0,0,1073741824,0,0,0,8192,0,0,0,0,0,1048576,0,0,0]-[0,32768,0,2228736,0]
[0,0,0,0,0,0,0,16777216,0,4096,0,0,0,0,0,0]-[0,0,16,310378496,0]
[0,0,0,0,0,0,0,64,0,0,0,0,1048576,128,0,0]-[128,268435457,0,4,0]
[0,0,67108864,0,0,134217728,0,0,0,0,4096,0,0,0,0,0]-[1,8192,65536,8,0]
[0,0,67108864,0,0,320,0,0,0,0,0,0,0,33554560,0,0]-[9,67108864,0,8,0]
[0,268435456,0,0,0,0,0,0,0,0,0,32,0,0,0,0]-[2097184,0,272634882,537133056,1]
[0,0,0,0,0,0,0,0,134217728,0,0,0,0,0,262144,0]-[67110912,142868480,64,128,16]
[0,0,0,0,0,0,0,0,0,1,0,0,0,64,0,0]-[0,4194304,512,8192,8]
[0,0,0,0,0,0,8192,0,0,0,0,8,1048576,0,0,0]-[537001985,0,4096,33554432,0]
[0,0,0,0,16384,0,0,0,0,0,0,1073741824,0,128,0,0]-[0,0,0,603983888,2097152]
[2147483648,0,0,0,0,0,8192,0,0,0,4096,0,0,0,0,0]-[0,603979776,134217728,67108864,0]
[128,0,1140850688,0,0,0,0,0,0,0,0,0,0,536870912,0,0]-[64,0,1024,33554432,131072]
[0,0,0,0,536870912,64,0,0,0,0,0,0,0,0,0,0]-[536870976,384,2097216,580,38]
[0,0,67108864,0,0,0,0,0,0,0,1107296256,0,0,0,0,0]-[0,2147549248,0,512,0]
[0,0,8388608,0,0,0,0,0,1048576,0,0,0,0,128,0,0]-[0,8388608,1082130432,536870912,0]
[0,0,128,0,268435456,0,256,0,0,0,0,0,0,0,0,0]-[0,2147483648,2048,67633152,0]
[0,0,0,0,67108864,0,0,134217728,0,0,0,0,0,0,0,0]-[0,0,0,12582912,520]
[0,0,67108864,0,0,0,0,0,0,0,4198400,0,0,0,0,0]-[1,1040,0,512,0]
[0,0,0,0,0,0,0,8,17825792,0,4096,0,0,0,0,0]-[16384,256,0,32768,128]
[0,0,1073741824,0,0,0,0,0,1048576,0,33554432,0,0,512,0,0]-[1,0,262144,1572864,0]
[0,0,0,0,603979776,256,0,0,0,0,4096,0,0,0,0,0]-[2148532224,0,0,2147483648,8192]
[0,0,0,0,0,268435456,8192,0,0,0,0,0,0,128,0,0]-[0,536870912,0,4096,1048608]
[0,0,0,0,0,256,0,0,5242880,0,0,0,0,0,0,0]-[0,128,1073741824,2097152,256]
[0,16,0,0,67108864,0,0,0,0,0,0,0,0,0,0,0]-[262656,0,67584,0,4]
[0,0,0,32,0,0,2048,0,0,0,0,0,0,128,0,0]-[33816576,0,0,2097152,2097152]
[0,0,67108864,0,0,8192,0,0,0,0,1,0,0,0,0,0]-[65536,0,524288,65664,0]
[0,1024,0,0,0,0,0,8,0,0,0,0,0,0,0,0]-[0,134512640,0,524288,0]
[0,0,67108864,0,0,256,0,0,134219776,0,0,0,0,0,0,0]-[64,0,2097152,0,257]
[0,0,0,0,0,134217728,0,0,1048576,0,0,0,0,128,0,0]-[16,268435456,262144,536870912,0]
[0,0,67108928,0,0,0,0,0,0,0,0,0,1048576,128,0,0]-[64,2048,0,16,32768]
[0,0,67108864,0,0,1048576,0,0,1048576,16777216,0,0,1048576,128,0,0]-[4,0,1073741824,2,4]
[0,0,0,0,0,64,0,0,0,0,0,0,0,131072,0,0]-[2684354562,2048,4096,536870912,1028]
[0,0,0,0,0,32,0,0,0,0,0,536870912,1048576,0,16384,0]-[262146,0,0,50331648,0]
[0,0,67108864,0,4194304,0,0,0,0,0,0,0,0,0,0,0]-[2164817929,576716840,109064,12417,2230272]
[1048576,0,0,0,0,0,0,0,1048576,0,0,0,0,0,0,0]-[17073152,1614872704,34349124,1392517137,524358]
[0,0,0,0,0,0,0,0,0,8,4096,0,262144,0,0,0]-[268435712,67108868,128,4194304,0]
[0,0,67108864,8388608,0,0,64,0,0,0,0,0,0,536870912,0,0]-[2,16,1024,0,16384]
[0,0,0,0,0,0,0,0,0,0,0,1048576,0,128,0,0]-[268697601,0,536870915,4136,131072]
[0,0,67108864,0,67108864,0,0,16,1048576,0,0,0,0,0,0,0]-[2147485696,328224,1073774592,2149588992,16]
[0,0,0,0,0,0,67108864,0,0,0,0,0,1048576,0,0,0]-[2097152,2,0,131072,278560]
[128,1,0,0,0,64,0,0,0,0,0,0,0,0,0,0]-[576,2048,0,2147483648,0]
[0,0,0,0,0,128,0,0,0,0,4096,0,0,0,0,0]-[16794432,100933656,16385,67111304,49184]
[0,0,0,0,0,0,0,0,1048576,0,0,0,0,0,1,0]-[1179649,134217865,553650185,2183136448,1572864]
[0,0,2147483648,0,0,0,0,16,0,0,0,0,0,0,0,0]-[64,4,2147483648,0,32]
[0,0,0,0,0,0,8192,0,1048576,0,0,0,0,0,0,0]-[3527886173,2962506730,1674324072,4133666800,3944851]
[0,0,0,262144,0,64,0,0,1048576,0,0,0,0,0,0,0]-[16,0,8396800,524288,0]
[0,0,0,0,0,256,0,0,0,64,0,0,0,0,0,0]-[1074266112,2048,512,64,0]
[0,0,0,0,0,0,0,16,1048576,0,0,0,0,0,16,0]-[16,16,0,2097152,1048576]
[128,0,0,0,0,0,0,0,0,0,1024,0,0,0,0,0]-[67125248,134217736,1048576,536870912,80]
[0,0,335544320,0,0,0,0,0,0,0,0,0,0,0,0,0]-[216598632,2502132076,270017052,2169509708,2641301]
[0,0,0,0,0,0,16777216,0,0,0,4096,0,1048576,0,0,0]-[18874368,0,167772160,256,0]
[0,0,67108864,0,0,0,0,0,0,64,0,0,0,128,0,0]-[12582920,67616,512,2147549248,2097156]
[0,0,524288,0,0,0,0,0,0,65536,0,0,0,0,0,0]-[0,0,262272,16777216,8192]
[0,0,33554432,0,0,0,0,0,1048576,0,0,0,1048576,0,0,0]-[0,1073741824,536870976,0,4]
[0,0,0,0,0,4194304,0,0,0,0,0,16,0,0,0,0]-[0,0,134217744,1081344,0]
[0,0,0,0,0,64,0,16,0,0,4096,0,0,0,0,0]-[0,4,134218240,128,0]
[0,0,0,16,0,0,0,0,0,0,4096,0,1048576,0,0,0]-[0,33554432,0,67125248,2]
[0,0,67109888,0,0,0,0,0,0,0,0,0,1073741824,0,0,0]-[0,0,1024,33554560,16384]
[0,0,67108864,0,0,64,0,0,0,0,0,0,0,128,256,0]-[8,131168,4,544,1048576]
[0,0,0,0,0,0,0,16,0,0,0,0,1048576,2048,0,0]-[1048577,16777216,262144,4325376,72]
[0,0,67108880,0,0,0,0,0,0,0,0,0,0,0,2,0]-[67108864,4096,0,2147516416,0]
[0,0,8388608,0,0,0,33554432,0,0,0,0,0,0,0,0,0]-[0,1048576,4,16512,0]
[0,0,0,0,0,256,0,0,0,16785408,4096,0,0,0,0,0]-[524288,0,0,131080,128]
[0,0,0,0,67108864,0,0,0,16777216,0,0,0,0,128,0,0]-[1,0,537133056,44,8224]
[0,0,100663296,0,0,0,0,0,0,0,4096,0,0,0,0,0]-[4096,262144,512,1668,65536]
[0,131072,0,0,0,0,0,0,0,0,4096,0,0,0,0,0]-[2101504,536871944,1073741888,4108,4096]
[0,0,0,0,0,0,0,0,0,0,0,0,0,67108992,16777216,0]-[16390,1074003968,2694848514,66112,524288]
[0,0,0,0,0,0,0,0,0,0,0,0,1048576,0,256,0]-[16777216,25165824,33558528,0,0]
[0,0,0,0,32,0,0,0,1048576,0,67108864,0,0,0,0,0]-[0,8388608,8,0,132]
[0,0,0,0,0,8192,0,1073741824,134217728,0,0,0,0,0,0,0]-[2,0,16778240,65536,0]
[0,0,0,0,67108864,256,0,0,0,0,0,0,1048576,0,0,0]-[1073873152,64,268435492,2214592517,524288]
[0,0,67108864,0,0,0,0,0,1048576,2048,0,0,0,0,0,0]-[32768,536871424,16,0,0]
[0,0,67108864,0,67108864,0,0,0,0,0,0,0,1048576,128,0,0]-[134217728,2214592512,268444160,4096,2097152]
[0,0,0,0,0,0,0,0,0,0,128,0,0,128,0,0]-[3293194,264256,3232759809,77594644,263168]
[0,0,0,0,0,0,64,0,134217728,0,4096,0,0,0,0,0]-[18432,8,0,0,128]
[0,0,67108864,0,0,64,0,0,0,0,67108864,0,0,0,0,0]-[0,8192,49152,4096,0]
[0,0,0,0,0,0,0,2064,0,0,0,0,0,0,0,0]-[67108928,533008,2147521056,553664544,10240]
[0,0,0,128,16384,0,0,16,0,0,0,0,0,0,0,0]-[0,0,256,4112,8192]
[0,0,67108864,0,262144,0,0,0,0,0,0,0,0,128,268435456,0]-[0,262144,1572864,0,32768]
[0,0,0,0,0,0,0,16,0,4,0,0,0,0,0,128]-[0,201326592,1052672,0,0]
[0,0,0,0,0,0,0,0,16777216,0,0,0,262144,0,0,0]-[1593649,3226609924,2207564928,186647586,590346]
[0,1048576,0,0,0,0,0,8192,0,0,0,0,0,0,0,0]-[67108864,67108864,0,512,262144]
[0,0,0,0,0,0,0,65536,0,0,0,2097152,0,0,0,0]-[131072,0,64,0,4100]
[0,0,0,0,2097152,256,0,0,0,0,0,0,0,0,0,0]-[0,0,65600,2147485696,0]
[0,0,0,0,0,0,0,8704,4,0,0,0,0,0,0,0]-[0,33554432,1088,4096,0]
[0,0,0,0,0,8388608,0,0,0,8388608,0,0,0,2,0,0]-[0,4096,2048,16777216,4096]
[0,1048576,0,4096,0,0,0,0,0,0,0,0,0,128,0,0]-[1140858880,8,0,0,0]
[0,0,0,0,0,0,0,0,67108864,0,0,0,0,0,67108864,0]-[4,67108868,0,0,262144]
[0,128,67108864,0,0,0,64,0,1048576,0,0,0,0,0,0,0]-[35653636,516,0,2101248,0]
[16384,1,67108864,0,0,0,0,0,0,0,0,0,0,0,0,0]-[64,2560,268435456,0,0]
[0,128,0,0,0,0,0,0,0,0,0,32,0,536870912,0,0]-[536870912,0,32768,2113536,0]
[0,0,0,0,0,0,0,32,0,0,0,0,0,2147483648,0,2048]-[128,524288,0,4096,32768]
[0,0,67108864,0,0,256,0,8,0,0,0,0,0,128,0,0]-[0,0,1073741824,134479872,64]
[0,0,0,0,0,256,131072,0,0,0,0,16,0,0,0,0]-[67109888,269484032,0,0,0]
[0,0,67108864,16,0,0,0,0,0,524288,0,0,0,0,0,0]-[16777216,536870912,0,0,2098176]
[0,0,0,0,134217728,256,0,0,0,0,0,0,0,0,33554432,0]-[2621440,0,0,0,262272]
[0,0,67108864,0,0,0,0,0,4,0,0,0,1048576,0,0,262144]-[2,33556480,0,4096,0]
[128,0,67108864,0,536870912,0,0,0,0,0,0,0,0,536871040,0,0]-[64,256,0,0,524292]
[0,2,0,0,0,0,0,0,0,0,0,0,0,128,0,0]-[0,16777216,537395200,8388608,0]
[0,0,67108864,0,0,0,0,8192,0,0,0,0,0,0,0,0]-[2269642788,2523130700,3559443768,2170660193,3345686]
[0,0,67108864,0,0,0,32,0,0,0,0,0,0,0,0,0]-[2298478604,2437032716,68767256,137176192,1655938]
[131072,0,67108864,0,0,0,0,0,0,0,0,0,0,0,0,0]-[2148073480,6161,271173376,136388709,196736]
[0,0,0,0,0,256,8192,0,0,0,0,0,0,0,0,4096]-[2147491840,0,4160,0,0]
[0,0,0,65536,0,0,0,0,0,0,0,8388608,1048576,0,0,0]-[768,2147483648,67108864,0,0]
[1,0,67108864,0,0,0,0,0,0,0,0,0,0,0,4096,0]-[0,0,1075838976,32768,524288]
[0,0,0,0,0,8192,0,0,0,0,0,0,0,8388608,0,0]-[536936448,268435456,0,1073741824,0]
[0,0,0,0,0,0,0,16,0,0,4096,1048576,1048576,0,0,0]-[1,0,0,4194312,8]
[536870912,0,0,0,0,0,0,0,0,0,1073741824,0,0,0,0,0]-[1048576,512,0,67108865,0]
[0,0,32,0,0,256,0,0,1048576,0,0,0,0,0,0,0]-[0,32,0,536879168,0]
[16384,0,0,0,0,0,0,0,0,0,0,0,0,0,1024,0]-[0,131144,0,8388608,0]
[0,0,0,0,0,0,0,0,0,0,0,131072,268435456,128,0,0]-[513,0,0,24,0]
[0,0,0,33554432,0,0,8192,0,0,0,0,0,0,128,0,0]-[0,67108864,32,67108864,32]
[0,33554432,0,0,0,0,0,0,0,0,0,0,64,128,0,0]-[512,268435456,1,32,0]
[0,0,0,1024,0,0,64,0,0,0,0,0,0,2147483648,0,0]-[0,0,4096,537952256,0]
[0,0,0,0,0,0,0,0,0,0,0,0,32,1048576,0,0]-[0,0,2,540672,32]
[0,512,0,0,0,0,0,16,0,0,0,0,0,0,0,0]-[524288,135266304,2112,48,2123777]
[0,0,0,0,0,0,0,0,524288,0,4096,0,0,0,0,0]-[64,50332681,0,2056,32]
[128,0,0,0,0,256,0,0,16,0,0,32,0,0,0,0]-[0,128,134217728,2052,0]
[0,0,67108864,0,0,0,0,0,1048576,4194304,0,0,0,0,0,0]-[4,512,526352,2621440,0]
[0,0,0,0,0,134217728,0,0,0,0,0,0,0,0,4,0]-[512,65568,0,16777216,0]
[0,16777216,0,0,0,0,0,0,0,0,0,0,4096,0,0,0]-[1024,0,1024,1,128]
[1024,0,67108864,0,0,256,0,0,0,0,0,0,0,0,0,0]-[2097152,32,1024,65536,0]
[0,0,67108864,0,0,8388608,0,0,0,0,0,0,0,128,0,0]-[2097162,327680,1073741824,70164,131072]
[65536,0,0,0,0,64,0,0,0,0,0,0,32768,0,0,0]-[8192,524800,0,0,128]
[0,0,0,32,2097152,0,0,0,0,0,0,0,0,0,0,0]-[1050624,8,8388608,0,0]
[0,67141632,0,0,0,0,0,0,0,0,0,0,0,0,0,0]-[525312,0,0,0,524296]
[0,0,0,0,0,8192,0,0,0,0,0,0,0,0,0,2048]-[33554432,0,0,98304,8]
[0,0,0,0,0,0,0,16,0,0,4096,0,0,0,8,0]-[2147500032,134283268,135266304,268435456,0]
[0,0,0,0,0,0,0,0,0,134217728,0,0,1024,0,0,0]-[0,8683520,0,0,2]
[128,0,0,0,0,0,0,0,0,0,0,0,0,2147483648,0,0]-[131072,262144,0,196608,0]
[0,128,67108864,0,0,0,0,0,135266304,0,0,0,0,0,0,0]-[0,536871168,8,16,0]
[262144,0,0,0,262144,256,0,16,16777216,0,0,0,0,0,0,0]-[2147483648,4096,0,256,8192]
[0,0,0,0,0,0,0,32768,1048576,524288,0,0,0,0,0,0]-[131072,536870912,33554432,0,1024]
[0,0,0,32,67108864,0,0,0,0,0,0,0,1048576,0,0,0]-[262144,4,8192,0,2097152]
[0,0,67108864,32768,0,0,0,0,0,0,0,0,0,0,33554432,0]-[134217728,4194308,0,0,2048]
[0,16384,0,0,0,0,0,256,1048576,0,0,0,0,0,0,0]-[0,0,33554560,514,0]
[0,0,0,0,0,0,8192,0,0,0,0,134217728,0,0,0,0]-[384,34340864,0,536870912,65664]
[0,0,67108864,0,0,256,0,0,135266304,0,0,0,0,128,0,0]-[0,65792,1073741824,4096,1024]
[0,0,0,16777216,0,256,0,16,0,0,0,0,0,0,0,0]-[16384,67108864,512,16,0]
[0,4,2,0,0,0,0,0,0,0,0,0,0,0,0,0]-[4,8192,536870912,0,1048576]
[536870912,0,67108864,0,0,0,0,0,0,0,4096,0,0,128,0,0]-[1,132096,0,0,128]
[0,0,0,0,0,0,0,8,0,2,0,65536,0,0,0,131072]-[1073742336,134217728,0,4,0]
[0,0,0,0,0,0,0,0,1048576,0,0,0,1048576,0,0,16384]-[0,128,8,1073750016,0]
[0,0,67108864,0,0,0,0,0,0,0,0,0,0,0,0,16]-[50364425,289792,2214691072,32844,2113601]
[0,0,0,0,67108864,0,0,0,0,0,0,0,0,32768,0,0]-[1048576,8192,1024,2147483648,0]
[0,0,0,0,0,0,0,0,67108864,0,0,0,1048576,0,0,0]-[163843,276824070,134217728,2165457156,1310752]
[0,0,0,0,0,256,0,0,0,0,262144,0,0,0,0,0]-[0,0,0,196624,2048]
[0,0,0,0,0,67108864,0,8,0,0,0,0,0,0,0,0]-[0,167772160,0,2097152,262144]
[0,0,0,0,0,0,2147483648,0,0,0,536870912,0,0,0,0,0]-[1073742080,0,2147614720,0,0]
[524288,0,67108864,0,0,64,0,0,1048576,0,0,0,1048576,0,0,0]-[2147485696,16,0,8192,0]
[16777216,0,0,0,0,8192,2097152,0,0,0,0,0,0,0,0,0]-[4194304,2048,537133056,0,0]
[0,0,0,16908288,0,0,0,0,0,0,0,0,0,0,0,0]-[0,136331776,1342177346,4096,16384]
[0,0,0,256,0,0,0,16,0,0,0,0,0,0,0,0]-[541069825,267266,1074307072,16384,131200]
[0,0,67108864,0,0,0,0,8,0,0,0,1073741824,1048576,128,0,0]-[0,64,1048576,128,524288]
[8192,0,0,0,0,0,0,0,128,0,0,0,1048576,0,0,0]-[256,4194304,68,0,0]
[0,0,1024,0,0,0,0,16,0,0,0,0,0,67108992,16777216,0]-[0,65536,10485760,0,2097152]
[0,128,67108864,0,0,0,0,16,0,0,0,0,0,131072,0,0]-[12,0,33554432,0,65536]
[0,0,67108864,0,0,0,0,0,0,0,0,65536,262144,0,0,0]-[8388608,256,1073741824,134217728,0]
[0,0,67108864,0,0,0,0,65536,0,0,0,0,0,0,0,4096]-[134217728,4194304,1073741824,0,128]
[0,0,0,0,201326592,0,0,0,0,0,0,0,0,0,0,0]-[0,2,1073774592,8388608,0]
[0,0,67108864,0,2147483648,8192,0,0,0,0,0,0,0,0,0,0]-[65536,8192,32772,0,0]
[0,0,67108864,0,0,0,0,0,0,0,4096,1,0,0,0,0]-[0,139264,0,1024,2097152]
[0,128,0,0,0,0,0,16,0,0,0,1073741824,0,0,0,0]-[32768,524304,16777216,0,0]
[0,32,0,0,0,0,64,0,268435456,0,0,0,0,0,0,0]-[32768,67108866,512,0,0]
[0,0,67108864,0,0,0,0,0,16777216,512,4096,0,0,0,0,0]-[0,32,0,36872,0]
[0,0,0,0,0,0,0,0,0,0,4096,32768,0,0,0,0]-[256,1,65536,268505216,32768]
[0,0,0,0,0,0,0,0,0,0,0,0,1310720,128,0,0]-[271597568,84937729,540016643,69271552,533504]
[0,0,67108864,0,0,0,0,0,0,0,0,16777216,262144,0,0,0]-[0,16384,256,2097152,65536]
[0,0,131072,0,0,0,0,16,0,0,0,0,1310720,128,0,0]-[0,67110912,0,67108864,1048576]
[0,0,0,0,0,0,0,0,1048576,0,0,0,0,8192,0,64]-[2113536,128,0,268435456,0]
[0,0,67633152,0,67108864,0,0,65536,0,0,0,0,0,0,0,0]-[0,8,1024,40,0]
[0,0,0,8192,0,0,0,16,0,0,0,0,0,0,0,0]-[0,134285344,512,67108864,2109440]
[0,0,67108864,0,67108864,0,0,0,0,0,0,0,0,128,0,128]-[0,256,2113536,2097152,0]
[0,0,0,0,0,0,0,0,2097152,0,4096,0,0,0,0,0]-[0,0,524290,2155872256,0]
[0,0,67108864,0,0,0,0,8,33554432,0,4096,131072,65536,0,0,0]-[0,2099200,0,0,2052]
[524288,0,0,0,0,0,0,0,0,0,0,0,0,128,64,0]-[1,65536,0,276824064,0]
[0,0,8192,0,0,0,0,0,1048576,0,0,1073741824,0,128,0,0]-[131072,0,1073741824,1073741856,0]
[0,0,67108864,0,0,0,0,0,131072,0,0,0,0,0,8192,0]-[67108928,67108864,0,0,32768]
[0,0,67108864,65536,0,0,0,0,0,0,0,0,0,0,0,0]-[260636748,369524301,305176372,55912282,3918272]
[128,0,67108864,0,0,0,0,134217728,1048576,0,0,0,0,0,0,0]-[0,0,33554432,33554450,0]
[0,0,68157440,16,0,0,0,0,0,0,0,0,0,128,0,0]-[0,536870912,0,69632,524288]
[0,0,67108864,0,67108864,2097152,0,0,0,0,0,0,0,0,0,128]-[4194304,2432696320,0,0,0]
[0,128,0,0,0,0,0,0,0,0,0,16,1048576,0,0,0]-[0,3,0,1048832,0]
[0,0,67108864,0,0,0,0,0,134217730,0,0,0,0,0,0,0]-[2056,536870912,1075838992,0,320]
[0,0,0,0,0,0,0,16,262144,0,0,0,0,0,0,0]-[1074799632,536887810,1073741872,8194,10248]
[512,0,0,0,0,0,0,0,0,0,0,0,1048576,0,0,0]-[0,10,0,8,1024]
[0,0,0,0,0,0,64,0,16777216,0,0,0,0,536870912,0,0]-[16384,0,640,64,0]
[0,0,67108864,0,0,256,0,0,0,0,0,32,0,0,0,0]-[65544,268469288,269029640,134488064,131136]
[0,0,0,0,0,0,0,0,1048576,0,0,1,0,128,0,0]-[2115588,1048576,536871040,1073743872,139328]
[0,0,0,0,0,0,0,0,0,0,0,0,262144,0,1048578,0]-[0,0,8388608,270344,0]
[0,0,0,0,0,0,0,0,1048576,0,1073741824,0,0,0,0,0]-[1124468788,549520284,50626779,2215682177,128]
[0,0,0,0,0,0,0,0,0,0,0,0,2097152,536870912,0,0]-[16384,0,67109888,16,0]
[0,0,67108864,2147483648,0,256,0,0,0,0,4096,0,0,0,0,0]-[0,0,1073807360,4352,0]
[4194304,0,0,0,0,256,0,0,0,0,0,0,0,0,0,0]-[2147483648,8192,33,0,0]
[0,0,0,0,0,64,0,0,134217728,0,0,0,256,0,0,0]-[805306368,0,8388608,0,128]
[0,0,2048,0,0,0,0,0,0,0,0,0,131072,0,0,0]-[0,0,16777216,2162688,2097152]
[0,0,0,0,0,0,0,0,131072,64,4096,0,0,0,0,0]-[1,0,134217728,262656,0]
[0,0,0,524288,0,0,0,0,1048576,0,0,0,0,0,0,0]-[0,32,54788104,1049600,0]
[0,0,0,0,0,4,0,0,0,268435456,4096,0,0,0,0,0]-[16384,0,1073741824,4194304,8]
[0,0,0,0,0,0,0,0,0,0,268439552,0,0,0,0,0]-[786432,8192,16384,0,0]
[128,0,0,0,0,256,0,0,0,0,0,0,0,128,0,0]-[410176,268504416,545415168,268501210,426048]
[128,0,67108864,0,0,0,0,0,0,0,4096,0,1048576,0,1073741824,0]-[1,33554464,0,0,2097152]
[0,0,0,0,1073741824,0,0,0,0,0,4096,0,1048576,128,0,0]-[0,0,0,4100,32800]
[0,0,0,0,0,0,0,0,0,0,4096,0,0,4194304,131072,0]-[16384,16777216,0,268566528,0]
[0,0,134217728,0,0,0,4,0,0,0,0,0,0,0,0,0]-[18874368,0,0,131072,524288]
[0,0,0,0,0,0,0,0,0,0,0,32,0,0,262144,0]-[1048578,16777216,100827136,24576,0]
[0,0,67108864,0,0,0,0,16,0,0,0,0,0,67108864,16777216,0]-[0,0,2097152,65,2097152]
[0,0,67108864,0,0,0,0,0,0,0,2,0,0,0,0,0]-[2290090088,19171440,2181109796,2282759705,19649]
[0,0,0,0,0,8192,0,1,0,0,0,0,0,0,0,0]-[0,1073750016,0,262144,2]
[0,536870912,0,0,0,0,0,0,1048576,0,0,0,262144,128,0,0]-[0,0,129,67108864,131072]
[1073741824,0,67108864,0,0,0,0,131072,0,0,0,0,0,0,134217728,0]-[0,17039360,2097152,0,16384]
[0,0,0,0,0,0,0,0,0,0,1048580,0,0,0,0,0]-[1107296256,0,2,0,64]
[0,0,0,0,0,0,0,512,0,0,16,0,0,0,0,0]-[67108928,0,1073741824,8388608,0]
[0,0,67108864,0,0,0,0,0,0,0,2147483648,0,0,128,0,0]-[32769,64,16384,0,0]
[0,0,0,0,0,256,0,0,0,0,2147483648,0,0,0,0,0]-[1073741825,0,256,0,128]
[1073741824,0,67108864,0,0,0,0,0,0,0,0,0,4194304,0,0,0]-[64,0,2048,65536,64]
[0,0,0,0,0,0,0,512,134217728,0,0,0,0,0,0,0]-[32,128,85065729,67110912,516]
[8,0,0,0,0,0,0,0,0,0,0,0,0,0,32,0]-[256,0,2147483648,8192,4096]
[4096,0,67108864,0,0,0,0,0,0,0,0,0,1048576,0,0,0]-[0,0,33554448,134283264,0]
[268435456,0,2214592512,0,0,0,0,0,1048576,0,0,0,262144,0,8,0]-[0,16384,0,4195328,1024]
[0,0,0,0,67108864,0,0,0,0,2147483648,0,0,0,0,0,0]-[71303424,1073741824,16779392,512,0]
[0,0,67108864,0,0,0,0,0,1048576,0,4096,0,0,128,0,0]-[18876485,889520480,1074282528,140580786,2753668]
[0,0,0,0,0,256,0,0,1048576,0,4096,0,0,0,0,0]-[3222077696,385876288,1099186289,2619545856,156672]
[0,0,67108864,0,0,0,0,0,1048576,0,0,0,1048576,128,536870912,0]-[0,268435456,0,134217728,1152]
[0,0,0,0,0,0,0,0,0,0,5120,0,0,0,0,0]-[268697600,67248128,8388736,33554432,2097152]
[0,0,67108864,0,0,0,0,0,0,32768,0,0,1048576,0,0,0]-[25202688,16781312,4096,18878720,1048576]
[0,0,0,0,0,0,0,0,0,0,4096,0,1048584,0,0,131072]-[0,67108865,33554432,131072,0]
[0,0,0,0,2097152,0,0,16,0,0,4096,0,0,0,0,0]-[0,8,134217792,128,0]
[0,0,0,0,0,0,0,0,0,0,0,0,1048576,1073741952,0,0]-[0,65536,2097152,67109376,0]
[0,0,0,0,0,64,0,0,0,0,0,0,1048576,128,0,256]-[16386,2048,8192,0,0]
[128,0,0,0,0,0,0,0,16777216,0,0,0,0,0,33554432,0]-[1073741824,0,131080,0,4]
[0,0,0,0,0,0,0,0,1048576,0,0,0,0,2147483776,0,0]-[163840,0,8429568,603983872,0]
[0,0,16777216,0,0,0,0,0,0,2,4096,0,0,0,0,0]-[0,536870912,0,196608,32]
[0,0,0,0,0,0,0,0,1048576,0,0,0,0,256,0,0]-[0,0,16785408,8193,0]
[128,0,0,0,0,0,0,0,1048576,0,0,16,1048576,0,0,0]-[0,3,0,0,2097154]
[0,0,67174400,0,32768,0,0,0,0,0,4096,0,0,0,0,0]-[0,541065216,4096,128,0]
[0,0,0,0,0,0,0,8388608,0,0,0,1024,0,0,0,0]-[0,1052672,524288,16777216,0]
[0,0,0,0,0,0,0,8,1048576,0,0,0,1048576,0,4096,0]-[0,128,2048,128,524288]
[0,0,0,0,0,268435456,0,16,0,0,0,0,0,0,0,0]-[0,528,2147516418,64,4096]
[0,0,67108864,0,0,2048,0,0,8192,0,0,0,4194304,0,0,0]-[8,0,16,64,32768]
[0,0,67108864,0,32,0,0,0,0,0,4096,0,0,0,0,0]-[2147483648,0,2147483648,2,4]
[0,0,0,0,0,0,0,0,1048576,0,0,512,0,0,0,0]-[0,262272,80,2181038336,131072]
[0,0,0,0,0,0,0,16,0,0,0,2097152,0,0,0,0]-[16384,524288,536904194,33570848,2121728]
[0,0,0,0,0,1048576,0,0,0,32,0,0,0,0,0,0]-[1024,0,1073741824,16777216,4]
[0,0,0,0,0,0,0,16,0,0,0,0,131072,0,0,0]-[0,526848,16782080,2147483776,2097313]
[0,0,67108864,16,0,0,0,0,1048576,0,0,0,0,0,0,0]-[16809984,278532,4718592,134219520,1049600]
[0,0,0,0,0,0,32,16,0,0,0,0,0,0,0,4]-[32784,134217728,2097152,0,0]
[0,0,0,1073741824,0,0,0,0,0,0,0,16777216,0,128,0,0]-[1048580,536870912,2359296,0,0]
[0,0,67108864,0,0,0,1048640,0,1048576,0,0,0,0,0,0,0]-[0,0,48,32832,0]
[0,128,0,0,0,16384,0,0,0,0,0,0,0,0,0,0]-[128,0,33555456,0,65536]
[0,16,0,0,0,256,0,16,1048576,0,0,0,1048576,128,0,0]-[0,65536,0,203423744,0]
[2048,0,67108864,0,0,0,0,0,0,0,0,0,67371008,0,0,0]-[0,10240,0,256,524288]
[0,0,0,0,134217728,0,0,0,0,0,0,0,262144,0,0,0]-[1048576,0,571473920,0,0]
[0,0,0,0,0,4194304,0,0,0,33554432,0,0,0,0,0,0]-[0,0,65540,0,1048584]
[0,0,0,16777216,0,0,8192,0,1048576,0,4096,0,0,0,0,0]-[0,256,64,301989888,0]
[0,0,67108864,0,0,0,0,16,0,0,0,0,0,131200,0,0]-[0,0,2097152,160,2097152]
[268435456,1024,0,0,0,0,0,0,0,0,67108864,0,0,128,0,0]-[16384,8388608,1073872896,0,0]
[8388608,0,0,0,0,0,0,0,0,0,4096,0,0,0,0,0]-[86313216,1610711040,276845057,69213184,2166816]
[0,0,0,0,0,0,0,0,32,0,0,0,0,0,67108864,0]-[131074,8192,0,64,0]
[0,0,0,0,0,0,0,8388624,134217728,0,0,0,0,0,0,0]-[0,32,131072,0,1052672]
[0,0,0,0,0,0,0,0,0,0,0,64,1048576,128,33554432,0]-[0,8388608,0,0,262336]
[0,0,67108864,0,0,0,33554432,0,0,0,4096,0,0,0,0,0]-[8390656,536870912,0,33554432,32896]
[0,0,0,0,0,8192,0,16,0,0,4096,0,0,0,0,0]-[524288,65536,142610498,128,30880]
[0,0,0,262144,0,8192,0,0,1048576,0,0,0,0,0,0,0]-[16,0,8209,0,0]
[0,0,0,0,0,0,0,8,0,0,128,0,0,0,0,0]-[32,0,33816576,4096,0]
[0,0,0,0,67108864,0,0,0,0,0,8,0,0,128,0,0]-[0,32,0,1073741832,32]
[0,0,67109120,0,0,0,0,0,1048576,0,0,0,0,0,0,0]-[16842752,4194340,8232,272,1]
[0,0,0,0,0,8192,0,0,0,0,0,0,0,131072,0,0]-[0,0,134742016,1,4096]
[0,0,0,0,0,0,0,16,1048576,0,33554432,0,0,0,0,0]-[1,536870912,262144,524288,0]
[0,0,0,64,0,0,0,0,0,0,0,0,16384,0,0,0]-[0,268435456,1,65536,2048]
[0,0,0,0,0,8192,0,536870928,0,0,0,0,0,0,0,0]-[0,0,0,268451872,262144]
[0,0,67108864,0,0,256,0,0,0,0,4096,0,0,0,0,2]-[2048,2147745808,0,0,0]
[0,0,0,0,0,0,0,0,17825792,2147483648,4096,0,0,0,0,0]-[16384,32,64,32768,0]
[0,0,67108864,0,0,0,0,0,1048576,0,0,0,8388608,0,0,0]-[0,64,17408,0,2097152]
[0,0,0,0,0,0,8192,0,0,0,4,0,0,0,0,0]-[8192,536870912,536871424,0,0]
[0,0,0,0,0,0,0,0,262144,0,0,1024,0,0,0,0]-[67109376,0,0,32768,1024]
[0,0,0,32,0,0,0,0,1048576,0,4096,0,0,0,0,0]-[2049,4,1082130496,33554432,0]
[0,0,67108864,0,0,0,0,0,0,0,0,0,256,0,0,0]-[2366113903,2974149404,1144635192,58565625,1754197]
[0,0,0,0,0,256,0,16777216,1048576,0,0,0,0,0,0,0]-[131088,512,8388673,268435456,131072]
[0,0,0,0,0,0,64,0,0,0,4096,32,0,0,0,0]-[0,16,0,1024,32800]
[0,0,67108864,0,0,0,0,0,1048576,0,4096,0,0,1048704,0,0]-[0,268435456,32,16,1024]
[0,0,67108864,0,0,64,0,0,0,0,0,0,0,128,0,0]-[2160101451,3053588849,2151195676,594556,3769476]
[0,0,0,0,0,0,0,0,0,0,4160,0,0,0,0,0]-[1077952600,2718310416,268440208,318787584,4098]
[0,0,64,0,0,0,0,0,0,0,4096,0,0,0,0,0]-[1073741824,0,524914,524288,0]
[0,0,0,0,0,0,2097152,0,1048576,0,0,0,1048576,0,0,0]-[65536,0,0,1879048192,0]
[0,0,0,16384,0,0,0,0,0,0,0,0,1048576,0,0,0]-[16777216,8388608,167772160,67108864,0]
[0,0,0,0,0,0,8192,0,131072,0,0,0,0,128,0,0]-[0,1,0,4160,32]
[0,0,0,128,0,0,0,0,1048576,0,0,0,0,0,0,0]-[665640,33556916,822120588,559032840,131272]
[0,0,75497472,0,0,0,8192,0,0,0,0,0,0,0,0,0]-[2048,8,2097152,32768,0]
[0,0,0,0,0,0,0,0,0,0,4224,0,0,0,0,0]-[404881672,38912,268435584,2214594560,294913]
[0,0,0,0,0,0,2048,0,1048576,0,0,0,1048576,0,536870912,0]-[0,0,262144,6295552,0]
[128,0,67108864,0,0,0,0,0,134217728,0,0,0,0,0,0,0]-[205523008,329728,33596424,17899746,655700]
[0,0,0,0,0,0,0,0,134217728,0,0,0,262144,33554432,0,0]-[0,1073758208,0,66560,0]
[0,0,0,0,0,0,2048,0,1048576,0,4096,0,0,0,0,0]-[0,536870912,192,33554432,0]
[0,0,67108864,0,0,8192,0,0,0,0,67108864,0,0,0,0,0]-[0,65,67108864,0,4]
[2097152,128,67108864,0,0,0,0,0,1048576,0,0,0,0,1024,0,0]-[4,262144,0,4194368,0]
[536870912,0,67108864,0,0,0,0,0,0,0,0,0,8,0,0,0]-[0,33554432,589824,0,128]
[0,0,0,0,0,0,67117056,0,1048576,0,0,0,0,0,0,0]-[0,2147483648,0,131072,262146]
[0,128,0,8,0,0,0,16,0,0,0,0,0,0,0,0]-[276824064,0,1073741824,2,0]
[0,128,0,0,0,0,0,0,1048576,0,0,0,262144,128,0,0]-[2097152,0,129,2097152,0]
[0,0,1073741824,0,0,0,32768,0,1048576,0,0,0,0,128,0,0]-[33554432,0,536870912,0,139264]
[0,0,2097152,0,0,0,0,0,1048576,0,0,0,0,0,0,0]-[2449,1114656,58982576,525312,524288]
[0,1,0,0,0,0,0,0,0,0,0,0,0,0,65536,0]-[0,34078720,4096,8519680,0]
[0,0,67108864,0,0,0,8192,0,0,0,0,0,0,0,0,8192]-[0,553648128,0,256,1]
[0,0,67108864,0,0,0,0,0,0,0,33554432,0,0,0,2,0]-[67108864,4096,0,33587200,0]
[0,0,0,0,0,0,1024,0,16777216,0,0,0,0,0,0,0]-[67174400,2097152,0,0,512]
[0,0,0,0,0,0,0,0,2048,0,0,0,1048640,0,0,0]-[0,0,8193,135168,0]
[0,0,0,0,0,0,0,0,0,0,0,1074266112,1048576,0,0,0]-[4096,2560,0,67108864,0]
[0,33554432,0,16384,0,0,0,0,0,0,0,0,0,0,0,0]-[0,0,4,0,524312]
[0,268435456,67108864,0,0,0,0,0,0,0,0,32,1048576,0,0,0]-[64,0,33554432,2147483648,2097152]
[0,0,0,268435456,0,0,0,0,0,0,0,0,0,33554432,0,0]-[8,1074004096,0,0,0]
[0,0,0,0,67108864,0,1,0,0,0,4096,0,0,0,0,0]-[0,131072,8392704,0,2097152]
[0,0,67108864,0,0,0,0,0,0,131072,0,0,0,0,0,0]-[2181042178,2400872,528,1048668,1048834]
[0,0,67108864,0,0,0,0,0,0,0,4096,0,0,0,4,0]-[67633152,33856,268505088,134218752,524292]
[0,262144,0,0,0,0,0,0,0,0,4096,0,0,0,67108864,0]-[0,4096,256,16777216,512]
[0,0,0,0,8192,0,0,0,1048576,0,0,0,2097152,0,0,0]-[0,0,33554432,2214592512,16]
[0,0,0,0,0,0,0,16,0,0,0,33554432,0,0,0,0]-[0,0,1048576,268451840,2048]
[0,0,0,4194304,0,64,0,0,1048576,0,0,0,0,0,268435456,0]-[128,16,8388616,0,0]
[0,0,0,0,0,0,0,0,1048576,0,0,524288,16777216,128,0,0]-[0,65536,8388608,2,128]
[0,0,67108864,0,0,8192,0,0,1048576,0,0,262144,0,0,0,0]-[32768,536870912,8192,0,1]
[0,0,0,32768,0,0,0,0,0,1024,0,0,0,0,0,0]-[512,0,0,17408,262144]
[0,0,67109888,0,0,0,0,0,0,8,0,0,0,0,0,0]-[33558528,16388,0,0,0]
[2048,0,67108864,0,0,0,0,0,0,0,4096,0,0,0,0,0]-[2112,2954890276,4194308,0,524290]
[0,0,524288,0,0,0,0,0,1048576,0,0,0,1048576,0,0,0]-[256,1073741824,0,1610620929,131076]
[0,0,67108864,0,0,0,0,16,0,0,0,0,0,0,0,4096]-[0,553648128,0,16777216,131072]
[16,0,67108864,0,0,0,0,0,0,0,0,0,0,0,65536,0]-[8421384,0,8192,0,0]
[0,0,67108864,0,0,0,0,0,0,0,0,0,9437184,2113536,0,0]-[32768,4096,0,2097152,64]
[0,0,67108864,0,0,0,0,8,0,0,262144,0,0,0,0,0]-[0,4096,32,0,5]
[0,0,0,16777216,0,0,268435456,0,0,0,0,0,0,0,0,0]-[0,4194306,0,1048608,0]
[0,0,67108864,0,65536,0,0,0,0,0,0,0,131072,0,0,0]-[16777216,0,2149580800,32,0]
[0,0,0,0,0,0,0,0,1048576,0,8192,0,0,128,0,0]-[33554452,8388608,0,136314880,0]
[0,0,0,0,0,0,0,0,1048576,8192,4096,0,1048576,0,0,0]-[16777216,33554432,0,100663296,0]
[0,0,8,0,0,0,64,0,0,0,0,0,0,0,0,0]-[82560,786440,538443808,34078720,2560]
[128,0,0,0,0,0,0,0,0,0,0,2048,0,128,0,0]-[262144,0,163840,65536,0]
[0,0,0,0,0,0,0,0,0,0,0,0,68157440,128,0,0]-[262208,2080,262144,0,0]
[0,0,0,32,0,64,0,0,0,0,0,0,0,0,0,0]-[2415927312,530688,136,536870913,4]
[0,0,0,0,0,256,0,0,0,0,0,1048576,1048576,0,0,0]-[1310720,512,16,0,0]
[0,0,0,0,0,4096,0,0,0,0,0,0,1048576,0,0,0]-[0,512,8200,276826112,8194]
[0,0,0,0,2147483648,0,8192,0,0,0,0,0,0,0,0,0]-[536870912,8320,4,0,0]
[0,0,1024,0,0,0,0,0,1048576,8192,0,0,0,128,0,0]-[16384,0,0,128,1028]
[0,0,67108864,0,0,536870912,0,536870912,0,0,0,0,0,0,0,0]-[4096,0,524288,65,0]
[128,0,0,0,0,0,0,0,1048576,0,0,0,0,65536,0,0]-[0,0,526464,0,1048576]
[0,0,0,0,2048,0,0,0,0,0,0,16384,0,0,0,0]-[2,1048576,8388608,0,4096]
[0,0,67108864,0,0,0,8192,0,1048576,0,0,0,1048576,0,0,0]-[2181136384,32,33554432,608,1]
[0,0,67108864,0,0,128,0,0,0,0,4096,0,1048576,0,0,0]-[16777216,33554440,0,256,0]
[0,0,67108864,0,0,0,0,24,1048576,0,0,0,0,0,0,0]-[2048,4456448,1074268160,557184,1048577]
[2048,0,0,0,0,0,0,0,1048576,0,0,0,0,128,0,0]-[16,1610612736,1073774592,0,524420]
[1048576,0,67108864,0,0,0,0,0,1048576,0,0,0,1048576,0,0,0]-[0,66048,0,1048576,64]
[0,0,0,0,2147483648,0,0,0,0,0,0,0,0,0,1,0]-[0,128,2097156,524288,0]
[128,0,0,0,0,0,0,0,0,64,0,0,0,0,0,0]-[512,0,32768,32784,0]
[0,0,4,0,0,32768,0,0,0,0,0,0,1073741824,0,0,0]-[4194304,134217792,256,0,0]
[0,0,0,0,0,0,0,16,0,8192,0,0,0,0,33554432,0]-[524288,4096,0,0,262272]
[0,0,0,0,0,64,2048,0,0,0,0,0,0,0,0,0]-[8192,0,4096,0,130]
[0,131072,0,0,0,0,0,0,0,0,0,0,4096,0,0,0]-[270532608,0,1073741824,0,1]
[0,0,0,0,0,0,0,0,1048576,0,0,0,0,128,4,0]-[0,1073741824,0,538972176,524288]
[4096,512,0,0,0,0,64,0,0,0,0,0,0,0,0,0]-[0,8208,0,65536,8192]
[0,1,0,0,0,0,0,16,0,0,0,0,0,0,0,0]-[536903680,18,32,67109888,32]
[0,0,67108864,0,0,33554496,0,0,0,0,0,0,0,0,0,0]-[524288,67108865,0,1048576,0]
[0,135168,67108864,0,0,0,128,0,0,0,0,0,0,0,0,0]-[8,1,0,16,2]
[0,0,0,0,0,32,0,0,0,0,67108864,0,0,0,0,0]-[16384,526336,0,0,32768]
[0,0,0,0,0,0,0,8,0,0,0,0,1310720,0,0,0]-[262144,0,4096,536879108,264196]
[0,536870912,0,0,0,0,0,0,0,0,4096,0,0,0,0,0]-[1342703617,67117056,641,67108864,34]
[0,0,0,0,0,0,128,0,0,0,4096,0,1048576,0,0,0]-[0,1,0,4096,4128]
[0,0,0,0,0,0,0,0,0,0,0,0,4194304,128,0,0]-[1444422,75497568,545915009,2101284,3473600]
[0,0,67108864,0,0,0,0,0,1048576,0,0,0,8,0,0,0]-[50397185,570425396,1112025112,141075569,525717]
[0,0,0,0,0,0,0,0,1048576,33554432,0,0,0,128,0,0]-[32768,0,536870912,805306368,0]
[0,0,67108864,0,0,0,0,0,0,0,0,1056,0,0,0,0]-[2147483648,528,0,0,32768]
[0,0,0,0,0,0,0,0,0,0,0,0,0,8388608,32,0]-[67125248,0,0,536879104,0]
[0,0,0,0,0,0,8192,0,0,0,0,268435456,0,0,0,0]-[0,67108992,134217728,0,512]
[0,128,0,0,67108864,0,0,0,1048576,0,16,0,0,0,0,0]-[0,16,2049,0,4]
[0,128,0,0,0,0,0,8,0,0,4096,32,0,128,0,0]-[512,262144,16384,262144,0]
[0,0,0,0,32,0,0,0,0,0,0,0,0,0,4,0]-[0,1073741824,65536,1075838976,0]
[0,0,0,0,0,256,0,0,0,0,0,0,0,0,8,0]-[0,8388608,134217744,268435456,0]
[0,0,0,0,0,0,0,0,16777216,0,0,0,0,0,0,131072]-[3221225472,8193,536871936,2550136832,0]
[2048,0,0,0,32,0,0,0,0,0,0,0,0,0,0,0]-[16,2048,4325376,0,0]
[0,0,67108864,0,0,0,0,0,0,0,0,0,0,128,8,0]-[0,17039360,0,327766,0]
[0,131072,524288,0,0,8192,0,0,0,0,0,0,0,0,0,0]-[0,8,2,40,0]
[0,0,0,0,0,256,0,0,0,0,128,0,1048576,0,0,0]-[268435456,0,0,2214592516,0]
[262144,0,0,0,0,0,0,0,0,0,4096,0,0,0,0,0]-[1090519553,2181079068,8388800,67455240,2117632]
[128,0,0,0,67108864,0,0,0,0,0,0,0,1048576,0,0,0]-[537919489,32,0,0,0]
[0,0,67108864,0,0,0,0,4096,0,0,0,0,0,536870912,0,0]-[0,16777216,1024,256,128]
[0,0,67108864,0,0,0,0,528,0,0,0,0,64,0,0,0]-[64,8,1050624,0,0]
[0,0,0,0,65536,8192,0,0,1048576,0,0,0,0,128,0,0]-[32784,262144,0,0,8192]
[128,0,0,0,0,0,0,0,0,0,67108864,0,256,2,0,0]-[0,2048,32776,0,32]
[0,0,67108864,0,0,0,0,0,0,0,0,0,5242880,0,0,0]-[2,33554944,33554448,1052676,98368]
[0,0,0,0,0,0,4194304,0,0,0,0,0,0,4,0,0]-[1,0,2048,8388608,2048]
[0,0,0,0,0,0,0,0,0,0,4096,0,536870912,0,0,0]-[1073745920,2252374088,65664,302336772,136]
[32768,0,0,0,0,0,0,0,1048576,0,0,0,0,0,0,0]-[16777216,1048592,536870912,2684354576,131072]
[0,0,67108864,0,1073741824,0,0,0,1048576,0,0,0,0,128,0,0]-[0,262144,0,512,1048580]
[0,0,0,0,0,0,0,16,0,0,0,0,1048576,0,16384,0]-[537133056,2,8192,0,0]
[0,0,67108864,0,0,0,8192,0,0,0,0,0,0,0,0,4]-[67108864,256,4,0,16]
[0,0,0,0,8,64,0,0,0,0,0,0,262144,0,0,0]-[536870976,524288,0,0,32]
[67108864,0,0,0,0,0,64,0,1048576,0,0,0,0,32,0,0]-[262144,0,0,536903680,128]
[0,0,67108864,0,0,0,0,0,0,0,0,0,1048576,0,0,131072]-[4,80,0,0,16]
[0,0,67108864,0,0,0,32,0,16777216,0,0,0,0,0,0,0]-[134217728,2147483648,1024,134217728,0]
[0,0,67108864,0,0,0,0,0,2048,0,0,0,1048576,0,0,0]-[138412032,0,12,0,1]
[0,0,0,0,0,0,0,0,0,0,0,0,17039360,0,0,0]-[16,537927680,0,0,0]
[0,131072,0,0,0,0,0,0,1048576,0,0,0,1048576,128,0,0]-[131072,268435488,0,0,1048704]
[0,0,1140850688,0,0,0,0,0,1048576,0,0,0,0,0,0,0]-[18907137,570442240,16,1056992,524288]
[0,0,0,0,67174400,0,0,0,0,0,4096,0,1048576,0,0,0]-[16384,67108868,0,512,0]
[1073741824,0,0,0,0,0,8,16,0,0,0,0,0,0,0,0]-[0,0,2155872768,0,8192]
[0,0,0,0,0,0,0,134217728,0,0,0,0,1310720,0,0,0]-[0,16384,0,33619968,8192]
[0,0,0,0,67108864,0,0,0,135266304,0,0,0,0,0,0,0]-[0,1342193664,16785408,1049216,0]
[0,0,65536,0,0,0,0,0,1048576,0,0,0,1048576,0,0,0]-[33554432,0,536870976,8192,0]
[0,0,67108864,0,0,0,0,2064,0,0,0,0,1048576,0,0,0]-[0,0,0,4368,2097152]
[0,0,0,0,0,0,0,33554432,0,0,0,16384,0,0,0,0]-[134217984,1,0,2147483648,0]
[0,0,0,0,0,0,64,0,1048576,0,0,524288,0,0,0,0]-[0,0,32768,2147485696,524288]
[128,0,67108864,0,0,0,0,8,0,0,4096,0,0,536870912,0,0]-[0,2048,0,2147483664,524288]
[0,0,67108864,0,0,0,0,8,1048576,0,4096,0,0,0,0,0]-[16777216,38011136,1073741824,32768,128]
[128,0,0,4096,0,0,0,0,0,0,0,0,0,0,0,0]-[1145307136,1024,131072,64,64]
[0,1073741824,0,0,0,0,0,0,0,0,0,0,1048576,0,0,0]-[4096,1073743873,2101248,282656,4608]
[0,0,0,67108864,0,0,0,268435456,0,0,512,0,0,0,0,0]-[4115,0,0,0,0]
[0,0,67108864,0,0,64,0,0,0,16,0,0,0,0,0,0]-[64,4096,0,1,2]
[0,0,83886080,0,0,8448,0,0,0,0,0,0,0,0,0,0]-[2097152,2048,1024,65536,0]
[0,0,0,0,0,0,0,16777216,0,16384,0,0,0,536870912,0,0]-[134217728,8,262144,536870912,0]
[0,0,0,8388608,0,0,0,0,16777216,0,0,0,0,0,0,0]-[256,1073741824,0,2097152,16384]
[0,0,0,0,0,64,0,0,0,0,0,2048,0,0,0,0]-[64,640,0,1,0]
[0,256,0,128,0,0,0,0,1048576,0,0,0,0,0,0,0]-[131072,0,32896,1048576,0]
[0,8388608,67108864,0,0,0,0,0,0,0,0,0,0,536870912,0,0]-[32,16816136,33554432,0,4]
[0,0,0,0,0,4096,0,0,0,0,0,0,0,0,0,128]-[512,0,8192,0,8194]
[0,8388608,67108864,0,0,0,0,0,0,1,0,0,262144,0,0,0]-[0,143360,0,1024,0]
[0,0,8,0,0,0,0,0,0,65536,0,0,1048576,0,0,0]-[0,2147483648,67108864,1073741825,0]
[0,1024,67108864,0,16,0,0,0,0,0,0,0,0,0,0,0]-[33554432,262144,2147483648,16777216,0]
[0,256,0,0,0,0,0,0,0,0,0,0,1048576,0,0,0]-[135424,282075160,621807618,1141907585,2128]
[0,0,0,0,0,8388608,0,0,0,0,4096,0,131072,0,0,0]-[2048,0,268435472,268435456,0]
[0,0,67108864,8388608,0,0,0,0,0,0,0,0,1048576,0,0,0]-[134217732,4194304,0,0,1]
[0,0,0,0,0,0,0,0,0,134217730,0,0,0,0,0,0]-[0,0,536870921,16777216,0]
[67108864,0,67108864,0,0,256,0,0,0,0,0,0,0,0,0,0]-[268435456,8388736,0,2048,0]
[1,0,0,0,0,0,128,0,0,0,0,0,0,0,0,0]-[0,2097152,0,4112,32]
[0,0,67108864,0,0,0,0,0,0,0,2147487744,0,0,0,0,0]-[0,33554752,0,0,2]
[0,0,0,0,0,0,2097152,0,4,0,0,0,0,0,0,0]-[0,16777216,1073741824,0,8194]
[0,0,67108864,0,0,16,0,16,0,0,0,0,0,0,0,0]-[0,67584,0,1,2048]
[128,0,67108864,0,0,0,0,0,135266304,0,0,0,0,128,0,0]-[0,262400,0,32,524288]
[1073741824,0,0,0,0,0,0,0,0,0,0,0,1048576,536870912,0,0]-[262208,285212672,0,0,16448]
[0,0,0,16777216,0,0,0,0,0,0,0,0,0,0,0,32]-[64,2113536,16777216,0,0]
[0,0,0,0,0,0,0,0,0,0,0,131072,1048576,536870912,0,0]-[32768,8,0,134217728,8]
[128,0,0,16777216,0,0,0,16,0,0,0,0,0,0,0,0]-[0,134217732,134217792,0,0]
[0,0,0,0,0,0,0,8,0,0,0,16,0,128,0,0]-[262144,0,0,262148,262144]
[0,0,268435456,0,0,0,0,0,0,0,0,0,1,0,0,0]-[131072,67108896,512,0,0]
[2147483648,0,67108864,0,0,0,0,0,0,0,0,0,0,0,0,0]-[88604674,604078105,1377838092,65608,49175]
[0,0,0,0,0,0,0,16,131072,0,0,0,0,0,0,0]-[0,1,2886656,33554432,32]
[0,0,67108864,0,0,0,0,0,1048576,0,0,0,1073741824,0,0,0]-[33554432,344064,56,3146752,1049601]
[0,32,0,0,67108864,0,0,0,0,1,0,0,1048576,0,0,0]-[512,16,16777728,0,0]
[0,0,67108864,0,0,256,0,0,2,0,0,0,0,0,0,0]-[67108928,512,32,0,0]
[0,0,67108864,0,0,0,0,134217728,1048576,0,4096,0,0,0,0,0]-[0,0,33554432,33587712,0]
[0,0,0,0,0,0,2097152,0,0,0,0,0,0,32,0,0]-[384,34078720,0,0,0]
[0,0,67108880,0,0,0,0,0,0,1048577,0,2,0,0,0,0]-[0,2147486720,0,16,0]
[0,0,8,0,0,0,0,0,0,0,0,0,1048576,0,0,2]-[0,16777220,0,0,262272]
[0,128,0,0,0,0,0,0,0,0,4096,0,0,0,0,0]-[287900928,2217082933,1535115475,2452016384,2148480]
[0,0,524288,0,0,0,0,0,0,0,0,0,262144,128,0,0]-[0,553648128,128,0,8192]
[0,0,67108864,0,0,0,0,0,0,0,0,0,16777216,1024,0,0]-[67108864,65536,0,0,32769]
[0,0,67108864,0,0,0,0,0,1048578,0,0,0,0,0,0,0]-[18972673,4259844,34078728,131,324]
[0,0,67108864,0,0,0,0,0,1048576,2097152,0,0,8,128,0,0]-[0,0,0,2097184,1048580]
[128,0,67108864,0,0,0,4194304,0,0,0,0,0,0,0,0,0]-[64,268435456,0,8200,0]
[0,0,0,0,0,256,0,16,0,268435456,0,0,1048576,0,0,0]-[0,1048576,4096,2149580800,0]
[0,0,0,0,0,0,0,0,0,0,0,0,1,524288,33554432,0]-[0,4194304,16778244,0,0]
[0,0,16777216,0,0,0,64,0,0,0,2097152,0,0,0,0,0]-[0,1,268435458,1024,0]
[0,0,67108864,0,0,64,0,8,0,0,0,0,0,0,0,0]-[32768,2103552,531464,8192,4]
[0,0,67108864,0,0,256,0,0,16777216,0,0,32,0,0,0,0]-[1,16777216,256,0,128]
[0,0,0,0,0,0,8192,0,0,0,67108864,0,0,0,0,0]-[0,526336,32768,8,0]
[0,0,0,0,0,0,0,16,4194304,0,0,0,0,0,0,0]-[0,0,2164262912,268435456,0]
[0,0,67108864,0,0,0,0,0,0,0,4096,0,0,8,0,0]-[0,256,512,1280,0]
[0,0,67108864,0,0,256,0,0,0,0,0,0,0,2,0,0]-[0,32,0,98304,2048]
[0,0,0,4194304,0,256,0,0,0,0,0,0,0,0,0,0]-[139264,3221495808,25231429,4100,4128]
[0,0,335548416,0,0,0,0,0,0,0,0,0,0,0,0,0]-[0,40,269484032,0,0]
[0,0,67108872,0,0,0,0,0,0,0,0,0,0,0,0,0]-[2371883560,2839871613,84972832,23175953,2506947]
[1073741824,0,0,0,0,0,0,0,1048576,0,0,0,0,0,33554432,0]-[32,67108872,0,16384,0]
[0,0,67108864,0,0,8192,0,0,0,0,0,536870912,0,0,0,0]-[0,262144,65536,544,0]
[0,0,0,0,0,0,0,2147483648,0,0,0,32,0,0,0,0]-[134217728,16384,64,0,1048576]
[0,0,0,0,0,256,0,4,0,0,0,0,0,0,0,0]-[0,0,512,16973824,0]
[0,0,67108864,0,0,0,0,0,0,0,0,0,0,8192,0,0]-[2101350,33959949,1178091520,16842820,65809]
[128,0,67108864,2147483648,0,0,0,0,0,0,4096,0,0,0,0,0]-[65537,131072,0,262144,0]
[0,0,0,0,0,0,2048,0,1048576,0,0,0,134217728,128,0,0]-[33816576,256,0,4096,0]
[0,0,0,0,0,256,8192,0,0,0,0,0,262144,0,0,0]-[8,0,0,32896,262144]
[128,0,0,0,0,0,0,0,1064960,0,0,0,0,0,0,0]-[16384,0,0,33,64]
[0,0,67108864,0,0,0,32768,0,0,0,128,0,0,0,0,0]-[0,2147483648,1572864,32768,0]
[0,0,67108864,0,0,0,0,32768,0,0,0,0,262144,0,262144,0]-[0,0,1048576,35651584,2]
[0,0,0,0,0,0,0,0,0,0,0,0,0,4096,33554432,0]-[131072,8,268435456,16384,0]
[0,0,0,0,0,0,0,0,0,0,1048576,0,0,536871040,0,0]-[16384,1,131072,0,64]
[0,0,524288,0,0,0,0,0,0,0,0,128,1310720,0,0,0]-[0,16793600,0,33554432,8192]
[0,0,0,0,0,0,524288,0,1048576,0,33554432,0,0,0,0,0]-[131072,0,4194304,2098176,0]
[0,0,1048576,0,0,0,0,0,134217728,0,0,0,0,128,0,0]-[0,545259776,2097152,0,0]
[0,0,0,0,0,256,0,0,0,0,0,0,0,1,0,0]-[80,0,16777216,0,135168]
[128,0,67108864,0,0,0,0,0,0,0,0,32,0,0,0,0]-[134217792,2449473552,557056,2186354816,80]
[0,2097152,0,0,0,0,0,0,1048576,2048,0,0,1048576,128,0,0]-[0,8388640,0,67108864,1024]
[0,0,0,0,0,0,0,0,0,0,0,0,262144,262144,0,0]-[65536,134217728,0,134217728,8]
[33554432,0,0,0,0,0,0,0,0,0,0,0,0,128,0,0]-[0,1024,3,2048,65536]
[0,0,67108864,0,0,0,0,0,1048576,0,0,0,1,0,0,0]-[1,0,0,134258688,0]
[0,0,0,0,0,0,0,0,1048576,0,2048,0,0,128,0,0]-[0,0,128,192,1024]
[0,0,0,0,0,0,536870912,0,0,0,0,0,0,128,0,0]-[1744830472,8454144,524322,335806464,41096]
[0,0,0,16777216,0,0,0,0,0,0,4096,0,1048576,0,0,0]-[134234112,1073741824,16777218,16384,65544]
[0,0,0,0,16842752,0,0,0,0,0,0,0,0,0,0,0]-[2147483648,0,0,8388608,6144]
[0,0,67108864,0,0,8192,0,0,0,0,0,0,0,128,0,0]-[236978190,2969902433,70819884,135598227,132228]
[8388608,0,0,0,0,2048,0,0,0,0,0,0,0,0,0,0]-[536870912,17408,8388608,0,0]
[0,0,0,0,262144,0,8192,0,0,0,0,0,1048576,128,0,0]-[1,16777216,0,67174400,1048576]
[0,0,0,0,524288,0,0,0,0,0,0,0,1048576,128,0,0]-[268435584,67108864,0,2097152,2097152]
[0,0,67108864,0,0,0,0,0,1048576,0,1073741824,0,1048576,0,0,0]-[0,0,2048,40961,0]
[0,0,0,0,0,0,0,0,8,0,0,0,0,4194304,0,0]-[512,0,65536,0,2097664]
[0,0,67108864,0,0,0,0,0,0,1048576,0,0,0,0,0,0]-[151586887,2449615881,3255862576,2147521586,18818]
[2,0,67108864,0,0,0,0,0,0,0,0,0,0,0,0,0]-[4722697,280577,10496,4099,131153]
[0,0,0,0,0,0,0,0,0,16384,67108864,0,0,0,0,0]-[67108880,0,65536,536870912,0]
[0,0,67108864,0,0,0,0,0,1048576,0,0,0,4096,128,0,0]-[32768,0,524288,528,0]
[0,0,67108864,0,0,0,0,0,0,0,0,0,0,4224,0,0]-[33554440,32,32768,0,0]
[0,0,0,16,0,0,0,0,0,0,0,0,0,0,0,2048]-[1024,16384,0,4096,524288]
[0,0,0,1,0,0,0,0,0,0,0,0,0,536871040,0,0]-[0,131072,128,80,0]
[0,16,0,0,0,0,0,0,0,0,0,16,0,128,0,0]-[4,0,2155872256,0,8192]
[0,0,0,0,0,8192,0,0,0,0,0,0,134479872,0,0,0]-[33554440,0,4096,0,4096]
[0,0,67108864,0,0,0,0,536870912,0,0,4096,0,0,0,0,0]-[2147483650,0,0,134217728,2048]
[0,0,0,0,0,0,0,0,0,2147483648,0,0,0,16384,0,0]-[130,0,2048,1073741824,0]
[128,0,0,0,0,0,0,0,0,0,2147483648,0,0,0,0,0]-[0,150994952,1048576,0,0]
[256,0,0,0,0,0,0,0,0,0,4096,0,0,128,0,4]-[0,16777216,1,268435456,128]
[0,32768,0,0,0,0,0,0,0,0,0,0,536870912,0,0,0]-[536870912,2147483648,0,0,131080]
[0,0,0,0,0,264,8192,0,0,0,0,0,0,0,0,0]-[2147483648,0,285474816,0,0]
[0,0,16384,0,0,0,0,16,1048576,0,0,0,1048576,536870912,0,0]-[16384,65540,0,16,0]
[0,0,67108864,0,0,0,8192,0,0,0,0,0,0,32,0,0]-[2048,268468224,0,1024,0]
[0,0,16777216,0,0,0,0,8,0,0,4194304,0,0,0,0,0]-[32,0,2147483664,2048,0]
[128,0,0,0,0,0,0,0,1048576,0,4096,0,0,0,0,0]-[16384,574619940,8388800,3527414914,4]
[1073741824,0,67108864,0,0,0,8192,0,0,0,0,0,0,0,0,0]-[67174401,0,0,0,1048576]
[0,0,67108864,0,0,0,2,0,1048576,0,0,0,0,0,0,0]-[0,4194816,1074266112,1057040,0]
[0,0,0,0,131072,0,0,0,0,8192,0,0,0,0,0,0]-[1073741824,8,128,0,524288]
[0,0,67108864,0,0,64,0,0,135266304,0,0,0,0,0,0,0]-[32768,0,526336,64,0]
[0,0,67108864,0,0,0,0,0,1048576,0,0,0,32,0,0,0]-[2097152,10752,1074790920,0,64]
[0,0,0,0,0,0,0,0,16777216,0,0,0,0,0,67108864,0]-[524296,134217760,2147811584,285745152,4096]
[0,0,0,0,0,268435456,0,16,16777216,0,0,0,0,0,0,0]-[0,512,512,64,4096]
[64,0,67108864,0,0,256,0,0,0,0,0,0,0,0,0,0]-[1,8448,0,134250496,2065]
[0,0,67108864,0,0,8256,0,0,1048576,0,0,0,0,0,0,0]-[0,16,2048,0,1028]
[0,0,0,0,0,0,3072,0,0,0,0,0,0,0,0,0]-[0,0,34,1024,262144]
[0,0,0,0,0,0,0,0,1048576,0,0,128,0,128,0,0]-[32768,0,1610612736,536871010,64]
[0,0,0,0,64,256,0,0,0,0,0,0,0,128,0,0]-[0,1024,1073741824,4096,8192]
[0,0,0,2048,0,256,0,0,1048576,0,0,0,0,0,0,0]-[16,0,1073741840,134217728,8193]
[0,0,0,0,0,0,0,0,0,0,268435456,0,0,0,128,0]-[0,2147483648,0,0,278536]
[0,0,0,0,67108864,0,0,0,0,0,4096,0,262144,0,0,0]-[16640,67272708,129,256,0]
[0,0,0,0,67108864,0,8192,268435456,0,0,0,0,1048576,0,0,0]-[2147483648,0,603979776,0,16]
[0,0,0,0,0,0,0,16,0,0,0,0,0,268435456,0,0]-[0,269025280,2684356608,64,1048576]
[128,0,0,0,0,0,0,0,1048576,0,0,0,0,536870912,268435456,0]-[0,0,0,3221225536,131072]
[0,0,0,0,0,0,8,16777216,0,0,0,0,0,0,16,0]-[1024,0,0,276824064,16896]
[0,128,0,0,0,0,0,0,0,0,0,0,0,0,35651584,0]-[134217760,128,0,16777216,0]
[0,256,4096,0,0,256,0,0,1048576,0,0,0,0,128,0,0]-[131072,276824320,0,0,0]
[0,0,16384,0,0,0,0,16,0,0,0,0,0,0,0,0]-[557056,66056,8388608,0,3145728]
[0,0,67108864,0,0,0,0,0,0,0,0,0,1048576,0,67108864,0]-[2129920,268484608,2105360,2147554068,32898]
[0,0,0,0,0,0,0,262144,0,0,4096,0,1048576,0,33554432,0]-[134217732,0,16777216,0,524288]
[0,0,0,0,2147483648,0,0,0,0,0,0,512,0,0,0,0]-[2147483648,0,4194304,16388,0]
[0,0,0,0,0,0,0,0,1048576,0,524288,0,0,128,0,0]-[0,8388608,0,144,131072]
[0,8388608,0,0,0,0,0,16,0,0,0,0,0,0,0,0]-[536871424,9970184,135400258,50338848,270369]
[0,0,33554432,0,0,0,0,0,0,0,0,0,0,536871040,0,0]-[0,1358954496,0,0,64]
[0,0,0,0,32768,0,0,0,0,0,0,0,0,0,524288,0]-[16,270532608,32768,0,0]
[0,0,0,0,0,0,0,4194304,0,0,0,32,0,0,0,0]-[8388608,268435456,4194304,138412032,512]
[0,0,0,0,0,0,0,0,0,0,4096,0,128,0,0,0]-[404291584,327681,268960320,1024,4096]
[0,0,0,32,0,8192,0,0,0,0,0,0,0,0,0,0]-[33554432,4,0,8388608,8]
[128,0,0,134217728,0,0,0,0,0,0,0,0,0,0,0,0]-[0,0,16384,3238068288,0]
[0,0,67108864,0,0,0,128,0,1048576,0,0,0,0,0,0,0]-[0,262176,8224,2129920,131328]
[0,0,0,0,67108864,0,0,0,0,0,0,0,0,0,0,8]-[1048581,0,0,33554432,0]
[0,0,0,0,0,0,0,67108864,0,65536,0,0,0,0,0,0]-[1536,0,33554434,0,0]
[0,0,0,0,0,0,33554432,0,268435456,0,0,0,0,0,0,0]-[16,8388608,0,1048576,32]
[0,0,67108864,0,0,8192,0,8,0,0,4096,0,8,0,0,0]-[0,32768,0,294912,128]
[0,0,67108864,0,0,0,0,0,16777216,0,0,0,256,0,0,0]-[2147483648,0,67108864,262144,16384]
[0,0,256,0,0,0,0,0,0,0,0,0,262144,0,0,0]-[268960000,32768,1048576,67108896,2]
[0,0,67108864,0,0,8192,0,16,0,0,4096,0,1048576,0,0,0]-[8388608,16777216,16,8,0]
[0,0,0,0,0,8192,2048,0,0,0,0,0,0,0,0,0]-[6291458,4,0,1073741824,4096]
[0,0,0,0,0,32,0,0,0,0,0,0,0,128,0,0]-[410630,814745601,16387,268501632,41088]
[0,0,67108864,0,0,0,0,0,0,0,0,0,1048576,1073741824,0,0]-[2097152,0,2170880,1049104,2097154]
[1,0,0,16777216,0,0,0,0,0,0,0,0,0,0,0,0]-[4194304,0,2097152,2214592512,0]
[0,0,100696064,0,0,0,0,0,1048576,0,0,0,0,0,0,0]-[0,0,0,2097792,16]
[0,0,0,0,0,0,0,0,0,0,0,8192,0,128,0,0]-[3325980,822544384,2,266400,32]
[128,0,67108864,0,0,0,0,0,0,0,4096,0,0,0,0,2]-[0,2147491841,0,0,2]
[0,262144,67108864,0,0,0,0,0,1048576,0,0,0,0,0,0,0]-[0,301989888,2048,32768,0]
[0,0,67108864,0,1048576,0,0,0,0,0,0,0,0,128,0,0]-[1,536870912,2637824,0,557060]
[0,0,0,0,0,262144,0,0,0,0,1,0,262144,0,0,0]-[512,512,0,32896,0]
[0,0,0,128,0,0,0,0,0,0,4096,0,0,0,0,64]-[268435456,131108,0,0,0]
[128,0,0,0,0,0,0,16777216,1048576,0,0,0,0,0,0,0]-[262144,0,0,2449473536,0]
[128,0,0,0,0,64,0,0,0,0,0,0,0,0,0,0]-[1141000929,2418088209,2156539018,3254984929,524406]
[0,128,67108864,0,0,0,268435456,0,0,0,0,0,0,0,0,0]-[33554434,0,0,12288,0]
[0,0,2214592512,0,0,0,0,16,0,0,0,0,0,0,33554432,0]-[0,2052,2147483648,32,0]
[0,0,0,0,0,0,0,0,1049600,0,2101248,0,0,0,0,0]-[0,0,64,4195456,0]
[0,0,67108864,0,0,0,0,2097152,0,0,4096,0,0,0,0,0]-[2048,4202536,268435456,1028,0]
[0,0,0,0,0,0,0,16,0,0,0,0,0,128,134217728,0]-[16,1048576,0,67108864,32]
[0,0,0,0,0,0,0,0,16777216,0,0,0,1048576,0,0,0]-[3955449287,3610361379,1690649467,2602998511,818172]
[0,0,0,128,2147483648,0,0,0,0,0,0,0,0,0,0,0]-[131072,16777224,128,0,0]
[0,0,67108864,0,0,0,8192,0,1048576,0,0,262144,0,0,0,131072]-[2147483648,536871168,0,0,16]
[0,0,0,0,0,0,0,0,0,0,16384,0,0,0,603979776,0]-[67108864,0,33816832,0,0]
[128,8192,67108864,0,0,0,0,0,0,0,0,0,0,0,0,0]-[0,53248,0,262144,0]
[0,0,67108864,128,0,0,0,0,1048576,0,0,0,1048576,0,0,0]-[16777216,0,8192,134217744,0]
[8388608,0,0,0,0,0,0,0,1048576,0,0,0,1048576,128,0,0]-[2359296,8388608,0,2097152,0]
[0,0,0,0,1,0,0,0,64,0,4096,0,0,0,0,0]-[0,256,0,268435456,20480]
[0,0,0,0,0,0,0,0,0,134217728,0,0,0,128,0,0]-[0,67108928,8388610,404815896,262144]
[0,0,67108864,0,0,0,64,0,0,0,0,0,0,0,524288,0]-[0,536870912,0,1572864,2050]
[0,0,0,0,0,256,64,0,0,0,4096,0,0,0,0,512]-[0,0,1073745920,256,4096]
[0,0,67108864,0,0,0,0,16,0,0,0,4096,0,268435456,0,0]-[2147483648,67108864,0,134217792,0]
[0,33554432,0,0,0,0,0,0,16777216,0,0,0,0,0,0,0]-[524288,16777728,17538,0,0]
[0,0,0,0,0,64,134217728,0,134217728,0,0,0,0,0,0,0]-[67108864,0,134217728,66560,0]
[0,0,2048,0,0,0,0,0,0,134217728,4096,0,1048576,0,0,0]-[268435456,8,0,131328,0]
[0,0,67108992,0,0,0,0,0,0,1048576,0,0,0,128,0,0]-[1,1024,0,2,128]
[0,0,0,0,0,0,0,0,0,0,0,16777248,0,0,0,0]-[8,0,0,1024,32800]
[0,0,0,0,0,0,0,0,0,0,4096,0,0,0,33554432,0]-[1480399617,2755668268,1535722128,348572964,2115722]
[0,0,67108864,0,0,0,256,0,0,0,0,0,0,0,0,0]-[0,133120,101711888,66560,0]
[0,16777216,0,0,0,0,0,0,0,0,0,8388608,0,128,0,0]-[0,1,0,538968192,0]
[0,0,0,0,0,0,0,0,0,0,1048576,0,1048576,128,0,0]-[2359298,32,0,0,2097152]
[0,0,67108864,0,67108864,0,0,0,0,0,0,0,0,0,1073741824,0]-[0,2147487744,2052,0,0]
[0,0,65536,0,0,0,0,0,0,0,0,0,0,4194304,0,0]-[8,536871040,0,256,0]
[0,0,67108864,0,0,0,0,16384,0,0,0,0,0,0,33554432,0]-[0,268435456,512,512,65536]
[0,0,0,0,0,0,0,0,0,0,0,0,262144,16512,0,0]-[0,133120,32896,0,0]
[0,128,67108864,0,0,0,0,0,0,16777216,0,0,0,0,0,0]-[4,33554432,4,4096,0]
[128,0,67108864,0,0,0,0,0,1048576,0,0,0,65536,0,0,0]-[0,262144,8192,128,256]
[0,0,67108864,0,0,0,0,0,67108864,0,0,0,0,536870912,0,0]-[68,0,0,2147483664,0]
[0,0,67108864,0,0,4194304,0,0,0,0,4096,0,0,0,0,0]-[64,5,1073741824,0,0]
[0,0,67108864,536870912,0,0,0,0,0,32768,0,0,0,0,0,0]-[2181038080,4,16384,0,0]
[0,0,0,0,0,0,0,0,5242880,0,4096,0,0,0,0,0]-[16779264,0,1,2048,0]
[0,33554432,67108864,0,0,0,0,0,0,0,0,0,1048576,0,0,0]-[134217732,0,0,0,17]
[0,0,67108864,0,0,0,65536,0,0,2048,0,0,0,0,0,0]-[32,67108864,1073741824,4096,0]
[0,0,0,4,0,0,0,0,256,0,0,0,0,0,0,0]-[1048576,32768,524288,0,4]
[0,0,0,0,0,0,0,0,0,0,134217728,0,0,0,0,32768]-[0,268435456,142606336,0,32768]
[0,0,0,0,0,0,0,16,135266304,0,0,0,1048576,128,33554432,0]-[0,8454144,0,4096,128]
[0,0,1140850688,0,0,0,0,0,0,0,4,0,0,0,0,0]-[2,64,4096,0,256]
[0,0,0,0,0,0,0,16,0,16,0,0,0,524288,0,0]-[0,0,553648128,2147483648,2097152]
[0,0,67108864,0,0,0,0,0,1048576,0,0,0,1048584,0,0,0]-[1,33554436,33562624,134217728,1152]
[0,0,0,0,0,0,0,0,134217728,512,0,0,0,0,0,0]-[268435480,2,0,268435472,540673]
[0,0,0,0,0,0,0,0,0,0,0,2147483680,0,0,0,0]-[8389136,269484032,134234112,0,512]
[16384,0,67108864,0,0,0,0,0,0,0,0,0,0,0,0,0]-[2048,67239976,67108868,2148009024,131075]
[0,0,0,0,67108864,0,64,0,0,0,4096,0,0,536870912,0,0]-[278528,131076,640,0,0]
[0,0,0,0,0,0,0,0,134217728,0,0,0,0,0,536870912,0]-[16,264,0,32,1032]
[0,0,67108864,0,0,0,0,0,0,0,0,0,262144,0,65536,0]-[2097152,536907781,0,1024,0]
[0,0,67108864,0,2048,0,0,0,0,0,0,0,0,0,0,0]-[27263010,268589860,1382584600,52175148,215367]
[0,0,0,1,0,0,0,0,0,0,0,0,1048576,128,0,0]-[0,286261248,2097152,0,0]
[2048,0,67108864,2048,0,0,0,0,0,0,0,0,0,0,0,0]-[32,544,0,0,64]
[0,0,67108864,128,0,0,0,0,0,0,0,0,0,0,0,4]-[8388608,0,268435456,16777216,32768]
[0,0,16777216,0,0,0,64,0,0,262144,0,0,0,0,0,0]-[0,0,262144,1073808384,0]
[0,0,83886080,0,0,0,0,16,0,0,4096,0,0,0,0,0]-[8454144,1024,0,1024,0]
[0,0,0,0,0,8388608,0,0,128,0,0,0,0,0,0,0]-[0,1048576,655360,0,16384]
[0,0,0,0,0,0,0,0,1048576,128,0,0,262144,0,0,0]-[0,1073758212,0,33554432,0]
[0,0,67108864,0,0,0,0,0,0,0,0,524288,0,0,1073741824,0]-[0,512,524288,262144,16]
[0,0,67108864,0,0,0,0,0,1048576,0,0,0,0,0,512,0]-[0,8,1024,65536,65536]
[0,0,0,0,0,0,64,0,0,0,0,0,0,0,0,4096]-[16384,8,1073741824,524288,0]
[4,0,0,0,0,0,0,0,0,0,0,0,262144,128,0,0]-[2113536,0,130,0,0]
[16,0,8192,0,0,0,0,0,0,0,0,0,0,0,0,0]-[1048576,264,512,0,0]
[0,0,67108864,0,0,0,4,0,0,0,0,0,0,128,0,0]-[0,537001984,0,32,4]
[0,0,0,0,0,0,0,0,0,0,0,0,0,536871040,0,16384]-[1048656,0,0,0,4]
[0,0,0,0,0,0,0,0,134217728,0,0,0,1048577,0,0,0]-[536870912,2,0,0,16448]
[0,2048,0,0,0,0,0,0,4096,0,0,0,1048576,0,0,0]-[0,2,0,272,65536]
[0,0,0,0,0,0,67108864,16,0,0,0,0,0,0,0,0]-[0,0,1052672,2080,0]
[0,0,0,0,0,1,0,0,17825792,0,0,0,1048576,0,0,0]-[256,0,0,32,20]
[0,0,0,0,0,0,0,0,16777216,0,0,16777216,0,0,0,0]-[0,2147483648,32,2147483648,8]
[64,0,0,0,0,0,0,0,0,0,0,32,1048576,0,0,0]-[537002048,16793600,33554432,16384,32]
[128,0,0,0,0,64,0,0,0,2097152,0,0,0,128,0,0]-[1,0,2,0,3145728]
[0,0,0,0,0,0,0,0,0,0,0,0,1048576,128,2097152,0]-[33554432,0,4,1073741824,524288]
[0,1,67108864,0,0,0,0,16,0,0,0,0,1048576,0,0,0]-[64,2560,0,33554432,0]
[0,0,0,0,0,0,0,16,0,0,4096,0,8388608,0,0,0]-[65536,16777216,1073741824,0,8]
[0,0,0,0,0,0,0,0,9437184,0,0,0,0,128,0,0]-[33816576,8388608,0,2097152,0]
[0,0,0,0,0,0,0,0,1048576,0,4096,0,1048576,128,0,512]-[2097152,32,1,4096,0]
[8,0,0,0,0,0,0,0,0,0,268435456,0,0,0,0,0]-[0,268435456,8,0,5120]
[0,0,0,0,0,128,0,2048,0,0,0,0,0,0,0,0]-[0,65536,1090519040,16777216,0]
[0,0,67108864,65536,0,0,0,0,0,0,8,0,0,0,0,0]-[234946560,67110913,4,0,128]
[0,0,67108864,0,0,0,0,0,0,0,0,0,262208,0,0,0]-[524288,16779264,0,1024,1024]
[0,0,128,0,134217728,0,0,0,0,0,0,0,0,0,0,0]-[526592,0,0,32,0]
[0,33554432,67108864,0,0,256,0,2,134217728,0,0,0,0,128,0,0]-[8,67108864,0,16,524288]
[0,0,0,0,0,0,0,16,0,0,0,0,0,0,256,0]-[512,201326592,32768,17301760,64]
[1048576,0,0,0,0,0,0,0,0,0,0,0,0,128,0,0]-[1458690,553910272,532484,1879115860,467072]
[0,0,0,0,0,0,0,0,0,0,4098,0,0,0,0,0]-[8405504,262404,41943169,33036,20512]
[0,0,67108864,0,0,0,0,0,0,0,0,16777216,1048576,0,0,0]-[2151743488,2416019528,33562672,2147483776,2310144]
[0,0,0,0,0,0,0,0,0,0,4194304,0,0,268435456,0,0]-[0,0,536872960,8388624,0]
[0,0,0,0,0,0,0,0,0,0,0,2147483648,0,536870912,0,0]-[0,256,131072,320,0]
[0,4096,67108864,0,0,0,0,0,0,0,0,0,32,0,0,0]-[0,0,1073741824,32768,16448]
[33554432,0,67108864,0,0,0,0,0,0,0,0,0,0,536871040,0,0]-[0,16,66560,2147483648,0]
[128,0,0,0,0,0,0,0,0,0,0,0,0,0,8,0]-[16384,0,8,268435456,4096]
[0,0,0,0,0,0,0,16777216,0,0,0,0,0,0,33554432,0]-[0,128,524288,4210688,0]
[0,0,256,0,0,0,1048576,0,0,0,0,0,0,0,0,0]-[2,16,1025,0,0]
[0,0,67108864,0,0,0,0,0,512,0,0,0,0,0,0,0]-[8,539230216,1292,39846404,68608]
[0,0,0,0,0,0,0,0,16777216,0,0,0,0,0,0,128]-[1,0,16384,0,264]
[0,0,67108864,0,67108864,0,64,0,1048576,0,0,0,1048576,0,0,0]-[0,65536,33554432,6291456,0]
[0,0,0,0,0,0,8192,0,524288,16384,0,0,0,0,0,0]-[8192,0,16777216,2048,32]
[0,32768,0,0,0,0,0,0,4194304,0,0,0,0,0,33554432,0]-[0,128,1073741824,10485760,0]
[0,0,16777220,0,0,0,0,0,0,0,0,0,0,0,0,0]-[0,262144,2,2147483648,256]
[0,0,67108864,0,0,0,0,16,1048576,0,0,1048576,0,0,0,0]-[0,4,0,134221856,0]
[0,0,67108864,0,67108864,0,0,16,0,0,0,0,0,128,0,0]-[0,67584,2129920,0,128]
[0,0,0,0,0,0,8192,0,0,0,0,0,0,128,0,0]-[1983377387,1964386787,4076647013,2082831356,4170744]
[0,0,0,0,2,0,0,0,0,0,0,0,262144,0,0,0]-[1048576,40960,2,2097152,131072]
[0,2048,0,0,0,0,0,0,0,0,0,0,0,0,0,1]-[0,2097152,262144,67108864,512]
[0,0,262144,1,0,0,0,0,0,0,0,0,1048576,0,0,0]-[8388736,16777216,0,0,8192]
[0,0,512,0,0,0,0,0,0,0,4096,0,1048576,0,0,0]-[16448,83886080,16,65536,2097160]
[0,0,0,0,0,0,0,0,0,4,0,0,262144,0,0,0]-[0,6,256,65536,0]
[0,0,0,262144,0,0,0,0,0,0,0,0,256,0,0,0]-[0,0,67117072,0,4096]
[0,0,0,0,0,0,0,0,68157440,0,0,0,0,128,0,0]-[128,0,0,136314880,4]
[0,0,67108864,0,0,0,0,0,0,0,512,0,0,0,0,0]-[2231373839,33720600,2451053884,173384965,2098625]
[262144,0,67108864,0,0,0,0,0,0,0,4096,0,1048576,0,0,0]-[8388608,0,0,4194816,2]
[0,0,0,0,8192,0,0,0,0,0,4096,0,1048576,0,0,0]-[268439552,0,33554432,67108864,0]
[0,0,67108864,0,0,0,134217728,0,0,0,0,0,0,0,0,0]-[67670026,4612621,1174995220,139044352,1179650]
[0,0,0,0,0,0,0,8388608,0,0,0,0,131072,0,0,0]-[0,0,268435456,2415919104,32]
[0,0,67108864,0,0,8192,0,8,0,0,0,0,0,0,0,0]-[20971526,32768,528384,294912,128]
[0,0,0,0,0,64,0,0,1048576,0,0,0,0,128,0,4096]-[16384,1073741824,8388608,0,128]
[0,0,67108864,0,0,0,0,16,0,0,0,0,262144,0,0,0]-[13172736,620788741,1076921604,35661088,1179648]
[0,0,0,2048,0,0,0,0,0,0,0,0,536870912,0,0,0]-[1057,16448,0,0,0]
[0,0,0,0,0,0,0,0,4096,0,4096,0,1048576,0,0,0]-[8650752,0,0,8,4128]
[0,0,67108864,0,0,0,0,33554432,0,0,0,0,0,0,0,0]-[2285895712,536893505,3324058636,2183201848,557057]
[0,0,67108864,16777216,0,0,0,0,1048576,0,0,0,0,0,0,0]-[33554432,268502536,65572,1606656,0]
[0,0,1024,0,8192,0,0,0,0,0,0,0,0,128,0,0]-[6,0,8388640,0,0]
[0,0,67108864,131072,67108864,0,0,0,0,0,0,0,0,0,0,0]-[4194304,49152,0,128,0]
[0,0,2,0,0,0,0,0,0,0,2101248,0,0,0,0,0]-[2048,8192,0,0,160]
[0,1,2147483648,0,0,0,0,0,0,0,0,0,0,0,0,0]-[8388608,2,2147483648,8388608,0]
[0,0,0,0,0,0,0,2147483648,1048576,0,4096,0,262144,0,0,0]-[0,0,128,100663552,0]
[0,0,67109888,0,0,0,0,268435456,0,0,0,0,0,0,0,0]-[64,2147483648,0,0,133120]
[0,0,0,131072,0,0,0,16777216,0,0,4096,0,0,0,0,0]-[2048,272,0,0,8]
[128,0,4096,0,0,0,0,0,1048576,0,0,0,0,128,0,0]-[16384,268435712,0,2,0]
[0,0,67108864,0,131072,256,0,0,0,0,0,0,0,0,0,0]-[2147483656,171072,260,16,128]
[0,0,67108864,0,0,0,0,0,0,2048,0,0,0,128,0,0]-[0,4,1107296512,2147553312,0]
[0,0,0,0,0,0,0,0,1048576,268435456,0,0,0,0,0,0]-[33570944,5309056,1078198344,1180730386,64]
[0,0,603979776,0,0,0,0,0,0,0,0,0,0,0,0,0]-[197136452,2181154633,303082776,19695105,3345542]
[0,0,0,0,0,0,0,0,1048576,0,1,32,0,0,0,0]-[0,32,16777217,1,0]
[0,0,0,67108864,0,0,0,0,0,0,4096,0,262144,128,0,0]-[0,1073743872,2,0,8192]
[0,0,0,0,0,0,0,0,0,16384,0,0,0,128,0,0]-[34605256,92537088,1736832,1074008076,41088]
[0,0,0,0,0,0,0,0,17825792,0,0,1073741824,0,128,0,0]-[1,0,262144,64,524288]
[0,131072,524288,0,0,0,0,0,0,0,4096,0,0,128,0,0]-[268435968,0,0,4,128]
[2097152,0,0,0,0,0,0,0,0,0,0,0,0,0,67108864,0]-[8,32768,0,2147483648,512]
[0,0,67108864,0,0,0,0,0,0,0,0,0,1048576,65536,33554432,0]-[0,268468224,0,0,65600]
[0,128,67108864,0,0,0,64,0,0,0,0,0,0,128,0,0]-[33554434,262144,0,512,0]
[131072,0,0,0,0,0,0,33554432,0,0,0,0,0,128,0,0]-[0,0,131072,72,128]
[0,0,256,0,0,67108864,0,0,0,0,0,0,0,128,0,0]-[64,0,0,536871104,0]
[0,0,67108864,0,0,64,0,0,0,2147483648,0,0,0,0,0,0]-[524296,131136,0,1048612,1048576]
[128,0,67108864,1024,0,0,0,0,1048576,0,0,0,0,0,0,0]-[0,0,0,1081362,0]
[0,0,67108864,0,0,0,0,0,17825792,0,0,0,0,0,33554432,0]-[0,0,0,36864,384]
[0,0,67108864,0,0,0,0,0,0,0,0,0,0,2176,0,0]-[32769,16777216,0,2097672,4]
[0,0,0,0,262144,0,0,16,0,0,0,0,1048576,0,0,0]-[0,16,536871168,1,0]
[0,0,67108864,0,0,0,0,16,0,1024,0,0,0,128,0,0]-[75497472,4194304,0,524288,0]
[0,0,0,0,0,0,0,0,0,0,4096,0,0,0,0,1]-[768,0,33554512,33554432,0]
[16,0,0,0,0,0,0,0,16777216,0,0,0,0,2048,0,0]-[0,16777216,2,8,8]
[0,0,262144,0,0,0,8192,0,0,0,0,0,0,0,0,0]-[536870912,0,536870944,2048,0]
[0,0,67108864,0,0,16384,0,0,134217728,0,0,0,0,0,0,0]-[67141632,0,0,640,0]
[0,0,67108864,0,0,0,0,48,0,0,0,0,8,0,0,0]-[524288,65536,0,4352,0]
[0,0,4194304,0,0,256,0,0,0,0,0,0,0,0,0,0]-[262144,8388608,65536,0,4097]
[0,0,1073741824,0,0,8192,64,0,0,0,0,0,0,0,0,0]-[16384,64,0,524352,0]
[0,0,67108864,0,0,256,0,0,0,0,0,0,268435456,0,0,0]-[65537,268501032,4096,2,1064960]
[0,0,67108864,0,0,8192,0,0,135266304,0,0,0,0,0,0,0]-[2183135232,0,0,1,0]
[0,0,0,0,0,0,0,0,0,0,0,0,262144,1024,0,0]-[270532608,10240,0,0,0]
[0,0,0,0,0,64,0,0,1048576,0,0,0,0,0,32,0]-[16384,512,0,8192,64]
[0,128,67108864,0,0,0,0,0,0,0,0,0,0,33554560,0,0]-[8,67371008,16384,0,0]
[0,0,0,0,0,0,0,0,0,0,0,0,0,0,128,256]-[0,524288,0,2097160,262144]
[0,0,0,0,0,1,0,0,1048576,0,0,0,0,0,0,0]-[16924928,33554560,554174465,41057,656404]
[0,0,0,0,0,0,0,0,0,0,0,0,262144,2048,0,0]-[16,16777216,33554690,2097152,73728]
[0,0,0,0,0,0,8388608,0,0,0,0,0,1048576,0,0,0]-[64,32770,0,512,0]
[0,67108864,0,0,0,0,0,0,1048576,0,0,0,0,0,0,0]-[128,538181648,16,2147483648,524288]
[0,0,0,0,0,0,0,0,0,0,0,262144,1048576,0,0,0]-[2147484736,2417000576,262144,536870912,262809]
[0,0,0,0,2048,0,8192,0,16777216,0,0,1,1048576,0,0,0]-[16386,544,0,0,0]
[0,0,67108864,0,0,32,0,0,0,0,0,0,0,536871040,0,0]-[6,0,0,0,524416]
[2147483648,0,67108864,0,0,0,0,0,16777216,0,0,0,0,0,0,0]-[0,32768,1075838976,0,2]
[256,0,0,1,0,0,0,0,0,0,0,0,0,0,0,0]-[0,16777216,268435456,1073741824,128]
[0,0,0,0,0,0,0,16,67108864,0,0,0,0,0,0,0]-[2172649472,102760448,262144,3221225472,786944]
[0,268435456,0,0,0,0,0,0,2097152,0,0,0,0,0,0,0]-[2151677960,8388608,0,0,0]
[524288,0,0,0,0,0,0,0,0,0,0,0,1048576,0,67108864,0]-[0,16385,8192,16384,0]
[0,0,0,0,0,0,0,0,8,0,0,0,0,0,0,256]-[0,0,2101248,131074,0]
[0,0,0,0,0,0,0,0,0,0,0,0,8,131072,0,0]-[2147483648,4194306,1048576,0,0]
[0,0,67108864,0,0,0,0,0,1179648,0,0,0,0,128,0,0]-[0,268435488,524288,134217730,1179712]
[0,0,0,0,134217728,0,0,0,0,0,0,0,1048576,0,0,0]-[0,67108864,69632,16912,266368]
[0,0,0,0,0,256,0,0,1179648,0,0,0,0,0,0,0]-[0,8389024,0,536907840,0]
[0,0,524288,0,0,0,0,0,0,0,0,256,0,128,0,0]-[0,0,131200,8650752,0]
[0,0,0,0,0,0,8192,16,0,0,4096,0,1048576,0,0,0]-[0,0,134221824,4096,32]
[0,0,16777216,0,0,0,0,0,1048576,0,0,0,0,0,0,0]-[2164868,1913913618,172270736,3557393793,1582289]
[134217728,0,67108864,0,0,0,0,0,524288,0,0,0,0,0,0,0]-[2147483649,2097152,1048576,0,0]
[0,0,0,0,0,0,0,16,0,0,4096,0,8,0,0,0]-[262656,16777216,576,67110272,20512]
[0,0,0,1077936128,0,0,0,0,0,0,0,0,0,0,0,0]-[0,16,262148,16388,0]
[0,0,0,0,0,0,0,0,0,0,4097,0,1048576,0,0,0]-[0,32,33554433,0,16512]
[0,0,67108864,0,0,0,0,0,0,0,0,0,0,536870912,0,0]-[2382470246,2473050047,3598315068,2339804661,2844109]
[0,1024,0,0,0,0,0,1073741824,1048576,0,0,0,0,128,0,0]-[2228225,0,32768,0,0]
[0,128,67108864,0,0,0,0,0,0,0,4096,0,1048576,0,0,0]-[0,33554440,33619968,4198400,16384]
[128,0,0,4194304,0,0,0,0,0,0,0,0,0,0,0,0]-[1208107008,0,1024,128,131104]
[0,0,67108866,0,0,0,0,0,0,0,0,32,1048576,0,0,0]-[0,0,0,4194324,64]
[0,0,0,0,0,0,0,0,135266304,512,0,0,0,128,0,0]-[16,8650752,0,0,524288]
[1024,0,0,0,0,0,0,0,0,512,0,0,0,0,0,0]-[136314880,8388608,1024,0,0]
[0,0,16384,0,0,0,0,0,0,0,0,33554432,0,0,0,0]-[536870912,536870912,16777216,16777216,0]
[0,0,0,1073741824,0,0,0,16,0,0,0,0,0,128,0,0]-[1048576,536870912,9175042,134217728,2097152]
[0,0,67108864,0,0,0,8192,0,2048,0,0,0,0,128,0,0]-[0,64,32768,134217732,0]
[0,1052672,0,0,0,0,0,0,0,0,0,0,0,0,0,0]-[0,64,134479888,0,0]
[2097152,0,0,0,0,0,0,0,0,0,0,0,1048576,0,0,0]-[1048836,147520,67108866,142610497,0]
[0,0,67108864,0,0,0,0,0,1048576,0,131072,0,0,0,0,0]-[32768,536952868,33554432,544,524288]
[128,0,67108864,0,0,0,64,0,1048576,0,0,0,0,128,0,0]-[33554432,262400,8192,0,0]
[0,0,67108864,0,0,0,0,0,0,0,0,0,0,0,0,64]-[2231371791,2802264116,1379444772,22296401,2657541]
[0,0,67108864,0,0,0,0,65536,1048576,0,0,0,0,0,1,0]-[4,536871680,0,0,0]
[0,0,67108864,0,0,0,1073741824,0,0,0,4096,0,0,0,0,0]-[16779264,0,33554448,0,2097152]
[0,0,67108864,0,1073741824,4194304,0,0,0,0,0,0,0,0,0,0]-[2147483648,1024,0,2147483648,2]
[0,0,67108864,0,0,0,0,0,0,0,67108864,0,8,0,0,0]-[67108864,0,2149646336,0,0]
[0,0,0,0,0,0,0,0,0,0,8,0,1048576,0,0,0]-[135544960,10,67375136,3145984,33280]
[0,0,67108864,0,0,0,0,0,0,0,64,0,0,0,0,0]-[2290096233,2785093168,2151754528,33821971,1222]
[0,0,0,0,0,0,0,8,0,134217728,0,0,0,0,0,0]-[0,1067008,0,536870912,0]
[0,0,67108864,0,0,33554432,0,0,134217728,0,0,0,0,0,0,0]-[0,544,0,0,65540]
[0,0,0,0,0,0,0,0,0,0,4096,0,0,2147483648,0,0]-[268436096,787520,41536,200708,49152]
[0,0,0,0,0,0,0,0,0,0,0,0,0,536871040,128,0]-[262144,131072,0,1073741888,0]
[0,0,67108864,0,0,0,0,0,0,0,0,8388608,0,0,1,0]-[0,0,0,1152,2098176]
[0,0,0,0,0,64,0,0,128,0,0,0,0,0,0,0]-[8192,0,5248,0,0]
[1048576,0,67108864,0,0,0,0,0,16777216,0,0,0,0,32,0,0]-[67174400,0,1048592,0,0]
[0,0,67108864,1024,0,0,0,0,0,0,0,0,0,0,33554432,0]-[0,0,4194816,4096,64]
[0,268435456,0,0,2097152,0,0,16,0,0,0,0,0,0,0,0]-[2147483648,8392704,512,0,0]
[0,0,0,0,0,0,16,0,135266304,0,0,0,0,128,0,0]-[0,8388608,1610612736,0,524288]
[8192,0,67108864,0,0,0,0,0,1048576,0,0,0,0,0,0,0]-[2097152,516,4227088,1025,0]
[0,0,0,0,0,64,0,0,8388608,0,0,0,0,0,0,0]-[2,128,1032,0,0]
[0,0,4096,0,0,64,0,0,1048576,0,0,0,0,0,0,0]-[0,1049088,8388736,0,0]
[0,0,0,0,0,0,0,0,0,0,4096,0,1048576,512,0,0]-[16385,0,0,131072,65536]
[128,0,0,0,0,8192,0,0,0,0,0,0,0,0,0,0]-[250626980,1342310514,629201950,1091805395,299301]
[0,0,0,0,0,0,0,16,0,0,67112960,0,0,0,0,0]-[0,8193,1073741952,0,0]
[4096,0,67108864,0,0,0,0,16,0,0,0,0,0,0,0,0]-[0,16,0,134217728,2049]
[0,0,0,0,0,0,0,0,0,0,4096,0,0,0,8388608,0]-[8448,268468232,65536,604033032,2097188]
[0,0,0,0,0,0,0,0,0,2147483648,0,0,4194304,0,0,0]-[1048640,0,2048,0,64]
[0,1048576,0,0,0,0,0,2,0,0,0,0,0,0,0,0]-[0,0,2281701392,0,8]
[8388608,32,0,0,0,0,0,0,0,0,0,0,0,0,0,0]-[2304,4096,0,67108864,0]
[0,0,0,0,0,2,0,0,1048576,0,0,0,0,128,0,0]-[32768,806354944,537133057,2560,8256]
[0,0,0,0,67108864,0,0,0,0,0,0,0,0,1048576,0,0]-[67371008,32768,8192,0,0]
[0,0,0,524288,0,0,0,0,0,0,0,0,0,128,0,0]-[33555480,2889875592,4202500,1091637328,40960]
[0,0,67108864,0,0,4096,0,0,0,0,0,0,0,536870912,0,0]-[0,16777216,66560,16,0]
[0,0,0,0,67108864,0,0,0,0,0,0,0,65536,0,0,0]-[4456448,2147483648,128,1048576,0]
[0,524288,0,0,0,0,0,0,1048576,0,0,16,0,0,0,0]-[0,0,16777216,2148564992,0]
[128,0,67108864,0,0,0,0,0,1048576,0,4096,0,1048576,0,0,0]-[8388608,1,0,0,2097154]
[0,0,0,0,0,0,0,0,0,0,1073741824,0,0,128,0,0]-[1048796,1888616768,2685796484,8653426,992416]
[0,0,67108864,0,0,0,0,2,0,0,0,0,0,0,0,0]-[2277507145,891298312,2419675156,2185240602,258]
[0,0,1,0,0,0,0,8,0,0,0,0,16384,0,0,0]-[0,3,16777216,512,0]
[0,0,0,0,4,0,0,0,537919488,0,0,0,0,0,0,0]-[256,0,0,544,131072]
[0,0,0,0,0,0,0,0,0,0,4194304,0,0,128,16,0]-[0,0,132,0,1048640]
[0,0,67108864,0,0,0,0,16,0,32768,0,0,0,0,0,0]-[0,4096,0,2097472,0]
[16,0,0,0,0,0,0,0,64,0,0,0,0,0,0,0]-[81920,0,0,2097152,32]
[0,0,0,0,131072,0,0,0,537919488,0,0,0,0,0,0,0]-[256,4,262144,524288,0]
[0,0,0,2147483648,4,0,0,0,0,0,4096,0,1048576,0,0,0]-[16384,8,0,0,65538]
[0,0,67108880,0,0,0,0,16,0,0,0,0,262144,128,0,0]-[0,2048,0,2097184,1048576]
[0,0,0,0,0,0,64,0,0,0,4096,0,268435456,0,0,0]-[2097152,0,128,131076,0]
[0,0,67108864,16416,0,0,0,0,0,0,0,0,0,0,0,0]-[0,67108864,6144,0,131072]
[0,0,67108864,0,0,256,0,16,16777216,0,0,0,0,0,33554432,0]-[524288,0,768,0,128]
[1073872896,0,0,0,0,0,0,0,0,0,0,0,0,0,0,0]-[0,270534784,0,1073741888,278528]
[16384,0,67108864,0,0,0,0,0,0,0,262144,32,0,0,67108864,0]-[8454144,0,0,65552,0]
[0,0,0,0,32,0,1073741824,0,0,0,0,0,0,0,0,0]-[512,2147483648,0,3221225472,0]
[0,0,67108864,0,0,256,0,0,0,0,0,0,0,0,4096,0]-[2147549184,0,2097664,65856,128]
[0,0,0,0,0,0,8388608,0,0,0,4096,0,536870912,0,0,0]-[0,0,65536,83968,0]
[0,0,0,0,67108864,0,0,0,17825792,0,0,0,0,0,0,0]-[1,0,537133056,0,256]
[0,0,67108864,0,67141632,0,0,0,0,0,0,0,0,0,0,0]-[67108864,16781328,0,0,0]
[0,0,0,0,0,256,0,0,0,0,4096,0,0,128,0,0]-[270288448,132448,3229614119,338073772,147588]
[0,4096,0,0,0,0,0,0,0,268435456,0,0,0,0,0,0]-[0,2,1077936128,32768,0]
[0,0,67108864,0,0,0,0,16,8388608,0,0,0,536870912,0,0,0]-[0,67108864,0,257,128]
[0,0,0,8,0,0,0,0,17825792,0,0,0,0,128,0,0]-[16384,32,262144,128,0]
[0,2097152,0,0,0,0,0,0,16777216,0,0,0,0,0,0,0]-[16,38273024,2097168,0,0]
[0,0,0,0,0,32,0,0,16777216,0,0,0,0,128,0,0]-[2,0,16386,0,128]
[1048576,0,0,0,0,0,0,8,0,0,0,0,0,0,0,0]-[0,167772160,4096,4,0]
[0,0,0,0,0,0,0,0,0,0,0,0,0,16384,0,8]-[32,16384,0,1073741824,1024]
[0,0,0,0,67108864,0,0,0,0,67108864,0,0,0,0,0,0]-[262144,67108880,8192,0,0]
[0,0,0,0,0,320,0,0,0,0,0,0,0,0,262144,0]-[1,32,256,0,262144]
[0,0,0,0,0,0,8192,8,0,0,0,0,0,0,0,0]-[373432321,134234304,17334272,3087007760,1579009]
[0,0,2,0,0,0,0,0,1048576,0,0,0,0,0,0,0]-[16844928,16384,545521857,134217856,0]
[0,0,0,0,0,256,64,0,0,0,0,0,0,0,33554432,0]-[0,12288,262144,4096,0]
[0,2097152,67108864,0,0,0,0,0,0,0,0,0,1048576,0,0,0]-[0,2049,0,2147487744,0]
[0,0,67108864,0,0,0,0,0,0,0,134217728,0,0,0,0,0]-[2218852452,67269224,3288406024,3412612,2294914]
[0,0,0,0,0,0,0,8,0,0,0,0,0,0,1,0]-[0,167772160,1073745920,0,0]
[0,0,0,16,0,256,0,0,0,0,0,0,0,0,0,0]-[1,0,0,64,278528]
[0,0,67108864,0,0,32,0,0,0,0,0,0,1048576,128,0,0]-[2,2048,0,0,32896]
[0,0,83886080,0,0,256,0,0,0,0,0,0,0,0,0,0]-[8,83889152,1040,2164293641,526400]
[0,0,8,0,0,0,0,0,1048576,0,0,0,0,536870912,0,0]-[16,4194304,0,1073741824,128]
[0,0,0,0,0,256,0,0,0,0,0,8192,1048576,0,0,0]-[1048576,0,69632,4096,0]
[0,0,1073741824,0,67108864,0,0,0,0,0,0,0,0,0,0,0]-[256,0,1048576,536875008,0]
[0,0,67108864,16,0,0,0,0,0,0,0,0,0,128,0,0]-[2,536870912,524288,0,1048576]
[128,0,0,0,1048576,0,0,0,0,0,0,0,0,0,0,0]-[536870913,2,2147483648,67108864,0]
[0,0,67108864,0,0,0,0,0,0,0,4096,128,0,0,0,0]-[0,0,512,4457472,0]
[0,268435456,0,0,0,0,0,0,0,4096,0,0,0,0,0,0]-[0,32768,16908288,1,0]
[0,0,0,0,0,0,0,32,0,0,0,0,0,0,67108864,0]-[0,528384,1,128,0]
[0,0,67108864,0,0,0,0,32768,0,0,4096,0,0,0,0,0]-[524288,33554496,0,33554432,0]
[0,0,0,0,67108864,0,0,0,0,0,0,8,0,0,0,0]-[4194560,67108864,8192,0,0]
[1048576,0,0,0,0,0,0,0,0,0,64,0,0,0,32768,0]-[0,266240,268435456,16384,0]
[0,0,0,0,0,0,0,0,134217728,128,131072,0,0,0,0,0]-[65536,134217984,2097152,0,0]
[1048576,0,0,0,0,0,0,134217728,0,0,0,0,0,0,0,0]-[512,0,33554432,65536,8192]
[0,0,0,0,0,256,0,0,0,0,0,0,8388608,0,0,0]-[256,1024,135168,0,12288]
[8192,0,67108864,0,0,0,0,0,0,0,0,134217728,0,0,0,0]-[134217736,0,520,0,0]
[0,0,0,0,0,0,0,0,1048576,0,0,8192,0,2048,0,0]-[0,256,12582912,0,4]
[0,0,67108864,0,0,0,0,0,0,0,0,0,8388608,128,0,0]-[35684353,263232,2148007968,2359312,2129984]
[0,0,67109120,0,0,0,0,0,0,0,0,0,0,128,0,0]-[65,0,0,2,524288]
[0,0,0,0,0,0,0,0,0,0,0,272,0,0,0,0]-[131072,0,524288,16384,262144]
[0,0,67109376,0,0,0,0,0,1048576,0,0,0,0,0,0,0]-[65536,0,0,33558528,64]
[0,0,0,0,0,0,0,8,134217728,0,4096,33554436,0,0,0,0]-[17039360,0,0,262152,0]
[0,0,67108864,16777216,0,0,32,16,0,512,0,0,0,0,0,0]-[0,16,2129920,2147483648,0]
[0,0,67108864,0,0,0,0,0,0,0,4096,0,1048576,0,33554432,0]-[134217732,32768,0,33558528,526464]
[0,0,0,0,0,0,0,0,1048576,0,0,0,1048576,0,2048,0]-[0,0,4194320,67109376,0]
[0,0,0,0,0,0,0,0,0,0,0,0,0,33554464,0,0]-[0,1074003968,0,16777248,0]
[4096,0,0,0,0,256,0,0,16777216,16384,0,0,0,0,0,0]-[67108880,33554432,1073741824,0,0]
[0,0,0,0,0,0,0,0,134217728,0,524288,0,0,0,0,0]-[1049216,1572864,18,1074004240,16384]
[0,0,0,32,0,0,0,0,0,0,4096,0,0,128,0,0]-[268435456,288,0,4,0]
[0,0,0,67108864,0,0,0,0,0,0,0,0,0,33554432,0,0]-[2415919108,0,0,0,2097152]
[0,0,0,0,0,0,0,16,0,0,33554432,0,0,128,0,0]-[0,0,0,4128,262176]
[0,0,0,0,0,0,0,8,0,16384,0,0,0,0,0,0]-[0,0,2181038082,256,0]
[0,0,0,0,0,0,0,16,32,0,0,0,0,0,0,0]-[0,135266304,0,0,2080]
[0,1,0,0,0,8192,0,0,0,0,4096,0,0,0,0,0]-[2097152,0,0,32896,4096]
[128,0,0,0,0,0,0,0,0,0,1024,0,0,134217728,0,0]-[67256320,256,0,0,0]
[0,0,0,0,0,33554432,0,0,0,0,262144,0,0,0,0,0]-[1073741824,1572864,0,1024,0]
[0,0,0,0,0,262144,0,0,1048576,0,0,0,1048576,0,0,0]-[0,4098,0,81920,0]
[0,0,0,0,0,0,0,0,0,0,4096,0,0,0,0,65536]-[1073741824,1024,16,67108864,0]
[0,0,0,128,0,0,0,0,0,0,0,0,0,128,0,0]-[269158468,1073873505,25198754,136454656,131264]
[0,0,0,0,0,0,0,0,8,0,0,0,1048576,128,0,0]-[33570816,131072,2097152,805306496,262208]
[0,0,0,0,0,0,8192,0,135266304,0,0,0,0,0,0,0]-[0,8388608,8,1073741824,128]
[0,0,67108864,0,0,16384,0,0,0,0,0,32,0,0,0,0]-[65,512,256,0,0]
[0,0,16777216,0,0,0,0,0,0,0,0,0,537919488,0,0,0]-[268435456,33556482,0,0,0]
[0,256,67108864,0,0,0,0,0,1048576,0,131072,0,0,0,0,0]-[0,0,2048,33562752,0]
[0,0,8388608,0,0,0,0,0,0,0,0,32,0,0,0,0]-[131073,2147483648,67108864,0,0]
[0,0,0,0,0,0,0,32,0,0,0,0,1048576,0,0,0]-[1311616,115206,67185472,83925018,1446720]
[0,0,2097152,0,0,0,0,0,0,0,0,0,0,128,0,0]-[16,1048576,131200,0,0]
[4096,0,0,0,0,0,2097152,0,0,0,0,0,0,128,0,0]-[0,0,1073741824,65552,8192]
[0,0,67108864,0,0,0,0,64,0,0,0,0,512,0,0,0]-[0,0,1073741824,0,2621441]
[0,0,0,0,0,0,0,0,1048576,0,0,0,1048576,128,33554432,0]-[2228228,276824096,537141248,136315424,524480]
[0,0,0,0,0,524288,0,0,1048576,0,0,0,0,0,0,0]-[16,128,2048,2148532224,0]
[0,0,83886080,0,0,0,0,1,0,0,0,0,0,0,0,0]-[0,32768,33555456,65536,0]
[0,0,0,1,0,0,0,0,0,0,0,0,0,0,0,512]-[128,17301504,270532608,0,0]
[0,0,67108864,0,0,8192,8192,0,0,0,0,0,0,0,33554432,0]-[0,2415919104,0,32768,256]
[0,128,0,0,0,0,0,0,4,0,0,0,0,128,0,0]-[140,0,2097152,0,0]
[0,0,0,0,0,0,0,0,0,0,4096,0,0,0,64,0]-[0,2147483648,33554496,0,16384]
[0,0,0,1024,0,0,0,0,0,0,0,524288,0,0,0,0]-[134217746,0,65536,0,0]
[0,0,0,0,8192,0,0,0,0,0,0,0,2097152,128,0,0]-[32,512,0,32768,512]
[0,0,0,0,67108864,8388864,0,0,0,0,0,0,0,0,0,0]-[67108864,0,4097,256,0]
[1073741824,0,0,0,0,256,0,16,0,0,0,0,1048576,0,8,0]-[64,8388608,2097152,0,4096]
[0,0,67108864,0,0,8192,0,0,0,2147483648,0,0,0,0,0,0]-[65536,0,524292,16842752,0]
[0,2097152,0,0,0,0,8192,0,0,128,0,32,0,0,0,0]-[0,0,0,268503040,16]
[0,0,67108864,0,0,0,8192,16,1048576,0,0,0,0,0,0,0]-[2147516416,268435968,2048,4464,1048593]
[0,0,67108864,0,0,0,0,0,134217728,0,4096,0,0,0,0,0]-[25233472,604283261,1107362320,4461964,114816]
[0,0,67108864,0,0,256,0,0,0,0,0,0,65536,128,0,0]-[0,1024,4,262148,0]
[0,524288,0,0,67108864,0,0,0,0,0,0,0,0,0,0,0]-[128,4194304,2,2097152,0]
[16777216,0,0,0,0,0,0,0,134217728,0,0,0,1048576,0,0,0]-[0,2,2097152,0,17408]
[0,0,0,0,0,0,0,16,0,0,0,0,1048576,0,0,32768]-[0,67108864,134217728,2097152,32]
[0,0,524288,0,0,0,0,0,0,0,0,0,1048576,128,0,0]-[129,0,0,16,32768]
[0,0,0,0,0,0,32768,16777232,0,0,0,0,0,0,0,0]-[16,2048,64,2147483648,0]
[0,0,8192,0,0,0,0,0,0,0,0,0,262144,0,0,0]-[524288,1073741824,2,0,8192]
[0,134217728,0,0,0,0,0,0,1048576,0,0,0,0,0,0,0]-[0,16781568,262166,1107296320,128]
[0,0,67108864,33554432,0,0,0,0,0,0,0,0,262144,0,0,0]-[0,536887296,1048576,33554432,0]
[536870912,0,0,0,0,0,0,0,0,0,0,0,0,524288,0,0]-[4,16,0,67108864,65536]
[0,0,0,0,2147483648,0,0,0,0,0,0,0,1048576,0,524288,0]-[9437184,32,0,0,65536]
[0,0,0,0,0,0,0,65536,0,0,32,32,0,0,0,0]-[0,512,131328,1073741824,0]
[0,0,0,0,0,0,8192,0,16777216,0,0,0,0,128,0,0]-[1024,268435456,0,262656,0]
[0,0,0,0,0,0,0,0,0,0,0,0,67108864,0,4096,0]-[4096,532480,8192,0,0]
[524288,0,0,0,0,0,0,0,0,0,0,0,0,536870912,0,0]-[1048576,268435456,512,0,2097152]
[0,0,67108864,0,0,256,0,0,17825792,0,0,0,0,128,0,0]-[0,256,0,134221824,64]
[0,0,0,0,0,32,0,0,0,0,4096,0,0,0,0,4096]-[0,0,33554432,268500992,32768]
[0,0,67108864,0,0,512,0,0,1048576,1073741824,0,0,0,0,536870912,0]-[0,33554432,0,2149580800,4]
[0,2048,0,0,2097152,0,0,0,0,0,0,0,0,0,0,0]-[536870912,32,0,8320,0]
[0,0,0,0,0,0,0,0,1048576,0,16,0,0,128,0,0]-[33685524,0,536903681,268435456,4]
[0,0,67108864,0,65536,0,0,0,0,0,0,0,0,0,0,0]-[237537322,2147839517,1446552588,55645463,2229264]
[0,0,0,0,67108864,256,0,0,1048576,0,0,32,0,128,0,0]-[0,0,0,402653184,131136]
[0,0,0,0,536870912,0,0,0,0,0,4096,0,0,128,0,0]-[0,131072,0,67108992,2097152]
[0,0,0,131072,0,0,0,0,1048576,0,4096,0,1048576,128,0,0]-[4,0,0,1073741856,131072]
[0,0,67108864,0,0,0,8192,0,0,0,0,0,1048576,128,0,0]-[1,16777217,8192,2101776,3145728]
[0,16777216,67108864,0,0,256,0,0,0,0,0,0,0,0,0,0]-[0,512,65552,0,131073]
[0,0,0,0,0,256,8192,0,0,0,0,0,1048576,0,0,0]-[458816,32808,268447749,335679744,266304]
[0,0,67108864,0,0,536870912,0,0,0,0,0,32,0,0,0,0]-[8,0,0,8192,2097154]
[0,0,0,0,0,0,0,16,0,2097152,0,0,0,128,0,0]-[0,0,3145728,0,160]
[0,32768,0,0,0,256,0,0,0,0,0,0,0,128,0,0]-[268435456,0,1073741825,2097152,0]
[0,0,8192,0,0,0,0,0,0,0,0,0,0,2097152,0,0]-[256,2164260864,0,32,0]
[0,0,0,0,67108864,0,0,0,0,0,0,0,0,0,0,32]-[0,16384,17833984,0,0]
[0,0,67108864,0,0,0,0,0,0,0,16400,0,0,0,0,0]-[67108864,16777216,1073741824,256,0]
[0,0,67108864,0,0,0,0,0,0,0,0,0,0,0,8192,0]-[2378729536,369365088,3490743312,168558848,165892]
[0,0,0,0,0,0,0,0,0,0,0,0,1048576,262144,0,0]-[545259520,2048,0,65536,0]
[0,0,0,0,0,0,0,0,1048594,0,0,0,0,0,0,0]-[129,4194304,0,0,64]
[0,0,0,0,0,128,0,16,1048576,0,0,0,0,128,0,0]-[0,0,0,67109056,1048576]
[0,128,0,0,0,0,2147483648,0,0,0,0,0,0,0,0,0]-[131592,0,0,1074012160,16384]
[0,0,67108864,0,0,0,0,0,0,0,0,0,8,128,0,0]-[297557,67108865,2150113280,134545560,2622688]
[0,0,0,0,0,256,0,0,0,0,0,0,8,0,0,0]-[1409762896,110174944,23294037,606488913,529536]
[0,0,67108864,0,0,0,0,16,0,0,0,0,0,0,0,131072]-[0,8256,0,8,131072]
[0,0,0,0,0,256,0,0,1048576,0,0,0,0,128,0,256]-[262160,0,8388608,134217728,0]
[0,128,0,0,0,0,0,0,0,0,0,4,0,0,0,0]-[0,512,65536,1073750016,0]
[0,268435456,0,0,0,0,0,0,0,0,4096,0,1048576,128,0,0]-[0,0,0,67109376,32896]
[0,0,67108864,0,0,0,0,0,1048576,0,0,0,0,512,0,0]-[2147483652,65536,33554432,134750208,1]
[0,0,0,0,0,0,0,16,0,0,0,1073741824,0,67108864,0,0]-[0,8388612,33280,0,0]
[0,0,67108864,0,0,0,0,0,134219776,0,4096,0,0,0,0,0]-[0,65,0,0,16512]
[0,0,0,0,32,0,0,0,134217728,0,0,0,0,0,0,0]-[66048,0,0,1090519040,0]
[0,0,0,0,0,64,0,67108872,0,0,0,0,0,0,0,0]-[0,0,3072,536879104,0]
[128,0,0,0,0,1048576,0,0,1048576,0,0,0,0,128,0,0]-[16384,0,0,192,131072]
[0,0,0,0,0,65536,0,0,134217728,0,0,0,0,0,0,0]-[0,65536,536870916,256,1024]
[0,0,67108864,0,0,256,0,0,0,16777216,0,0,0,128,0,0]-[8,2048,0,8,128]
[0,0,0,0,0,0,0,0,0,64,4096,0,0,0,0,0]-[268437568,8260,167772288,33948040,8]
[0,0,0,0,0,0,0,0,1073741824,0,4096,0,1048576,128,0,0]-[1,0,1,65540,0]
[128,0,0,0,0,0,0,0,0,2048,0,0,0,0,0,0]-[33554432,0,1024,32776,4100]
[0,0,0,0,0,8192,0,0,128,0,0,0,0,0,0,0]-[536870912,8192,0,0,16392]
[0,0,67108864,0,0,0,0,16777216,134217728,0,0,0,0,0,0,0]-[2048,2304,16,0,0]
[0,128,0,0,0,0,0,0,0,0,0,0,0,0,32768,0]-[8388640,4210691,16777280,1065216,10240]
[0,0,0,0,0,8192,0,0,1048576,0,0,0,134217728,0,0,0]-[8,4096,4096,0,4096]
[0,0,67108864,0,0,270336,0,0,0,0,0,0,262144,0,0,0]-[33554440,0,0,32896,0]
[0,0,67108864,0,0,0,0,0,1048576,0,4096,0,0,0,0,8]-[0,256,0,34048,0]
[0,0,0,0,0,320,0,0,0,0,134217728,0,0,0,33554432,0]-[262144,8192,0,4096,256]
[32768,0,0,0,0,0,0,0,0,0,0,0,0,128,0,0]-[394244,67110913,537837603,201654340,2105344]
[0,0,0,0,0,1048576,0,16,0,0,0,0,0,536870912,0,0]-[16384,4,1179648,0,0]
[0,0,0,0,16384,0,0,0,0,0,0,0,0,0,1,0]-[0,536871424,0,536870912,2]
[0,0,0,0,0,0,0,8,0,0,1073741824,0,0,0,0,0]-[0,2176,0,8192,2097152]
[0,0,0,0,0,0,64,0,0,0,0,0,262144,0,0,0]-[271647024,672330759,840205442,1096877824,599298]
[0,0,0,65792,0,0,0,0,0,0,0,0,0,0,0,0]-[2097152,65536,1073741824,0,512]
[0,1073741824,0,0,0,0,0,16,0,0,0,0,0,0,0,0]-[0,16,4098,402653216,18432]
[0,0,0,0,0,8192,0,0,8388608,0,0,0,0,0,0,0]-[536870944,2147614728,8421442,268502032,128]
[0,0,67112960,0,0,0,0,0,0,0,0,0,0,0,0,0]-[256413803,2969581849,1412471608,2168272006,2277510]
[0,0,0,0,0,0,0,0,65536,0,0,0,1048576,0,0,0]-[135266305,277889172,167772161,536870936,0]
[0,0,0,0,0,0,0,0,0,2147483648,0,8192,0,0,0,0]-[0,1073741824,133120,0,128]
[0,0,67108864,0,0,0,0,0,65536,0,0,0,256,0,0,0]-[0,0,0,16777248,1028]
[0,256,0,0,0,0,0,16,0,0,0,0,0,0,0,0]-[1105,412614664,2838632770,235049105,264192]
[0,0,0,128,0,2147483648,0,0,0,0,0,0,0,0,0,0]-[0,132,65536,32,131072]
[0,0,67108864,8388608,0,0,0,16,0,0,0,0,0,0,0,0]-[524288,335548464,4352,2283798528,16384]
[262144,0,0,0,0,0,0,0,1048576,0,0,0,0,0,0,512]-[0,144,8,16,0]
[0,0,0,0,2097152,0,0,0,0,0,4096,0,0,0,0,0]-[1098912001,100794401,411107392,302385280,4096]
[0,0,1140850688,0,0,0,0,0,0,0,0,0,0,128,0,0]-[33554500,335545376,1048576,266244,524288]
[0,0,0,0,0,0,0,16,0,0,0,0,4194304,131072,0,0]-[0,0,2228224,33554432,2097152]
[0,0,0,0,0,0,8388608,0,16777216,0,0,0,1048576,0,0,0]-[4,2097152,0,0,2560]
[0,0,0,0,0,0,0,0,0,0,32,0,0,0,536870912,0]-[67108864,8388608,258,0,0]
[0,0,67108864,0,0,0,0,0,2147483648,268435456,0,0,0,0,0,0]-[64,0,1048576,1048576,4]
[0,0,0,0,67108864,0,0,0,0,0,4096,0,1048576,0,0,0]-[151016256,2231500828,26284549,100798472,0]
[0,0,0,0,0,0,0,0,1048576,0,0,0,0,524288,0,0]-[2166523904,542179584,566231280,2684354560,8197]
[524288,0,0,0,0,0,0,2048,1048576,0,0,0,0,128,0,0]-[0,65536,0,805306368,128]
[0,0,0,0,0,0,0,0,16777216,0,0,262144,1048576,0,0,0]-[0,269484032,0,33554436,0]
[0,0,0,0,0,0,0,16384,0,0,128,0,0,0,0,0]-[16392,0,1,0,1]
[128,0,4194304,0,0,0,0,0,0,0,0,0,0,0,0,0]-[64,0,536870912,1048576,256]
[0,0,67108864,0,0,0,0,8,0,0,4096,0,0,128,0,0]-[16781312,17170688,1073745920,294916,65664]
[0,2147483648,67108864,0,0,0,0,0,262144,0,0,0,0,0,0,0]-[2147483648,0,256,1024,1024]
[0,0,0,0,0,16384,536870912,0,0,0,0,0,262144,0,0,0]-[268435456,2,16777217,0,0]
[0,0,67108864,0,0,0,0,65536,0,0,0,0,1048576,0,0,0]-[0,131072,2048,0,2052]
[0,4194304,0,0,0,4096,0,0,0,0,0,0,0,0,0,0]-[0,2048,4196352,67108864,0]
[0,0,0,0,0,0,0,1048576,1048576,0,0,0,0,0,0,0]-[33554560,4194304,25176080,1174438912,1179712]
[0,0,67108864,0,0,8192,0,0,0,0,0,0,1081344,0,0,0]-[2151743488,0,4,0,0]
[128,0,67108864,0,0,0,0,0,0,0,0,0,268435456,0,0,0]-[0,1024,1032,50364432,4]
[0,128,0,268435456,0,0,0,0,0,0,0,0,0,0,0,0]-[536903680,134217728,2,2181039104,0]
[0,256,0,0,0,0,0,536870912,1048576,0,0,0,0,128,0,0]-[0,277872640,128,0,0]
[0,0,67108864,0,16777216,0,0,0,0,0,0,0,8,0,0,0]-[67108864,32768,524288,134217728,0]
[0,0,0,2147483648,0,0,32,0,0,0,0,0,0,0,0,0]-[131072,4194312,0,1024,0]
[0,0,67108864,0,0,0,0,0,16777216,0,0,0,0,536870912,0,0]-[2,16777472,67072,2164265025,524736]
[0,0,67108864,0,0,0,0,0,0,0,32768,0,262144,0,0,0]-[0,67129344,0,0,524288]
[0,0,67108864,0,0,0,0,0,0,0,0,0,4,0,33554432,0]-[0,2147491840,8192,512,0]
[0,0,67108864,0,0,0,1024,128,0,0,0,0,0,0,0,0]-[67174400,262144,256,0,0]
[0,0,0,0,0,0,0,0,0,0,4096,524288,1048576,0,0,0]-[1,32768,0,71303168,0]
[0,0,67108864,0,0,0,512,0,0,0,0,0,0,0,33554432,0]-[134217728,0,0,32,524290]
[0,128,0,0,0,0,0,0,0,0,0,0,0,0,131072,0]-[514,8,65536,1078206464,0]
[0,0,0,0,0,0,0,0,0,0,0,288,0,0,0,0]-[0,32,16777216,25198592,3073]
[0,0,0,0,0,0,0,8,2164260864,0,0,0,0,0,0,0]-[0,0,64,268435458,4096]
[0,0,0,0,0,256,0,0,1048576,0,0,0,0,16777344,0,0]-[0,0,8650752,402653184,0]
[128,0,0,0,0,0,2147483648,0,1048576,0,0,0,0,0,0,0]-[0,0,8388616,18,0]
[128,0,0,0,0,0,0,0,0,4194304,0,0,0,0,0,0]-[0,98305,655368,2215641104,131072]
[0,0,0,4096,0,0,0,0,0,0,4096,0,0,0,0,0]-[1073746176,8,16384,0,0]
[0,0,8388608,32,16777216,0,0,0,0,0,0,0,1048576,0,0,0]-[0,0,1082130432,8388608,2048]
[0,16,0,0,0,0,0,0,0,0,1073741824,0,0,0,0,0]-[4,0,2147483664,131072,0]
[16,0,0,0,0,0,0,2147483648,16777216,0,0,0,8,0,0,0]-[4194304,0,1216,0,0]
[0,0,67108864,0,0,0,32768,0,0,0,0,0,1048576,0,2097152,0]-[0,0,67108864,65,4]
[0,0,256,0,0,0,0,0,0,0,0,0,1048576,0,0,0]-[554696704,8365,2109440,536871232,327680]
[0,128,0,0,0,0,0,2048,0,0,0,0,0,0,0,0]-[2097152,134742016,1048576,0,0]
[0,0,0,0,0,0,0,0,524288,8192,0,0,0,0,0,0]-[0,134348800,0,1073741824,262144]
[67108864,0,0,0,0,0,0,0,0,512,0,0,0,0,0,0]-[1048576,8388608,0,16,1]
[0,0,0,0,0,0,0,0,1052672,0,0,0,0,0,0,0]-[33571072,16912,1082392776,139506179,1]
[0,0,67108864,0,0,0,0,0,16777216,0,64,0,0,0,0,0]-[134217729,0,32,2,0]
[0,0,0,0,0,256,0,16,0,0,0,0,1310720,0,0,0]-[0,4096,2097152,67109120,0]
[0,0,67108864,0,0,8256,65536,0,0,0,0,0,0,0,0,0]-[0,536870912,4194304,0,2049]
[0,0,67108864,0,0,0,0,16,0,0,0,0,1310720,128,0,0]-[0,67108864,2097152,2097152,1048576]
[0,0,0,0,0,0,0,0,134217728,0,0,0,0,0,4,0]-[2048,0,2097152,268451840,0]
[0,32768,67108864,0,0,0,0,0,134217728,0,0,0,0,0,0,0]-[8,0,0,0,448]
[0,0,0,0,0,0,0,0,0,0,0,0,262144,0,16384,0]-[1048576,1,33554432,1024,0]
[0,0,1024,0,0,0,0,0,0,0,0,0,262144,0,0,0]-[0,10240,1,32,0]
[0,0,0,0,0,0,0,0,0,0,0,0,4096,2147483648,0,0]-[524288,8388608,0,32768,8192]
[0,0,0,0,0,8388608,0,0,0,0,4096,0,0,0,0,0]-[2102080,303168,1115689537,67338248,53248]
[2048,0,0,0,0,0,0,0,134217728,0,0,0,0,0,0,0]-[536870928,612368386,8,16793600,524288]
[0,0,0,0,0,256,0,0,0,0,0,0,1073741824,0,0,0]-[131072,0,268435456,2048,8192]
[0,32,0,0,67108864,0,0,0,0,0,0,0,262144,0,0,0]-[16640,67112960,0,0,0]
[0,0,0,0,0,0,8196,0,0,0,0,0,17825792,0,33554432,0]-[1179648,67108864,0,0,8]
[0,0,67108864,0,0,0,0,0,0,0,0,0,1073741824,128,0,0]-[33554432,2048,0,262656,0]
[256,0,67108864,0,0,0,8192,0,0,0,0,0,0,0,0,0]-[4194304,2048,2148007936,0,0]
[0,0,0,0,2097152,0,0,16777216,0,0,0,0,0,0,0,0]-[525312,0,0,0,2097160]
[0,0,0,0,0,0,0,16,1048576,0,0,0,1048576,0,8192,0]-[32768,268435968,0,0,8192]
[0,0,67108864,0,0,0,0,0,135266304,0,4096,0,0,128,0,0]-[2048,537133312,0,0,0]
[0,0,0,0,0,256,0,0,135266304,0,4096,0,0,0,0,0]-[65536,256,1073741824,268435456,0]
[1024,0,67108864,0,0,0,0,0,0,0,4096,0,0,0,0,0]-[0,16777476,1073741824,0,0]
[128,0,0,0,0,8192,0,0,16777216,0,0,0,0,0,0,0]-[4194304,0,536870912,16810113,4352]
[0,0,0,0,0,24576,0,0,0,0,0,0,0,0,0,0]-[10485760,1048578,8721,262145,48]
[0,0,0,512,1,256,0,0,0,0,0,0,0,0,0,0]-[0,32800,536870912,0,524288]
[0,0,0,0,0,0,0,264,0,0,0,0,0,128,0,0]-[0,262144,0,0,327744]
[0,0,0,0,0,0,8192,0,537919489,0,0,0,0,0,0,0]-[2147483648,0,262144,268435456,16]
[0,16,0,0,0,256,0,0,0,0,4096,0,0,0,0,0]-[512,33554688,276824064,67111168,0]
[0,0,0,0,0,128,0,0,134217728,0,0,0,1048576,0,0,0]-[268451840,65538,2097152,16777216,16384]
[0,0,0,0,2147483648,0,0,0,1024,0,67108864,0,0,0,0,0]-[0,8192,163840,0,32768]
[0,0,0,0,0,16777472,0,0,0,0,0,0,0,0,0,0]-[335544320,1048576,4,0,0]
[0,0,0,16777216,0,0,0,16,0,0,4096,0,0,0,0,0]-[0,268500992,4096,301989888,280576]
[0,4096,0,0,0,0,0,0,134217728,0,0,0,0,128,0,0]-[1,1073872896,0,67108864,0]
[0,0,67108864,0,0,0,0,0,0,0,4096,0,1048576,0,8388608,0]-[8388608,0,0,4194560,128]
[0,0,0,0,0,0,0,0,0,0,0,0,1048576,16512,0,0]-[536870912,8,65536,16777216,0]
[0,0,0,0,8,8192,0,0,0,0,0,0,1048576,0,0,0]-[2097154,0,0,16777216,32]
[0,0,67108864,0,0,0,0,0,1048576,0,0,1073741824,0,128,0,0]-[33554432,0,32,2097248,524288]
[0,0,0,128,0,0,0,8,0,0,0,0,0,0,0,0]-[268435456,192,8,536870912,0]
[1073741824,0,0,0,0,64,0,0,1048576,0,0,0,0,0,0,0]-[32768,16,8388608,8192,0]
[1024,0,0,0,0,0,0,0,1048576,0,0,0,0,128,0,0]-[262148,0,0,536870912,128]
[0,0,16384,0,0,8192,0,0,0,0,4096,0,0,0,0,0]-[0,1073743872,16777216,1073741824,0]
[0,0,0,0,0,8448,8192,16,0,0,0,0,0,0,0,0]-[2147483648,0,134221888,0,0]
[0,0,0,32,0,0,0,8,0,0,4096,0,0,0,0,0]-[0,0,1073741824,33554432,65544]
[0,0,0,0,0,8192,8192,0,0,1024,0,0,0,0,0,0]-[8192,1,0,2048,512]
[0,0,0,0,0,0,0,0,0,0,0,0,0,0,34603008,0]-[32,2048,1090519040,0,0]
[0,0,0,0,67108864,0,0,0,0,0,4096,0,0,0,0,128]-[512,32772,0,128,0]
[0,0,2048,0,0,0,0,0,16777216,0,0,0,0,0,0,0]-[67239952,0,0,0,262144]
[0,0,0,0,0,0,0,4194304,0,0,0,0,268435456,0,0,0]-[0,1024,2,2097152,16384]
[0,0,67108864,0,0,0,0,16,1048576,0,0,0,0,256,0,0]-[64,0,4096,0,2099200]
[0,0,0,0,0,0,64,0,1048576,512,0,0,0,128,0,0]-[33554436,0,0,0,8196]
[0,0,0,0,0,256,0,0,0,0,0,0,1,0,0,0]-[1572928,2105344,16778244,16384,0]
[128,0,0,0,0,256,0,0,4096,0,0,0,8,0,0,0]-[0,0,8192,163841,0]
[0,0,67108864,0,0,0,0,0,0,0,0,0,536870920,0,0,0]-[1,100663296,0,1,0]
[0,0,0,0,32768,0,0,1073741824,0,0,0,0,0,0,0,0]-[262144,4268048,1024,128,4096]
[0,0,0,0,0,0,0,16,1048576,0,4096,0,0,0,262144,0]-[2048,262144,128,32768,0]
[0,0,0,0,0,0,0,0,1048608,0,4096,0,0,0,0,0]-[8388608,1088,134217728,0,0]
[0,0,0,0,0,256,0,8192,1048576,0,0,0,0,0,33554432,0]-[0,276824064,0,0,320]
[0,0,0,0,64,8192,0,0,0,0,0,0,0,0,0,0]-[4194560,0,0,128,16384]
[0,0,67108864,0,0,0,0,0,0,0,0,0,1048576,0,65536,0]-[8388608,0,73728,0,2097152]
[0,0,0,0,0,0,8192,0,0,0,0,0,0,0,4194304,0]-[0,2147483648,12582912,262144,0]
[0,0,67108864,0,0,0,0,0,536870912,0,0,0,0,128,0,0]-[64,0,32768,4230,0]
[0,0,0,0,0,2304,0,0,0,0,0,0,0,128,0,0]-[528,0,8388609,0,0]
[0,0,0,0,0,0,0,16,0,8388608,0,4194304,0,0,0,0]-[0,1048576,536870912,0,12288]
[0,0,0,0,0,0,0,0,1048576,64,0,8388608,0,0,0,0]-[0,8388608,4718592,0,1]
[0,0,0,0,0,256,0,0,536870912,0,0,0,0,0,0,0]-[196608,67141760,538968068,262144,14336]
[0,0,0,0,0,0,0,0,134217728,0,0,0,1024,128,0,0]-[268435472,9764864,536870918,0,1024]
[0,0,67108864,0,0,0,0,16,0,0,0,0,0,0,67108864,0]-[524288,544,2304,2147483776,2048]
[0,0,67108864,0,0,0,0,0,0,0,4096,32,0,0,0,0]-[10551360,2198078480,302075904,33883268,2129922]
[128,0,67108864,0,0,0,0,0,0,0,0,0,256,128,536870912,0]-[0,0,0,65584,4]
[0,0,4,0,134217728,0,0,0,0,0,0,0,0,0,0,0]-[268500992,0,33554432,16777216,0]
[0,0,0,0,0,0,0,0,1048576,0,0,0,0,0,134217728,0]-[131072,1077936128,570425344,0,0]
[0,0,0,0,0,0,0,16777216,0,0,262144,0,0,0,0,0]-[262160,0,0,8388608,512]
[0,0,67108864,0,0,134217728,0,0,0,0,0,0,0,0,262144,0]-[134217728,8,0,32768,1048576]
[0,0,67108864,0,0,0,2,0,0,0,0,0,0,128,0,0]-[10,2049,1073758212,262224,524416]
[4,0,0,0,0,0,0,0,0,0,0,0,1048576,128,0,0]-[0,16777216,1,67108864,64]
[0,0,0,0,0,8388608,0,16777216,0,0,0,0,0,0,0,0]-[67108872,0,65537,0,0]
[2147483648,0,0,0,0,0,8192,0,0,0,0,0,0,0,262144,0]-[67108864,0,68,0,16]
[0,0,0,0,0,0,0,0,0,0,256,0,0,0,33554432,0]-[64,0,64,268435458,0]
[0,0,0,0,8,0,0,0,0,0,0,0,0,0,4096,0]-[1025,1073742080,4096,2113536,2048]
[0,0,0,0,0,0,16384,0,1048576,0,0,0,1048576,0,0,0]-[0,268435456,4194304,67108864,1024]
[0,0,67108864,0,0,0,0,8388608,0,0,0,0,262144,0,0,0]-[0,0,256,2097184,2]
[0,0,0,0,0,0,0,0,135299072,0,0,0,0,0,0,0]-[5,1073741824,16777216,0,16]
[0,32,0,0,0,0,0,0,0,0,0,0,0,0,33554432,0]-[133888,603979778,1090519040,134217760,2050]
[0,256,0,0,0,0,0,0,0,0,4194304,0,0,0,0,0]-[536871232,0,2048,0,0]
[128,0,0,0,0,0,0,0,0,0,4096,0,0,128,0,0]-[281152,67503136,8405120,268763272,2097184]
[0,0,0,0,0,256,0,0,0,0,0,0,32,0,0,0]-[512,67110912,17039872,805306369,0]
[0,0,0,0,0,0,4194304,0,1048576,0,0,0,0,128,0,0]-[0,1048576,536870912,0,524292]
[0,0,0,0,0,0,2048,0,0,0,0,0,1073741824,0,0,0]-[6291456,2,0,0,4096]
[0,0,0,0,0,0,0,64,1048576,0,0,0,0,0,0,0]-[147584,268435472,16777248,536870913,524289]
[0,0,0,0,0,1073741824,0,0,0,0,0,0,0,0,0,131072]-[0,0,524288,131080,32]
[0,0,67108864,0,0,262208,0,0,0,0,4096,0,0,0,0,0]-[0,0,1073741824,98432,0]
[0,0,67108864,0,0,256,0,0,0,0,4096,0,1048576,128,0,0]-[0,67108896,0,0,32896]
[128,0,67108864,0,0,0,0,0,0,0,0,0,0,33554432,0,0]-[67108864,0,16384,16777248,0]
[0,0,67108864,0,0,0,0,0,0,0,4104,0,0,0,0,0]-[589888,393272,65536,4194304,0]
[524288,128,67108864,0,0,0,0,0,1048576,0,0,0,0,0,0,0]-[4,0,33554432,532480,0]
[0,0,67108864,0,0,0,0,0,134479872,0,0,0,0,0,0,0]-[32,268468224,0,128,0]
[0,0,67108864,0,0,0,0,0,0,0,0,0,32,128,0,0]-[0,67111168,1048612,0,64]
[2097152,0,0,0,0,0,8192,0,0,0,0,0,0,128,0,0]-[0,67108864,32,268435520,0]
[128,0,67108864,0,0,320,0,0,0,0,0,0,0,0,0,0]-[0,2048,9224,8257,0]
[0,32,0,0,0,134217728,0,0,0,0,0,64,1048576,0,0,0]-[8388608,8388608,0,4096,1048576]
[0,0,0,0,0,0,8192,0,0,0,8,0,0,128,0,0]-[268435520,262144,0,536870912,0]
[0,0,268435456,0,0,257,0,0,0,0,0,0,1048576,0,0,0]-[2097152,0,8192,131072,128]
[0,0,0,512,1,0,2048,0,0,0,0,0,0,0,0,0]-[0,2,0,1744830464,0]
[0,0,0,0,0,0,0,8,0,0,0,0,0,0,570425344,0]-[0,4194304,0,136314880,8]
[0,0,67108864,0,2097152,0,0,262144,1048576,0,0,0,0,0,0,0]-[32768,32,0,8192,128]
[128,0,0,0,0,0,8192,16,262144,0,0,0,0,0,0,0]-[1048576,536870913,0,0,8]
[0,0,0,0,0,0,0,0,0,0,0,0,0,536871040,524288,0]-[16386,0,131072,0,131072]
[0,0,0,0,0,0,0,0,0,0,0,0,1048576,134217728,0,0]-[8536192,335544840,134479872,1179648,13440]
[0,0,67108864,0,0,64,0,8,0,0,0,0,0,262144,0,0]-[0,6144,8,0,4]
[0,0,0,0,0,256,0,0,0,0,0,0,1048576,2147483776,0,0]-[1179648,0,0,2097156,0]
[0,0,0,0,0,0,0,0,1048576,0,0,32,0,128,0,0]-[35815441,1611924000,557249,1509952752,1712320]
[128,0,83886080,0,0,0,0,0,0,0,0,0,0,0,0,0]-[65536,268699648,34112528,2147549192,32784]
[0,0,0,0,0,67108864,64,0,0,0,0,0,0,128,0,0]-[2048,67108864,524416,0,0]
[0,0,0,32768,0,0,8192,0,0,0,0,0,0,0,0,0]-[0,1,0,67108928,2048]
[0,0,0,0,67108864,0,0,0,0,0,0,0,4,0,0,0]-[2147483656,0,0,0,8448]
[0,0,0,0,0,0,0,0,0,4,0,0,1048576,0,0,0]-[576,67113088,262152,320864256,32]
[0,0,67108928,0,0,0,0,0,1048576,0,0,0,0,0,0,0]-[2097152,16384,4194320,134218752,0]
[128,0,0,16,0,0,0,0,0,0,0,0,0,0,0,0]-[512,0,0,3221241920,0]
[0,0,0,0,0,0,0,16,16777216,0,0,0,0,0,0,0]-[3318477921,392794662,2710968306,3676346859,31480]
[0,0,0,0,2,0,0,0,0,0,0,0,1048576,0,0,0]-[847515648,2097152,4112,1187856,631364]
[0,0,67108864,0,0,0,0,0,262144,0,0,0,262144,0,0,0]-[0,16384,256,1024,1024]
[0,0,8,2097152,0,0,0,0,0,0,0,0,0,0,0,0]-[4194304,0,32768,67117056,0]
[0,67108864,67108864,0,0,0,0,0,0,0,0,0,262144,128,0,0]-[0,536872960,2097152,0,1048576]
[0,0,0,0,0,2048,0,0,0,0,0,0,0,0,64,0]-[0,0,4096,1073741824,1048578]
[0,0,0,0,0,0,0,0,0,0,0,0,0,2048,67108864,0]-[536870912,2147483712,32768,0,0]
[64,0,67108864,0,0,32768,0,0,0,0,0,0,0,0,0,0]-[0,2048,8,528,0]
[0,0,0,0,0,0,0,0,2097152,0,0,0,1114112,0,0,0]-[0,2147484672,0,10240,0]
[2147483648,0,0,0,0,0,0,16,0,0,0,0,1048576,128,0,0]-[0,67174400,0,67108864,8192]
[0,0,0,0,0,0,0,16,8192,0,0,0,0,128,0,0]-[64,67174400,131072,0,0]
[0,0,0,0,32,0,0,0,0,0,0,32,0,0,0,0]-[2281701376,0,64,0,1048576]
[512,512,0,0,0,0,0,0,0,0,0,0,0,0,0,0]-[33554432,0,0,131072,2050]
[0,0,67108864,0,0,0,0,16,0,0,0,0,1048576,0,0,0]-[2302777413,2502000253,1345338132,2338894331,3819729]
[0,262144,0,0,0,256,0,0,0,0,0,0,0,0,0,0]-[262160,0,134217728,2048,0]
[0,0,67108864,268435456,0,0,0,16,0,0,0,0,0,0,4096,0]-[4096,8192,8208,0,0]
[0,0,67108864,0,0,0,0,17,0,0,0,0,0,0,0,0]-[65536,64,8192,8192,0]
[0,512,0,1073741824,0,0,0,0,0,0,0,0,0,128,0,0]-[16,0,0,1073741826,32]
[0,0,0,0,0,256,128,0,0,0,0,0,0,0,0,0]-[0,0,69633,0,1]
[0,0,0,0,0,0,0,0,1048576,64,0,0,0,536871040,0,0]-[16400,0,0,0,131136]
[0,33554432,67108864,0,0,0,0,16,0,0,0,0,0,0,0,0]-[64,0,4096,16,145]
[0,0,67108872,0,67108864,0,0,0,0,0,4096,0,0,0,0,0]-[65536,33816640,0,0,0]
[0,0,67108864,2147483648,0,0,0,0,0,0,0,0,0,0,16,0]-[0,4194312,0,8192,2]
[0,0,0,134217728,0,0,0,0,0,0,4096,0,0,0,0,0]-[0,24,16384,335675648,32768]
[0,0,0,0,16,0,2097152,0,0,0,0,0,0,0,0,0]-[1073741824,0,0,64,8320]
[0,128,0,0,0,0,0,0,0,0,0,8388608,0,128,0,0]-[16384,256,0,20,0]
[0,0,0,0,0,0,0,2048,0,0,0,0,0,0,33554432,0]-[0,2155872256,0,32768,64]
[0,0,0,0,0,0,0,0,0,0,0,16777280,0,0,0,0]-[2228224,0,32768,0,512]
[0,0,0,0,0,64,0,8,0,0,0,0,512,0,0,0]-[8192,2048,3072,8192,0]
[0,0,0,0,0,320,0,0,0,0,0,16,0,0,0,0]-[65600,512,8388608,0,0]
[0,134217728,0,0,0,0,0,0,0,0,0,0,0,128,0,0]-[33554496,0,0,2048,524288]
[33554560,0,67108864,0,0,0,0,0,0,0,0,0,0,0,0,0]-[67108928,0,16384,64,0]
[1073741824,0,67108864,0,0,1,0,0,0,0,0,0,0,0,0,0]-[0,8192,524288,32,16]
[0,0,0,0,0,0,0,0,8,0,0,0,0,0,0,512]-[8,0,536875008,8,0]
[0,0,67108864,0,0,268435456,0,0,0,0,0,0,262144,0,0,0]-[2097152,12288,0,32,2]
[0,0,67108864,0,67108864,0,0,0,1048576,0,0,0,0,0,0,0]-[203491329,574997300,1375774760,2188388273,1573252]
[0,0,0,0,0,0,1048640,16,1048576,0,0,0,0,0,2147483648,0]-[262144,0,48,32768,0]
[0,0,0,0,0,0,0,0,134217728,0,0,32768,1048576,0,0,0]-[512,0,536870914,0,256]
[0,0,0,0,0,16384,0,0,0,0,0,0,0,1,0,0]-[64,2147484160,0,0,8192]
[0,0,67108864,0,0,64,64,0,1048576,0,0,0,0,0,0,0]-[0,768,8192,0,4]
[0,0,67108864,0,0,0,0,0,0,0,16,0,4096,0,0,0]-[2,2048,1280,0,0]
[8388608,0,0,0,0,512,0,0,0,0,0,0,0,0,0,0]-[67108864,1073823744,0,0,0]
[0,0,67108864,128,0,0,0,0,0,0,0,0,1048576,128,0,0]-[0,1,8192,4112,0]
[0,0,0,0,0,0,0,16,0,0,0,0,16,0,0,0]-[0,142610448,1048576,16400,262145]
[0,0,0,0,0,0,0,16777216,1048576,0,4096,0,0,0,0,0]-[264192,536871200,65,301989888,0]
[0,0,0,0,0,64,0,0,0,0,4096,0,0,0,0,0]-[3515448129,3879767421,1216959217,2257030788,2179246]
[0,0,0,0,0,0,0,1073741824,1048576,0,0,0,1048576,0,0,0]-[256,0,2080,8192,0]
[0,0,0,0,0,0,0,0,0,0,0,0,1048576,1024,0,0]-[18874369,8421376,138412032,17842176,4258]
[0,0,67117056,0,32768,0,0,0,0,0,0,0,0,0,0,0]-[8,0,0,2147483716,0]
[0,276824064,0,0,0,0,0,0,0,0,0,0,0,0,0,0]-[0,8421376,131072,4096,0]
[0,0,0,0,0,0,0,0,0,0,536870912,0,1048576,0,268435456,0]-[32768,4,0,1064960,0]
[0,0,0,0,0,0,0,0,1048576,0,0,0,0,0,16,0]-[2097156,132,4227137,3840,9221]
[0,8192,67108864,0,0,0,0,0,0,0,4096,0,0,0,0,0]-[16777217,21004352,1073741824,294916,32768]
[524288,0,0,0,0,0,8192,0,0,0,0,16777216,0,128,0,0]-[1048576,536870912,262144,2048,0]
[0,0,67108864,0,0,1,0,0,0,0,0,131072,0,0,0,0]-[0,0,0,16,34820]
[0,0,0,0,0,0,0,0,0,0,0,0,1048576,2048,0,0]-[1073741824,2097152,276824066,805306368,4]
[0,0,67108864,0,0,16,0,0,0,0,0,0,0,0,0,0]-[67665992,554020908,2455765816,17114246,688198]
[0,0,0,131072,0,0,0,0,33554432,0,0,0,0,0,0,0]-[0,49152,0,32,32]
[0,0,0,0,0,0,0,0,34,0,0,0,0,0,0,0]-[128,0,268435456,128,64]
[0,0,67108864,0,536870912,0,0,0,0,0,0,0,536870912,0,0,0]-[32,4210752,0,0,0]
[0,0,67108864,0,0,0,0,0,1048576,0,0,524288,0,0,0,0]-[33554432,262144,0,0,17]
[65536,0,67108864,0,0,8192,0,0,0,0,0,0,0,0,0,0]-[2147483650,32768,32768,0,0]
[0,0,0,0,0,0,0,0,134217728,0,0,128,0,0,0,0]-[2064,0,0,2097152,2048]
[0,0,0,0,0,256,0,0,0,0,0,0,1048584,0,0,0]-[1048576,0,0,4352,64]
[0,0,67108864,0,0,0,0,0,0,0,0,0,1048584,128,0,0]-[66,65536,2105344,4120,2098304]
[0,0,16777216,0,0,8192,0,24,0,0,0,0,0,0,0,0]-[0,6144,32768,0,4096]
[0,0,0,0,0,0,0,0,1048576,0,0,0,64,0,0,0]-[262288,570425348,1073776768,2181575696,0]
[128,0,0,0,0,256,0,0,17825792,0,0,0,0,0,0,0]-[16384,0,536870912,32768,524288]
[0,0,0,0,0,0,0,0,0,2147483648,1073741824,0,0,0,0,0]-[131072,67108880,0,1048576,0]
[0,134217728,67108864,0,0,0,0,0,1048576,0,0,2147483648,0,536870912,0,0]-[0,256,0,33554496,128]
[0,0,0,0,0,0,0,16,0,0,0,0,0,128,2097152,0]-[0,524800,0,16384,16384]
[0,0,0,0,0,8192,0,0,0,0,0,0,0,65536,0,0]-[538968072,0,536870976,1074003968,0]
[0,0,0,4194304,0,0,0,0,134217728,0,0,0,0,536870912,0,0]-[0,0,8,16416,1]
[0,0,0,0,0,64,0,72,0,0,0,0,0,0,0,0]-[0,2099328,1024,0,0]
[0,0,0,0,262144,256,0,0,0,0,0,0,0,0,33554432,0]-[0,262144,68157442,0,0]
[0,0,16777216,0,0,0,0,8192,0,0,0,1073741824,0,0,0,0]-[8390656,0,262144,268435456,0]
[0,0,67108864,0,0,0,0,0,1048576,0,4096,0,0,0,16777216,0]-[0,4194304,0,5632,0]
[0,0,0,0,0,0,0,0,0,128,0,0,262144,128,0,0]-[1064960,0,128,67108864,0]
[0,0,0,1048576,0,0,0,0,1048576,0,0,0,0,0,0,0]-[128,1114112,2176,1073741824,65]
[0,0,0,0,0,0,0,536870912,134217728,0,0,0,0,0,0,0]-[20971520,2097152,0,2048,0]
[0,0,67108864,0,0,0,0,0,0,1048576,4096,524288,0,0,0,0]-[134217728,268435456,2147483648,2,0]
[0,0,67108864,0,0,0,0,0,16777216,0,0,0,0,0,8192,0]-[67108928,67108864,1048576,0,0]
[0,0,0,262144,0,0,0,0,0,0,134217728,0,0,0,0,0]-[1073741824,8192,0,0,66048]
[0,0,0,0,33554432,0,0,16,33554432,0,0,0,1048576,0,0,0]-[0,8,0,33554432,262176]
[0,0,0,0,2147483648,0,0,0,134217728,0,0,0,0,128,0,0]-[262144,32,131072,0,1048576]
[0,0,4096,0,0,8388608,0,0,0,0,0,0,0,128,0,0]-[2097152,1050624,8388608,0,0]
[0,0,0,0,128,0,0,0,0,0,0,0,1048576,128,0,0]-[0,2097152,16777216,8192,512]
[0,0,0,0,67108864,1024,0,0,0,0,0,0,0,0,0,0]-[1048576,8200,67108864,0,0]
[0,0,0,0,0,0,0,0,0,0,0,32,0,0,4,0]-[0,1074790408,268439568,0,524800]
[128,16777216,67108864,0,0,0,0,0,0,0,0,0,0,0,0,0]-[0,262144,16384,1048576,131072]
[67108864,0,67108864,0,0,0,0,0,0,0,0,0,0,4096,0,0]-[0,2048,268437504,8192,0]
[128,0,0,0,0,0,8192,0,0,0,0,0,1048576,0,0,0]-[537919489,1,0,67108864,1048584]
[0,0,67108864,0,0,0,0,16,0,0,0,0,0,0,0,128]-[67108864,1,32,1024,0]
[0,0,67108864,0,0,0,0,0,1048576,1024,0,0,0,0,0,0]-[50331648,268451840,4194304,33025,0]
[0,8192,0,0,0,0,0,0,1048576,0,0,0,0,128,0,0]-[0,0,40960,67108864,524288]
[0,0,67108864,16384,0,0,0,0,0,0,0,1024,1048576,0,0,0]-[0,268439552,0,134217728,2]
[0,0,0,0,0,0,0,524288,0,0,4096,8192,0,0,0,0]-[512,0,33554432,0,65538]
[0,0,67108864,0,0,0,8192,0,0,0,4096,0,0,128,33554432,0]-[0,2048,524288,134217728,524288]
[0,0,335544320,0,0,0,64,0,0,0,0,0,0,0,0,0]-[0,0,0,69632,16388]
[0,0,0,0,0,0,0,0,2129920,0,0,0,0,128,0,0]-[0,0,16777216,1024,18]
[128,0,67108864,0,0,0,0,0,1048576,0,0,0,0,0,0,2048]-[0,268435456,33554432,8384,256]
[0,0,0,0,0,0,64,0,0,0,0,4096,0,0,0,0]-[2148534272,0,33554432,0,0]
[0,128,67108864,0,0,0,0,1,0,0,0,0,0,0,0,0]-[4096,0,33555456,512,0]
[0,0,67108864,0,0,8192,0,0,0,0,0,0,0,0,0,8]-[67108864,0,1048576,4096,1024]
[0,16777216,67108864,0,0,0,0,0,0,0,4096,0,131072,0,0,0]-[0,0,21008,0,0]
[0,0,0,0,0,268435456,32,4,0,0,0,0,0,0,33554432,0]-[2359296,8192,2048,0,0]
[0,0,0,0,0,1073741824,0,0,0,0,0,0,0,0,67108864,0]-[16,32896,0,4096,0]
[0,0,0,0,0,0,0,0,1048576,16777216,0,1,0,0,0,0]-[33554688,0,0,524288,64]
[0,0,0,0,0,0,0,0,0,0,0,0,1048576,128,524288,0]-[4,0,16390,0,0]
[0,0,0,0,0,64,0,16777216,0,0,0,0,0,0,0,0]-[268484618,524448,64,0,2097156]
[0,1024,67108864,0,0,0,0,0,1048576,0,0,0,0,0,0,0]-[0,4456448,24,0,0]
[0,0,0,0,0,0,0,0,0,0,4096,1048576,1048576,0,0,0]-[268435456,32768,16,0,128]
[128,0,0,0,0,0,0,0,0,0,0,0,8,0,0,0]-[625232273,101745665,2684880394,1075200033,2228494]
[128,2,0,0,0,0,0,16,0,0,0,0,0,0,0,0]-[16384,2048,8388608,0,16]
[0,0,0,0,0,0,0,0,1048576,0,2097152,0,0,0,8,0]-[0,8388612,8,128,0]
[0,0,0,0,0,0,64,2064,0,0,0,0,0,0,0,0]-[32768,524288,4608,0,0]
[0,4194304,67108864,0,0,0,0,0,0,0,0,0,1048576,0,0,0]-[2,67108864,0,2147483648,64]
[0,0,0,0,0,4096,0,16,0,0,0,0,0,0,0,0]-[0,4608,131072,16384,0]
[0,0,0,0,0,0,131072,0,0,128,0,0,0,0,0,0]-[32,24576,0,536870912,0]
[0,0,0,0,0,1074003968,0,0,0,0,0,67108864,0,0,0,0]-[8,512,2048,16384,0]
[2,0,67108864,0,0,0,0,16,0,0,0,2147483648,0,0,0,0]-[0,4210688,4,0,131072]
[0,64,0,0,0,0,134217728,0,0,0,0,0,0,0,0,0]-[0,0,570425344,2155872256,0]
[0,0,67108864,0,0,0,0,16,0,0,0,0,0,0,0,524288]-[0,0,34816,4096,16384]
[64,0,0,0,0,0,0,0,4096,0,0,0,0,0,2048,0]-[0,131584,0,16384,1]
[0,0,0,0,0,0,0,0,0,0,0,0,34603008,0,0,0]-[262144,67616,2097152,16384,327688]
[0,0,0,0,0,0,16384,0,0,0,0,0,0,32,0,0]-[128,512,268435456,0,512]
[0,0,67108864,0,0,0,0,0,0,64,4096,0,1048576,0,0,0]-[2097152,36,0,65536,0]
[0,0,0,0,0,0,64,0,2048,0,0,0,0,0,0,0]-[256,0,0,2147500032,524288]
[0,0,0,0,0,0,0,0,0,4096,0,0,1114112,0,0,0]-[1048576,32,65536,0,64]
[16777216,0,67108864,0,0,256,0,0,16777216,0,0,0,0,0,0,0]-[0,0,512,32768,524416]
[0,0,128,0,67108864,0,0,0,0,0,4096,0,0,0,0,0]-[0,16,4225,0,0]
[0,0,0,0,0,0,64,0,0,0,0,0,0,0,0,131072]-[0,67108864,524288,4325376,0]
[16777216,0,0,0,8,0,0,0,0,0,0,0,0,0,0,0]-[1073741824,1048576,536870912,1024,0]
[0,0,0,0,0,256,0,0,134217728,0,0,0,0,0,0,4]-[512,0,4,2097152,256]
[0,0,0,0,0,0,64,0,0,0,0,256,0,0,0,0]-[0,0,4224,536870912,2048]
[0,0,0,0,0,0,0,0,0,0,4096,0,0,0,8,0]-[21037248,1156,0,67108864,20992]
[0,0,0,0,0,0,0,0,16777216,512,32,0,0,0,0,0]-[0,512,256,285212672,0]
[0,0,67108864,0,0,0,0,0,0,0,0,0,2,0,0,0]-[2399141993,16791157,272635136,19148802,754689]
[0,0,0,0,32768,0,0,0,16777216,128,0,0,0,0,0,0]-[0,0,384,4097,0]
[0,0,67108864,0,0,0,8,16,0,0,0,4194304,1048576,0,0,0]-[0,268439584,0,0,1048576]
[0,0,4096,65536,0,0,0,0,0,0,0,0,0,0,0,0]-[0,8396800,0,0,524416]
[0,0,0,16777216,0,256,0,0,0,0,0,0,0,0,0,0]-[2483840320,50336832,285419020,67129348,266368]
[0,0,67108864,16777216,0,0,0,0,0,0,0,0,0,128,0,0]-[33554498,0,524288,266756,33792]
[0,0,67108864,0,0,64,0,0,0,0,0,0,0,1048576,0,0]-[0,2064,0,524289,0]
[0,0,0,0,536870912,0,8192,16,0,0,0,0,0,0,0,0]-[0,0,0,96,2080]
[0,0,0,0,0,0,128,0,0,0,0,2048,0,0,0,0]-[0,4096,0,10486784,0]
[0,0,0,0,0,0,0,8388608,0,0,4096,0,1,0,0,0]-[0,64,134217728,163840,0]
[0,0,0,0,0,0,0,0,1048576,0,16777216,0,0,0,0,0]-[16768,262148,553648128,537919490,131328]
[0,0,0,1073741824,0,0,0,0,1048576,0,0,0,0,0,0,0]-[16777216,8388608,0,9729,0]
[0,0,0,0,0,0,0,0,0,0,1073745920,0,1048576,0,0,0]-[8404992,0,0,4194304,2]
[128,0,0,0,0,0,0,8,0,0,4096,0,0,0,0,0]-[1074020864,425984,0,33849344,8]
[0,32,0,0,0,0,0,0,0,0,0,0,0,2147483648,0,0]-[570425344,8,131072,0,0]
[0,0,0,0,0,0,0,0,0,268435456,0,0,0,128,0,0]-[1030,1050624,128,1075839104,0]
[0,0,0,262144,0,0,0,0,134217728,0,4096,0,0,0,0,0]-[8404992,256,0,256,0]
[0,0,0,0,134217728,0,0,16,0,0,0,0,0,0,0,0]-[524288,0,4096,32,262272]
[128,0,0,0,0,1,0,0,16384,0,0,0,0,128,0,0]-[512,0,131072,64,524288]
[0,16777216,0,16,0,0,16384,0,0,0,0,0,0,0,0,0]-[0,512,268567040,0,0]
[0,0,0,0,0,0,0,0,0,0,0,0,0,2147483648,32768,0]-[0,134217728,0,2097154,32768]
[128,0,0,0,0,0,262144,0,0,0,4096,0,0,0,0,0]-[0,262144,0,33636352,0]
[1073741824,0,67108864,0,0,0,2097152,16,0,0,0,0,0,0,0,0]-[2147483648,0,256,33554560,0]
[128,0,0,0,0,0,8192,0,0,0,0,16777216,0,0,0,0]-[0,1,67108864,67108864,1]
[0,0,0,0,0,1073741824,0,0,0,0,0,0,1048576,0,0,0]-[4228096,10,10485776,2295816,2162976]
[0,0,67108864,0,0,0,2,8,0,0,0,0,0,0,0,0]-[0,0,1049600,8208,0]
[0,0,0,0,0,0,64,16,0,8192,0,0,536870912,0,0,0]-[536871936,16384,0,0,8]
[0,0,67108864,0,0,64,0,0,17825792,0,0,0,0,0,0,0]-[0,512,0,2147483712,64]
[0,0,0,0,0,67108864,0,0,0,0,0,0,4,0,0,0]-[134218752,2048,4096,0,0]
[0,128,67108864,0,0,0,0,16,0,0,4096,0,0,0,0,0]-[16842752,1,16,0,0]
[0,0,0,0,0,256,0,0,1048576,0,0,0,0,0,262144,0]-[256,0,64,2147483648,131072]
[0,0,16777216,0,0,0,0,0,0,0,0,536870912,0,0,0,0]-[4194304,134217728,0,40960,0]
[0,0,67108864,0,0,0,0,0,1048576,0,0,0,0,128,262144,0]-[4,536871168,8192,0,0]
[0,0,0,0,0,0,0,8,1048576,0,0,32,0,0,0,0]-[1,0,32864,0,0]
[134217728,0,0,0,67108864,0,0,0,0,0,0,0,0,0,0,0]-[134218240,32772,0,0,0]
[0,0,0,0,0,0,0,0,1073741824,0,0,0,536870912,0,0,0]-[32,67108864,0,0,131080]
[0,0,16777216,1,0,0,0,0,268435456,0,0,0,0,0,0,0]-[0,2,269484032,0,2]
[0,0,0,0,0,0,8,256,0,0,0,0,0,0,0,0]-[0,4096,129,2048,0]
[0,0,0,0,0,0,0,0,128,0,4096,0,0,128,0,0]-[0,537001984,8388608,65536,0]
[0,0,0,0,0,0,0,0,2048,0,0,0,0,0,16384,0]-[67108864,131072,0,16896,0]
[0,32768,0,0,0,64,0,0,0,0,0,0,0,0,0,0]-[2,0,0,536870913,4]
[16777216,0,67108864,0,0,256,0,0,0,0,0,0,0,0,0,0]-[0,2048,512,32768,524288]
[0,0,67108864,0,0,0,0,0,0,8,0,0,0,128,0,0]-[2048,0,0,2166784,0]
[0,0,0,0,0,8192,0,0,1048576,0,0,0,0,4194304,0,0]-[16384,0,2048,0,131076]
[0,0,0,0,0,1,0,0,0,0,0,0,0,128,0,0]-[148992,536872960,671746,402653248,131076]
[0,0,0,0,0,256,0,0,0,8,0,0,0,0,0,0]-[2147483648,1024,0,134219776,0]
[2097152,0,0,0,0,0,0,16,0,0,0,0,0,0,0,0]-[573440,8388612,2147483712,337641472,12288]
[0,0,0,0,0,4194304,0,0,134217728,0,0,0,0,0,0,0]-[512,75497472,16,0,0]
[0,0,0,0,0,0,0,0,8388608,0,4096,0,0,128,0,0]-[0,131104,1,268500992,0]
[1073741824,0,67371008,0,0,0,0,0,0,0,0,0,0,0,0,0]-[0,2147483680,2048,65536,0]
[0,0,67108864,0,67108864,0,0,0,1073741824,0,0,0,0,128,33554432,0]-[0,0,2147483648,2359296,524288]
[0,0,67108864,0,0,0,0,0,0,0,0,0,0,67108864,16777216,0]-[4194306,65792,2149580804,16778849,2097152]
[16777216,0,67108864,0,0,0,2048,0,16777216,0,0,0,0,0,0,0]-[0,0,512,32768,524352]
[33554432,0,0,0,0,256,0,16,0,0,0,0,0,0,0,0]-[1,0,0,139272,0]
[131072,0,67108864,0,0,0,0,134217728,0,0,0,0,536870912,128,0,0]-[0,2151694336,0,1,0]
[0,0,0,0,0,0,0,16,0,0,8,0,0,0,0,0]-[1628438528,0,16,16916480,0]
[0,0,0,0,0,0,64,0,0,0,0,0,1310720,128,0,0]-[1064960,67108864,0,2097152,0]
[0,64,67108864,0,0,0,0,0,33554432,0,0,0,0,0,0,0]-[2147483648,536870912,2147483648,0,2097152]
[0,0,67108864,0,0,0,0,0,0,0,0,0,1048576,0,0,0]-[2346752071,2537815677,1382119732,2339705855,3329495]
[8388608,0,67108864,0,0,256,0,0,0,0,0,0,0,0,0,0]-[67108864,301990912,0,0,0]
[128,0,0,0,0,2048,0,0,0,0,0,0,0,128,0,0]-[512,65536,8388608,64,0]
[0,0,0,0,0,0,32,0,1048576,0,0,0,1048576,0,0,0]-[260,0,8,0,131072]
[128,0,0,0,0,256,0,0,135266304,0,0,0,0,2048,0,0]-[0,256,8388608,0,320]
[128,0,0,512,1,0,0,0,0,0,0,0,0,0,0,0]-[16,0,70144,0,0]
[0,0,16777216,0,0,0,0,0,0,0,0,0,0,128,0,0]-[3492808200,1912872195,3581074,1946222792,1156576]
[0,0,0,134217728,0,0,0,0,0,0,0,0,134217728,128,0,0]-[33554432,0,1073741824,262144,8192]
[2048,0,0,0,0,8192,0,0,0,0,0,0,262144,0,0,0]-[2097408,34816,0,0,0]
[0,0,0,0,0,0,8224,0,0,0,0,0,0,0,0,0]-[131072,0,16777248,0,8]
[1073741824,0,67108864,0,0,262144,0,0,0,0,0,0,1048576,0,0,0]-[0,2048,33554432,134218240,0]
[0,0,67108864,65536,0,0,64,0,0,0,0,0,0,0,0,0]-[33554432,262145,1024,16777216,2097152]
[0,0,67108864,0,0,0,0,16,2048,0,0,0,0,0,0,0]-[0,0,33280,33554432,128]
[128,0,0,0,0,0,0,0,0,0,0,0,1073741824,0,0,0]-[0,0,32768,2148663296,0]
[2048,1048832,0,0,0,0,0,0,0,0,0,0,0,0,0,0]-[0,0,4194304,67109120,512]
[0,0,1140850688,0,0,0,268443648,0,0,0,0,0,0,0,0,0]-[6291456,16384,0,4,0]
[0,0,0,0,0,0,524288,0,16777216,0,0,0,0,0,0,0]-[0,268435457,4325376,33556992,32]
[0,0,0,0,0,0,64,16,262144,0,0,0,0,0,0,0]-[1048576,536870914,32,0,0]
[0,0,67108864,0,0,0,0,0,0,0,0,0,17825792,0,0,0]-[32768,67108864,0,1052672,0]
[0,0,67108864,0,67108864,0,0,0,0,0,4096,16777216,1048576,0,0,0]-[0,2147614736,0,128,0]
[0,0,0,0,0,0,0,0,134217728,0,67108864,0,0,128,0,0]-[0,8390721,1082130432,0,1152]
[0,0,0,2,0,8192,0,0,1048576,0,0,0,0,0,0,0]-[16,256,0,536871936,0]
[0,0,0,0,0,0,8388608,0,0,1,0,0,0,0,0,0]-[0,524288,8,268435456,32768]
[0,0,0,0,0,0,0,0,0,0,2048,32,0,0,0,0]-[8389184,33554432,4718592,128,32]
[0,0,67108864,0,0,0,0,0,2,0,4096,0,0,0,0,0]-[16846849,2147524612,268435968,128,65538]
[0,0,0,0,0,0,1,0,0,0,0,0,0,0,0,32768]-[536870912,2147483656,0,0,8192]
[0,0,0,0,0,8192,0,0,1048576,32768,0,0,0,128,0,0]-[262144,0,1073741824,2097152,1048576]
[0,0,67108864,0,0,67108864,0,0,1048576,0,0,0,0,0,0,0]-[2048,805306368,0,33554432,0]
[0,16,67108864,0,0,0,0,0,0,0,0,0,32,0,0,0]-[0,8192,1049088,0,64]
[0,0,0,0,0,256,0,0,134217728,0,0,0,262144,128,0,0]-[16384,67108864,536870912,0,524288]
[0,0,67108864,0,0,0,0,0,0,0,131072,0,0,128,0,0]-[33554440,262400,1048576,262656,64]
[0,128,67174400,0,0,0,0,0,0,0,0,0,0,0,0,0]-[4096,8,66560,0,0]
[0,0,67108864,0,0,0,524288,0,0,0,0,0,1048576,0,0,0]-[1,65536,4096,0,16384]
[0,0,0,0,0,0,4194304,0,268435456,0,0,0,0,0,0,0]-[2147483648,0,0,32768,786432]
[0,0,67108864,0,0,0,0,16777218,0,0,0,0,0,0,0,0]-[0,16777216,4096,8208,0]
[0,0,0,0,262144,0,0,0,0,0,0,0,262144,0,0,0]-[0,2,16777216,32,65536]
[0,0,0,0,0,0,0,0,0,0,0,32,0,8,0,0]-[671088640,0,0,1073750016,0]
[0,0,0,0,0,8388608,0,0,1048576,0,0,0,1048576,128,0,0]-[2097152,1048576,0,67112960,0]
[0,0,0,0,0,0,0,8192,2147483648,0,0,0,0,0,0,0]-[0,67108864,133120,536870912,0]
[0,0,0,0,0,0,64,8388608,0,1,0,0,0,0,0,0]-[2048,2,512,64,0]
[67108864,0,0,0,0,0,0,0,1048576,0,0,0,0,128,0,0]-[131073,0,1073741856,0,0]
[0,0,0,0,0,0,0,4,0,0,4096,0,0,0,0,0]-[2359296,67117056,0,0,0]
[0,0,67108864,0,0,0,0,0,0,0,0,0,1048576,64,0,0]-[2097216,4,8192,0,0]
[0,0,0,4194304,0,0,0,0,0,0,4096,0,0,0,0,0]-[1073741952,2148016128,257,16516,33]
[0,0,67108864,0,0,0,0,1,0,0,0,0,0,0,33554432,0]-[4,0,268959744,0,524288]
[0,0,0,1048576,0,0,0,0,0,0,0,0,1024,0,0,0]-[2,512,268435456,67108864,0]
[65536,0,0,0,0,0,8192,0,0,0,0,0,0,0,0,0]-[2181169152,0,512,0,0]
[0,0,128,0,0,0,64,0,0,0,0,0,0,0,0,0]-[16384,2,524800,4882432,0]
[0,0,4104,0,0,0,0,0,0,0,0,0,0,0,0,0]-[4194320,2147483648,0,1073741824,0]
[0,0,0,0,0,0,0,0,134217728,0,0,0,2048,128,0,0]-[268435456,536936448,0,268435456,0]
[0,0,131072,0,0,0,0,0,0,0,0,0,0,0,67108864,0]-[0,0,33,128,512]
[0,0,0,0,0,0,0,0,1048576,0,0,0,0,0,0,262144]-[33152,8389152,1074268160,105906688,132]
[1073741824,0,0,0,0,4,0,0,0,0,0,0,0,0,0,0]-[0,2147483680,131072,0,1048576]
[128,0,0,0,0,0,0,0,0,0,0,0,4096,128,0,0]-[33554944,0,131072,0,32]
[0,0,1024,0,0,0,0,0,0,0,0,0,1310720,128,0,0]-[268435456,0,2097152,67174400,0]
[0,0,0,4,0,0,0,0,0,0,0,0,1048576,536870912,0,0]-[129,0,1,0,4096]
[128,0,0,0,0,0,0,0,536870912,0,0,0,0,0,0,0]-[0,268500992,155648,163840,4096]
[0,0,0,0,0,0,8192,0,0,0,4096,0,262144,0,0,0]-[0,553787392,0,100729088,0]
[0,0,0,0,0,64,0,0,1048576,0,0,0,0,536871040,0,0]-[2064,1073741824,0,64,196]
[0,0,0,0,0,0,0,0,0,0,4096,0,0,1,0,0]-[6208,2151678016,0,67241984,4098]
[0,0,67108864,33554432,0,0,0,0,0,0,0,0,1048576,0,0,0]-[4096,69214272,4,2097188,0]
[0,0,0,0,0,264,0,0,134217728,0,0,0,0,128,0,0]-[16,65536,1073741828,0,0]
[8192,0,67108864,0,0,0,0,0,0,0,0,0,0,128,0,0]-[0,0,32,2097168,2097152]
[0,0,0,0,64,0,0,0,0,0,4096,536870912,0,0,0,0]-[262144,2147483712,16384,0,0]
[0,0,8192,0,0,0,0,0,0,0,0,0,1048576,0,0,0]-[1209074048,2147483692,4198464,1073872928,0]
[0,0,67108864,0,0,0,0,0,0,0,0,0,0,131200,0,0]-[0,0,0,262304,2097152]
[0,0,67108864,2048,0,0,0,0,0,0,0,32,0,0,0,0]-[134217728,512,33554688,0,0]
[0,0,0,0,0,0,0,0,1048576,0,33554432,0,0,0,0,0]-[52429184,545521812,1082949649,538446049,1057024]
[128,0,0,0,0,8256,0,0,0,0,0,0,0,0,0,0]-[16896,0,0,8192,4]
[0,0,67108864,0,67108864,0,0,0,0,0,4,0,0,0,0,0]-[2147483648,0,1024,2181038088,0]
[0,0,0,4,0,0,0,0,0,0,0,0,0,0,128,0]-[2048,32,0,0,4160]
[0,0,0,0,0,0,0,0,67108864,0,0,16384,262144,0,0,0]-[0,1073872898,536870912,0,0]
[0,0,0,0,0,8192,0,0,0,0,4096,0,0,0,0,0]-[498680642,2974198141,1233195765,1351602072,53678]
[0,0,0,0,0,16777216,0,0,0,0,0,0,256,0,0,0]-[0,0,786432,16777216,1024]
[0,0,0,0,0,0,64,0,0,0,0,0,0,0,67108864,0]-[67108864,67633216,33652768,537395200,393216]
[1073741824,0,67108864,0,0,0,0,0,134217728,0,0,0,0,128,0,0]-[0,67109120,0,32,128]
[0,0,0,0,0,0,0,16,0,0,0,32,268435456,0,0,0]-[16384,0,16777216,1,2048]
[0,0,0,67108864,0,8192,0,16,0,0,0,0,0,0,0,0]-[0,4,150994944,16,0]
[128,0,0,0,0,0,0,0,0,0,0,0,32,0,0,0]-[1073758208,268435456,0,32,0]
[0,0,0,0,0,0,0,0,0,0,0,16,0,128,0,32]-[131140,536870912,0,0,0]
[0,0,0,0,0,0,0,0,0,0,1024,32,262144,0,0,0]-[268435456,0,0,2098176,1048576]
[0,0,0,0,32,0,0,0,2,0,0,0,0,0,0,0]-[16777216,128,2097152,0,256]
[0,0,0,65536,0,0,0,0,1048576,0,0,0,1048576,0,0,0]-[9437312,1048580,0,67239936,2097152]
[0,0,0,0,0,0,0,16,134217728,0,4096,0,0,128,0,131072]-[268435456,536870977,0,0,0]
[0,0,0,0,0,256,4194304,0,1048576,0,0,0,1048576,0,0,0]-[0,0,25165920,0,0]
[0,0,1073807360,0,0,0,0,0,0,0,4096,0,0,0,0,0]-[2,0,16777216,1073741824,262144]
[0,0,68157440,0,0,0,0,0,2048,0,0,0,0,0,0,0]-[4,0,0,4,16512]
[0,0,67108864,0,0,8192,0,0,0,0,0,2,0,0,0,0]-[67108864,0,16392,4096,0]
[0,0,67108864,0,0,0,0,0,1048576,0,0,32,1048576,128,0,0]-[2097152,268435456,0,134217744,0]
[0,2097152,67108864,0,0,0,0,16,0,0,0,0,0,0,0,0]-[0,32,2304,0,128]
[0,0,0,0,131072,8,0,0,0,0,0,0,0,128,0,0]-[0,0,1073741828,1073741832,0]
[0,0,0,0,0,256,0,0,1048576,0,0,0,67108864,0,0,0]-[0,0,1082130433,2147483648,1024]
[0,0,0,256,327680,0,0,0,0,0,0,0,0,0,0,0]-[33554433,0,0,65536,4096]
[0,0,67108864,0,0,0,0,0,0,0,8388608,0,1048576,0,0,0]-[2155872320,0,268443648,2181038112,132096]
[128,0,67108864,0,0,64,0,16,0,0,0,0,0,0,0,0]-[2048,0,1024,8192,64]
[0,0,128,0,0,0,0,0,1048576,0,0,0,256,0,0,0]-[256,0,0,1081344,16]
[0,0,0,0,64,0,0,0,0,0,4096,0,0,128,0,0]-[64,1024,0,4096,32]
[128,0,0,0,0,0,0,0,16777216,0,0,0,8388608,0,0,0]-[138428416,0,0,0,64]
[0,8192,67108864,0,0,0,65536,0,1048576,0,0,0,1048576,0,0,0]-[2147483648,0,1073741824,32768,16]
[0,1048576,0,0,0,0,0,0,0,0,0,0,0,0,0,4096]-[32,16777216,0,16779264,0]
[0,0,67108864,0,0,8192,0,0,1,2097152,0,0,0,0,0,0]-[2162688,0,524288,262144,0]
[0,0,0,0,0,0,0,0,0,0,0,0,0,537919488,0,0]-[2147483648,33554432,0,16385,0]
[0,0,67108864,0,0,256,0,0,1048576,0,0,2048,0,0,0,0]-[1,0,0,0,524432]
[0,16384,0,0,0,256,131072,16,0,0,0,0,0,0,0,0]-[0,16777216,9216,131072,0]
[0,0,0,0,0,0,0,0,0,0,0,0,1048576,132096,0,0]-[16777216,0,6291456,0,32]
[8388608,0,0,0,0,0,64,0,0,0,4096,0,0,0,0,0]-[0,0,70144,0,4096]
[0,0,67108864,0,0,0,0,0,0,0,0,0,1,128,0,0]-[0,0,1081344,0,68]
[0,0,0,0,0,64,0,0,0,0,67108864,0,262144,128,0,0]-[268451840,2048,128,0,0]
[0,0,67108864,0,0,0,0,0,1048576,0,0,1048576,0,0,0,0]-[33554432,16388,2048,37752864,0]
[0,0,0,0,33554432,0,0,0,33554432,0,0,0,0,131200,0,0]-[2097152,131072,2,1073741824,0]
[0,0,2,0,0,0,0,0,0,0,0,0,0,128,0,0]-[2268,67112001,537133184,268435648,1048608]
[0,0,0,0,0,256,2,0,0,0,0,0,0,0,0,0]-[0,33554944,8388612,0,0]
[0,0,0,0,0,0,0,524304,1048576,0,0,0,0,0,0,0]-[16384,516,64,0,0]
[0,0,67108864,0,4,536870912,0,0,0,0,0,0,0,0,0,0]-[4096,512,528384,0,0]
[0,0,0,0,0,268435712,0,0,0,0,4096,0,0,0,0,0]-[262144,8192,65600,0,0]
[0,0,67108864,0,0,0,0,16,0,0,4096,0,0,0,33554432,0]-[524288,0,0,33554432,16512]
[0,0,0,0,0,32768,0,0,0,0,4096,0,0,128,0,0]-[512,16777216,0,4096,32]
[0,33554432,0,0,0,0,0,8,0,0,0,0,0,0,524288,0]-[262148,0,134217728,0,512]
[0,0,67108864,65536,0,0,0,0,0,0,4096,0,4194304,0,0,0]-[64,0,33554944,0,65536]
[0,0,67108864,0,32768,16384,0,0,0,0,4096,0,0,0,0,0]-[0,4194336,0,132,0]
[0,0,0,0,32,8388608,0,0,0,0,0,16777216,0,0,0,0]-[67108864,0,524289,0,256]
[0,131072,0,0,8,0,0,0,0,0,0,0,0,0,0,0]-[8192,0,2097152,67108928,0]
[128,262144,0,0,0,0,0,0,0,0,0,0,0,0,0,0]-[0,1024,536870912,33554432,64]
[0,0,0,128,0,0,64,0,1048576,0,0,0,0,0,0,0]-[2048,0,128,1048576,128]
[0,0,67108864,0,0,0,0,0,0,0,0,0,1074790400,0,0,0]-[0,18432,0,512,1048576]
[128,0,16777216,0,0,0,0,0,0,0,0,0,262144,0,0,0]-[0,0,130,0,1048578]
[0,0,4096,0,0,0,0,0,1048576,0,0,0,8,0,0,0]-[256,536870912,2048,0,256]
[0,0,67108864,0,0,0,0,0,0,0,0,0,0,0,0,4096]-[190840902,21273145,1377341996,2150432772,165075]
[0,0,0,0,4096,0,0,0,0,0,0,0,1048576,0,0,0]-[147456,16388,262144,16777216,32770]
[0,0,67108864,0,0,0,0,0,0,0,4096,0,0,0,268435456,0]-[0,16777216,2449477632,2097152,133120]
[262144,0,67108864,0,0,256,0,0,0,0,0,0,0,0,0,0]-[67108864,4096,0,260,0]
[0,0,67108864,0,8192,0,0,0,0,0,0,0,0,128,0,0]-[32774,0,3145728,4096,0]
[0,0,0,0,8192,256,0,0,0,0,0,0,0,0,0,0]-[16,276824832,268435456,262144,257]
[0,0,0,0,0,0,0,0,8388608,0,0,0,8,0,0,0]-[67108864,32768,3,0,0]
[0,0,0,0,0,0,0,0,0,0,4096,0,0,536870912,16,0]-[0,33792,33554432,2048,0]
[64,0,0,0,0,0,0,0,1048576,0,0,0,0,128,0,0]-[16384,0,262272,67109392,0]
[0,0,0,0,0,8192,0,16777216,0,0,0,0,0,0,0,0]-[8978456,395528,4259921,562036736,32]
[0,0,67108864,0,0,256,0,0,0,0,0,0,536870912,0,0,0]-[0,67108864,0,73729,128]
[0,0,67108864,0,0,0,0,0,1048576,0,0,256,0,524288,0,0]-[0,0,32768,1024,80]
[0,0,0,0,512,0,0,0,0,0,1024,0,0,0,8,0]-[0,0,4,553648640,0]
[0,0,67108864,0,0,8192,0,0,0,0,0,0,1052672,0,0,0]-[18874368,34816,0,0,0]
[0,0,0,0,0,0,0,0,1048576,0,0,0,256,0,67108864,0]-[0,0,4227072,1342177280,0]
[0,0,0,0,0,0,64,0,0,0,0,0,1048576,0,0,0]-[1945422791,3558996702,980760606,3547814741,3439530]
[256,0,0,0,2147483648,0,0,0,0,0,0,0,536870912,0,0,0]-[0,128,131072,262144,32768]
[0,0,0,0,0,0,16,0,0,0,0,0,0,33554432,0,0]-[0,262272,67108864,32,0]
[0,0,67108864,0,0,0,0,0,0,4194304,4096,0,262144,0,0,0]-[0,4,0,33555456,65536]
[0,128,0,0,0,0,0,0,134217728,0,0,0,1048576,0,0,0]-[276824064,1048577,16,16777472,128]
[0,0,0,0,0,0,0,262144,0,0,0,0,262144,0,0,0]-[272,16384,1081344,0,8192]
[0,0,0,0,0,0,0,0,1048576,2097152,0,0,0,0,0,0]-[37109777,546591266,1674059793,2522875697,526596]
[0,0,0,0,0,0,65536,0,134217728,0,0,0,0,128,0,0]-[0,612368384,1073741824,0,0]
[0,0,0,0,0,0,0,16,16384,0,4096,0,0,0,0,0]-[0,16,0,33556480,16384]
[0,0,67108864,0,0,0,0,0,1048576,0,0,0,0,16384,0,0]-[18874368,0,10240,6291458,4]
[0,0,67108864,0,0,0,0,0,0,0,262144,0,4,0,0,0]-[134217728,32768,4096,4,0]
[0,33554432,0,0,0,0,64,0,0,0,0,0,0,0,0,0]-[603979776,1073741824,0,0,8]
[0,0,67108864,0,0,8192,0,1024,0,0,0,0,0,0,0,0]-[33554440,2147483648,0,0,2]
[0,0,67108864,0,0,0,0,0,4096,0,0,0,0,128,0,0]-[0,536870912,4,512,2097152]
[0,0,0,0,0,0,0,2048,0,0,0,0,0,0,0,65536]-[8388736,8388608,0,32768,0]
[0,0,67108864,0,0,0,8192,0,0,0,0,4194304,0,0,0,0]-[100663296,0,67112960,0,0]
[0,0,67109376,0,0,0,0,0,0,0,0,0,0,128,0,0]-[33554432,32,2097152,32,0]
[0,0,67108864,0,0,0,0,0,1048576,0,128,0,0,0,0,0]-[2097152,262144,524288,524304,0]
[0,0,0,0,1048576,0,0,0,0,0,4096,0,0,0,0,0]-[1074003968,20979720,144,4096,32]
[0,0,0,0,0,0,0,16,1048576,0,0,0,0,128,33554432,0]-[0,32,536870912,134217760,0]
[0,0,67108864,32768,0,0,0,8,0,0,4096,0,0,0,0,0]-[0,262144,16384,32772,0]
[0,0,0,0,0,128,0,0,0,0,0,16,0,0,0,0]-[67125248,1048576,2097152,0,0]
[0,0,0,0,0,2,0,0,134217728,0,0,0,0,0,0,0]-[536895488,16384,0,1140920352,0]
[16777216,0,0,0,0,0,0,16,134217728,0,0,0,0,0,0,0]-[16384,0,2097154,0,16384]
[0,0,67108864,0,0,64,0,0,0,0,4096,0,1048576,0,0,0]-[25165824,33587200,16,4352,49152]
[0,0,0,0,0,0,0,8,0,268435456,0,0,0,0,0,0]-[0,2099328,136,128,4096]
[0,0,0,0,0,0,0,8192,4,0,0,0,0,0,0,0]-[1024,0,0,16778240,8192]
[0,0,67108864,0,0,8192,0,0,0,0,0,0,0,1048576,0,0]-[33554440,0,0,1,2]
[0,2097152,67108864,0,0,0,0,0,0,0,4096,0,0,0,33554432,0]-[0,12,268435456,4194304,0]
[0,0,67108864,0,0,0,0,0,1048576,0,8192,75497472,0,0,0,0]-[0,0,0,136315904,1024]
[0,0,0,262144,0,0,0,0,0,0,4096,32,0,0,0,0]-[0,2147483648,33554432,0,32800]
[0,0,0,0,0,8192,0,16777216,0,0,4096,0,32,0,0,0]-[8388608,537001984,1,0,0]
[0,0,0,0,0,256,0,2097152,0,0,0,0,1048576,128,0,0]-[262144,65536,0,4,64]
[0,0,0,0,0,0,0,0,134217728,0,0,134217728,262152,128,0,0]-[268435456,0,2097154,0,524288]
[0,0,201326592,0,0,0,0,0,0,0,0,0,0,0,0,0]-[589832,805307136,2214594564,2181366278,525440]
[0,8388608,67108864,0,0,0,0,0,0,0,0,0,262144,0,0,0]-[0,16914432,0,1024,2]
[0,0,0,0,0,256,8192,0,0,0,0,1073741825,0,0,0,0]-[16384,8,0,32768,262144]
[0,2,67108864,0,0,0,0,0,1048576,0,0,0,0,0,0,0]-[4194304,24,0,16785424,540672]
[0,268435456,0,0,0,0,0,0,0,0,0,0,0,0,33554432,0]-[131616,264,2148007936,0,2048]
[0,0,0,0,0,0,0,0,1048576,0,0,0,262144,536870912,0,0]-[16,4,0,33554432,131072]
[0,0,67108864,0,0,0,64,16,1048576,0,0,0,0,16384,0,0]-[2049,0,16,524288,0]
[0,0,67108864,0,67108864,0,0,8,1073741824,0,0,0,0,0,33554432,0]-[0,4194560,0,2359296,0]
[0,0,0,0,2097152,0,2147483648,0,0,0,0,0,0,0,0,0]-[256,33554432,131072,512,0]
[0,0,67108864,0,0,0,64,24,1048576,0,0,0,0,0,0,0]-[2048,0,1074266112,32768,0]
[0,0,0,0,0,1,0,8,0,0,0,0,0,0,0,0]-[268435456,128,0,16,2048]
[128,0,0,0,0,0,0,0,0,0,0,0,1048584,0,0,0]-[1610612865,0,0,8256,6]
[0,0,0,0,0,0,4194304,0,0,0,4096,0,1048576,0,0,512]-[16384,0,33554432,131072,16384]
[0,0,0,0,0,0,0,0,0,0,4096,0,0,2048,33554432,0]-[0,0,268435456,4194304,10]
[0,0,0,0,0,524288,0,0,0,0,0,0,0,128,0,0]-[268435456,3825205632,2097287,2148536322,1048608]
[0,0,0,0,0,64,0,0,1048576,0,0,0,1048576,128,0,0]-[4,1048576,8192,2050,131264]
[0,0,1024,0,0,0,0,0,0,0,0,0,1048576,0,0,0]-[1881297024,8471044,146800672,1191182608,24682]
[0,0,0,0,0,0,0,0,2097152,512,0,0,0,0,0,0]-[8389632,0,16,65536,0]
[128,0,0,0,0,0,0,0,0,0,0,0,0,0,512,0]-[33554944,256,139264,131089,0]
[16,0,67108864,0,0,0,0,0,0,0,0,0,0,128,0,262144]-[12582912,8,0,0,256]
[131072,0,0,0,0,0,0,0,0,0,0,0,0,32,0,0]-[0,33556480,131072,8192,0]
[0,0,0,0,0,0,0,8,1048576,0,32,0,0,0,0,0]-[0,128,192,8192,0]
[0,0,0,0,0,0,0,0,0,0,16384,0,1048584,0,0,0]-[805306369,0,0,16,0]
[0,0,0,0,0,0,0,0,1048576,0,4096,0,0,0,0,1024]-[262144,33816592,0,0,0]
[0,0,16777216,0,0,0,0,8,0,0,0,0,0,0,0,0]-[4194308,134217728,1049728,32768,2048]
[0,0,0,0,0,0,0,0,0,0,135168,0,0,128,0,0]-[1024,268437504,0,0,524288]
[16,0,67108864,0,0,0,0,0,0,0,0,0,0,0,0,0]-[104890409,2147485513,2420122420,2209169,2098178]
[0,0,0,0,0,0,64,0,0,0,0,16777216,0,0,0,0]-[335544320,0,0,0,1048577]
[0,0,0,0,0,0,0,0,0,0,0,0,1048576,0,16384,0]-[805568514,514,8192,50331648,0]
[0,0,0,0,0,0,0,0,2147483648,0,0,0,256,0,0,0]-[536870912,16,0,0,131584]
[0,0,67108864,0,0,0,64,0,1048576,0,0,0,8,0,0,0]-[2049,0,33554432,524288,0]
[65536,0,0,0,0,0,0,0,0,0,1073741824,0,0,0,0,0]-[0,536870912,1048704,1048576,0]
[0,0,0,0,0,256,0,16,68157440,0,0,0,0,0,0,0]-[524288,67108864,0,16384,262144]
[0,0,0,0,0,0,0,0,64,0,0,0,0,0,67108864,0]-[0,524288,262144,16777216,262144]
[128,0,67108864,0,0,256,0,0,17825792,0,0,0,1048576,0,0,0]-[0,0,0,32960,524288]
[0,268435456,0,0,0,8192,0,16,0,0,0,0,0,0,0,0]-[0,4096,16777216,17,0]
[128,0,67108864,0,1073741824,0,0,16,1048576,0,0,0,0,0,0,0]-[0,262144,0,8194,131072]
[0,0,0,0,0,256,8192,16,0,0,0,0,0,0,0,0]-[0,0,687870464,67112976,16]
[0,128,67108864,0,0,256,0,0,0,0,0,0,0,0,0,0]-[8,67108872,2188288,303168,147456]
[0,0,0,0,0,0,4,0,0,0,4096,0,0,0,0,0]-[18874368,0,268435456,33686528,0]
[0,0,0,0,0,16384,0,0,0,0,4096,0,0,128,0,0]-[2097216,0,0,262144,32]
[0,0,0,0,0,64,0,0,2147483648,0,0,0,0,128,0,0]-[0,1074790400,128,0,100]
[0,0,0,0,0,0,0,16,0,0,0,0,0,262144,0,0]-[0,142608392,2147483648,436207616,0]
[0,0,67108864,8388608,0,8192,0,0,0,0,4096,0,0,0,0,0]-[0,264,65536,512,0]
[0,0,0,0,0,0,0,0,2048,0,0,0,2097152,0,0,0]-[1032,16384,0,0,4096]
[0,0,67108864,0,536870912,0,0,0,0,0,0,0,0,0,0,1]-[0,268435712,256,64,0]
[0,0,67108864,536870912,0,0,0,16,0,0,0,0,0,0,0,0]-[0,0,2560,193,2097152]
[0,268435456,67108864,0,0,0,0,0,0,0,67108864,0,0,128,0,0]-[0,2048,32768,0,32896]
[0,67108864,83886080,16777216,0,0,0,0,0,0,0,0,0,0,0,0]-[32,0,2148007936,4096,0]
[0,0,0,0,0,0,0,0,0,0,0,0,256,0,0,4]-[1048576,512,16,64,0]
[0,0,0,65536,0,0,0,0,0,0,0,0,262144,128,0,0]-[0,2049,2,0,131072]
[0,0,0,0,0,0,8192,0,1048576,0,0,0,0,0,1024,0]-[2147614720,0,0,4096,1048576]
[0,0,67108864,0,0,0,0,0,0,0,131072,0,2048,0,0,0]-[0,4,67108864,262656,0]
[0,0,0,0,0,0,0,1073741832,0,0,0,0,0,0,0,0]-[4,134217728,0,8,192]
[0,0,0,0,0,0,0,0,524290,0,0,0,0,0,0,0]-[2097280,134217728,2097152,0,0]
[0,0,0,1,0,8388608,0,8,0,0,4096,0,0,0,0,0]-[512,0,0,32768,65544]
[0,0,67108864,0,0,0,16384,0,1048576,0,0,0,0,536870912,0,0]-[33554432,0,16,2097152,256]
[0,0,0,0,0,0,0,16,1048576,0,0,0,2162688,0,0,0]-[0,512,8388608,2147483680,0]
[128,0,1073741824,0,0,0,0,0,0,0,16384,0,0,0,0,0]-[8388608,69206016,128,0,0]
[0,0,67108864,0,0,0,0,0,0,0,0,0,524288,0,0,0]-[4,135680,3223917072,2621473,673926]
[0,0,0,0,0,0,0,0,1024,0,0,536870912,0,128,0,0]-[0,64,0,536870912,2097184]
[0,0,0,0,0,32,0,0,0,0,0,0,0,1048576,0,0]-[16384,524292,16384,0,0]
[0,0,67108864,0,67108864,0,67108864,0,0,0,0,0,0,128,0,0]-[0,65600,0,2097152,1048576]
[0,0,0,0,0,0,0,0,1048576,2147483648,0,32,0,0,0,0]-[131073,16,0,524288,0]
[0,0,0,0,0,8388608,0,0,0,0,0,4,0,0,0,0]-[16777600,0,0,8,0]
[0,0,0,0,0,0,0,8388608,16777216,0,0,0,0,0,0,0]-[133120,2,0,1073741824,0]
[0,0,0,0,0,0,8,16,1048576,0,0,0,0,0,0,0]-[32784,16,536870912,64,0]
[0,0,0,0,0,64,33554432,0,0,0,0,0,1048576,0,0,0]-[16386,0,4096,0,32]
[0,0,0,0,0,0,0,0,0,0,0,8192,65536,0,0,0]-[268435456,256,0,0,2052]
[0,0,67108864,131072,0,0,8192,0,0,0,0,0,0,0,0,0]-[0,0,2099200,295424,0]
[0,0,0,0,0,0,0,0,0,0,0,8192,0,1048576,0,0]-[0,1073741824,128,268566528,0]
[0,0,67108864,0,0,0,0,0,1048576,0,0,0,1310720,0,0,0]-[2097152,16388,33554432,6291712,1048576]
[0,0,0,0,0,0,0,16,65536,0,0,0,0,0,0,0]-[0,276824096,0,17,266256]
[0,0,0,0,67108864,0,0,16,0,0,4096,0,0,0,0,0]-[67110912,4456560,8388708,574619904,2101288]
[0,0,0,0,1073741824,8192,0,0,0,0,0,0,0,0,0,0]-[0,1073741824,1024,16777217,0]
[128,0,0,16777216,0,0,0,0,0,0,0,0,0,0,0,0]-[71565312,0,0,2151677952,4096]
[0,0,0,0,67108864,0,0,0,0,0,0,0,0,131072,0,0]-[0,0,17895552,640,4]
[0,0,0,0,1073741832,0,0,0,0,0,0,0,0,0,0,0]-[134217728,2048,0,134217728,4096]
[0,0,0,0,0,0,0,0,64,0,0,0,1048576,0,0,0]-[17055744,18949,12288,1048584,1060896]
[0,0,67108864,0,0,0,0,0,1048576,0,524544,0,0,0,0,0]-[2097152,65536,16,128,0]
[0,0,0,0,134217728,0,0,16,16777216,0,0,0,0,0,0,0]-[256,0,67108864,516,0]
[0,0,0,0,262144,0,1024,0,0,0,0,0,0,0,0,0]-[0,32,67108866,0,524288]
[0,0,67109888,0,0,0,0,0,8192,0,0,0,1048576,0,0,0]-[0,67174400,4096,16777216,0]
[0,0,67108864,16777216,0,256,0,0,0,0,0,0,1048576,0,0,0]-[0,512,0,4100,1024]
[0,0,0,0,0,256,0,0,0,0,0,0,0,512,0,0]-[0,0,9216,131072,262144]
[0,0,0,0,0,0,0,0,0,0,0,0,262144,0,0,32768]-[0,0,2,0,132098]
[0,0,0,0,131072,0,0,0,0,0,0,1,0,0,0,0]-[0,538968064,536870912,32768,0]
[0,16,16777216,0,0,0,0,0,0,0,0,0,0,0,0,0]-[1024,2,268698624,0,2048]
[0,0,67108864,256,0,0,0,0,0,0,0,0,1048576,0,0,0]-[2185232384,16,0,0,0]
[0,0,0,0,0,0,8192,0,0,0,0,2,0,0,0,0]-[67239936,0,0,67108864,1048576]
[0,128,67108864,32,0,0,0,0,0,0,0,0,0,0,0,0]-[2048,4,0,2097152,2097152]
[0,0,67108864,0,67108864,0,0,0,0,0,67108864,0,0,0,0,0]-[134217728,0,0,640,2097152]
[0,0,67108864,0,0,0,0,0,0,4,0,0,0,536870912,0,0]-[0,260,1048576,0,64]
[0,0,0,0,8388608,4,0,0,0,0,0,0,0,0,0,0]-[131072,0,8388608,8,1]
[0,0,16777216,0,0,0,8,16,134217728,0,0,0,0,0,0,0]-[536936448,262144,16,0,0]
[0,0,0,0,0,0,8,0,0,0,0,0,1048576,128,0,0]-[33554432,0,0,276826112,0]
[128,0,67108864,0,0,0,0,0,1048576,0,4096,0,0,64,0,0]-[0,65,0,0,2097154]
[0,0,0,0,524288,0,0,0,1048576,0,0,0,0,0,0,0]-[6357040,268435596,98,100663297,8192]
[0,524288,67108864,4194304,0,0,0,0,0,0,0,0,0,0,0,0]-[0,2147483648,66560,0,131072]
[0,0,0,0,0,0,0,0,17825792,0,536870912,0,1048576,128,0,0]-[0,65536,0,2097664,8192]
[0,0,0,0,0,0,0,1073741824,2048,0,0,0,0,128,0,0]-[131072,64,0,134217728,128]
[128,0,67108864,0,0,256,0,0,1048576,0,0,0,0,0,0,0]-[0,262144,33554432,5242912,4]
[0,0,67108864,0,0,0,0,0,0,0,1073741824,0,0,0,1073741824,0]-[0,65536,1028,512,0]
[0,0,67108864,0,0,0,0,0,0,0,524288,16,0,0,0,0]-[0,0,16400,1056768,0]
[1073741824,0,0,0,0,0,0,0,0,8388608,0,0,0,0,0,0]-[0,266240,0,0,2101248]
[0,0,0,0,0,0,0,16,0,0,0,1073741824,8,0,0,0]-[0,8388608,16777216,2048,2097152]
[0,0,67108864,0,0,0,1,0,0,0,0,0,0,0,0,0]-[20971528,587204865,2166800,2719744,2097216]
[0,0,0,0,0,0,0,0,134217728,0,0,0,1048576,0,33554432,0]-[1212418,36,0,68157440,0]
[0,1073741828,67108864,0,0,0,0,0,0,0,0,0,512,0,0,0]-[2147483648,0,67108864,0,1026]
[0,0,0,0,0,65792,0,256,0,0,0,0,0,536870912,0,0]-[0,0,16777232,262144,256]
[0,0,256,0,0,0,0,16,0,0,0,0,0,0,0,0]-[16777216,0,134225954,67239968,0]
[0,0,67108864,8192,0,0,0,0,0,0,0,0,1048576,0,0,0]-[0,36864,33554432,0,64]
[0,0,0,0,0,0,0,0,0,2048,4096,0,0,0,0,0]-[1342182144,2147647524,1073741824,302073856,0]
[0,0,67108864,1024,67108864,0,0,65536,0,0,0,0,0,0,0,0]-[0,0,2147483648,16777233,0]
[0,0,67108864,0,65,0,0,0,0,0,0,0,0,0,0,0]-[0,67112960,0,32768,4]
[1073741824,0,0,0,0,0,0,0,0,0,2,0,0,0,0,0]-[512,0,0,8388624,512]
[0,0,0,0,0,0,0,0,512,65536,0,0,0,0,0,0]-[1048576,2147483648,0,1073741888,0]
[0,0,67108864,0,0,0,0,16,135266304,512,0,0,0,128,0,0]-[16400,8388608,0,268435456,0]
[128,0,0,0,0,0,0,0,0,8,0,0,0,0,0,0]-[536936448,16384,536887296,1081344,1]
[0,0,67108864,0,131072,0,0,0,0,0,4096,0,0,0,0,0]-[0,536903744,0,256,0]
[0,0,0,0,0,0,0,1048576,0,0,0,0,0,128,0,0]-[64,64,0,8388608,32]
[2048,8192,67108864,0,0,0,0,0,0,0,8,0,262144,0,0,0]-[0,67158016,32768,0,0]
[0,0,0,0,0,2147483904,0,0,0,0,0,0,0,0,0,0]-[2147483968,66688,136380416,0,8193]
[0,0,67108864,0,0,0,0,0,262144,0,0,0,1048576,0,0,0]-[32768,16795648,4096,260,2098176]
[0,0,67108864,0,0,0,0,0,0,0,0,0,131072,0,67108864,0]-[524292,0,2147483648,1048576,0]
[2147483648,0,67108864,0,0,0,64,0,0,0,0,0,0,0,0,0]-[0,16,9216,65536,0]
[0,0,0,0,0,256,0,0,8388608,0,4096,0,1048576,0,0,0]-[0,83886080,0,131072,128]
[0,0,0,0,2048,0,0,0,0,0,0,0,0,128,0,4096]-[2113538,0,8388608,0,0]
[128,0,0,0,0,0,2147483648,0,0,0,0,0,0,128,0,0]-[129,536870912,0,0,32768]
[0,0,0,65536,0,0,0,0,0,0,0,0,0,4194304,0,0]-[0,134217728,0,268435464,131072]
[0,0,0,0,1024,0,0,0,0,0,262144,0,0,536870912,0,0]-[0,0,2048,8519680,512]
[0,0,536870912,0,0,0,0,0,0,0,0,0,16777216,0,0,0]-[1048576,524288,34816,0,0]
[0,0,0,0,0,0,64,0,8,0,0,131072,0,0,0,0]-[512,0,0,24,512]
[0,0,0,0,0,4,0,0,0,0,0,8388608,0,0,0,0]-[272,2147484672,0,0,0]
[0,0,67108864,0,0,0,0,0,0,0,0,0,136,0,0,0]-[33554440,512,2560,1024,0]
[0,0,0,0,262144,0,0,0,0,0,0,4096,0,0,0,0]-[0,67112960,0,0,8196]
[0,0,67108864,0,0,1,0,0,1048576,1024,0,8,0,0,0,0]-[16777216,16,0,256,524288]
[0,0,0,0,0,0,0,0,0,65536,0,0,1048576,0,0,128]-[0,2147483648,67108864,1073741888,0]
[0,32,67108864,0,0,0,0,0,0,0,0,32,0,0,0,0]-[1,16,0,524288,2097152]
[0,0,0,0,0,0,64,0,0,0,4096,0,1073741832,0,0,0]-[2048,4,0,131072,2]
[0,0,0,8192,128,0,0,0,1048576,0,0,0,0,0,0,0]-[4,256,33554432,536870912,0]
[0,0,67108864,0,0,0,0,0,0,0,0,32,0,0,32768,0]-[3,0,0,8192,32768]
[0,0,67108864,0,0,0,0,0,16777216,0,0,0,17825792,0,0,0]-[0,16777216,65536,16777216,128]
[0,0,0,1,0,16384,0,0,1048576,0,0,0,1048584,0,0,0]-[129,33554432,0,0,128]
[0,0,0,0,131072,0,0,0,1048576,0,0,0,0,128,0,0]-[33554560,0,8388736,67109010,525312]
[0,0,67108864,0,0,0,64,0,0,0,0,0,0,8192,0,0]-[4,8193,0,16777216,0]
[0,0,67108864,67108864,0,0,0,536870912,0,0,0,0,0,0,0,0]-[20971520,2147483648,0,32,0]
[0,0,0,0,0,0,0,0,1048576,0,4096,4,0,0,0,0]-[16777216,0,1073741825,301990656,0]
[0,0,0,0,0,0,0,0,134217728,0,16,0,0,0,0,0]-[65544,201326592,0,0,0]
[0,0,67108864,0,0,0,2097152,16,0,0,0,0,0,536871040,0,0]-[0,0,1048576,80,128]
[0,0,16777216,0,0,256,0,0,0,0,0,0,1048576,0,0,0]-[0,268439552,262144,256,13312]
[0,0,2048,0,0,0,0,0,0,0,0,0,0,134217728,0,0]-[16,1073750016,131072,0,0]
[0,0,0,0,0,8192,65536,0,1048576,0,0,0,1048576,0,0,0]-[65536,0,8388672,1,0]
[0,0,0,0,0,0,0,0,0,0,0,0,128,0,262144,0]-[67108864,0,0,537919490,0]
[0,0,0,0,0,0,128,0,128,0,0,0,0,0,0,0]-[0,134221888,0,8388608,0]
[0,0,0,0,0,0,0,0,0,4194304,4096,0,0,0,0,0]-[67108864,1073741824,524288,1084751872,1024]
[0,0,0,0,0,0,0,0,16,0,0,0,0,128,0,0]-[268698241,537133120,1048576,8655360,524352]
[0,0,1073741824,0,0,0,0,0,0,0,1048576,0,1048576,0,0,0]-[2097152,1064960,0,16777472,0]
[0,0,0,0,0,0,0,0,4,0,0,0,256,0,0,0]-[0,1090535424,0,16777728,1]
[0,128,0,0,0,0,0,0,0,0,0,32,1048576,0,0,0]-[536870912,16793600,0,35667968,32768]
[0,128,0,0,16,0,0,0,0,0,0,0,0,128,0,0]-[33554560,0,2097152,4096,0]
[0,0,0,0,0,64,0,0,4,0,0,0,0,128,0,0]-[512,0,8388608,64,1024]
[0,262144,0,0,0,0,0,0,1048576,0,0,0,134217728,0,0,0]-[0,4194304,1073741824,2048,8192]
[0,0,67108864,0,1,0,0,0,0,0,4096,0,0,0,0,0]-[0,131072,69632,1024,0]
[0,0,67108864,0,0,1024,0,0,1048576,0,4096,0,0,0,0,0]-[524288,8,0,0,2162688]
[0,0,67108864,260,0,0,0,0,0,0,0,0,0,0,0,0]-[67110920,0,0,64,0]
[0,0,0,0,0,2147483648,0,0,0,0,16777216,0,0,0,0,0]-[0,4,0,536870912,264]
[0,0,0,0,0,0,4096,0,0,0,0,32,0,0,0,0]-[0,0,131136,2147491840,0]
[0,0,0,0,0,0,8192,0,0,0,0,0,65536,0,0,0]-[65536,0,4,67584,0]
[0,0,0,4194304,0,0,0,0,0,0,131072,32,0,128,0,0]-[0,32,5,32,0]
[0,0,0,0,0,8192,0,0,0,1073741824,0,0,0,0,8,0]-[16777216,8192,262144,0,16384]
[0,32,0,0,0,0,0,0,1048576,0,4096,0,0,0,0,0]-[18688,0,0,0,128]
[0,0,83886080,0,0,0,0,0,0,0,0,0,0,4096,0,0]-[0,0,4194816,16777216,1]
[0,0,0,0,0,0,0,0,16777216,0,0,0,131072,0,0,0]-[0,512,16640,16777280,4232]
[0,0,67108864,0,0,268435456,0,0,0,0,0,0,1048576,0,0,0]-[12582912,33554432,2105344,2097184,2049]
[2,0,67108864,0,0,0,64,0,0,0,0,0,0,0,0,0]-[2097152,0,512,1048580,0]
[0,0,0,0,0,0,0,0,1048576,0,0,0,268435456,128,0,0]-[262161,0,0,1275068416,1179776]
[0,0,0,0,0,0,8192,0,0,0,0,0,0,0,16777216,0]-[0,67108864,536870976,65536,0]
[0,0,0,0,0,0,8192,0,2048,0,4096,0,0,0,0,0]-[0,256,64,67584,0]
[0,0,1024,0,0,0,0,0,0,0,0,256,0,0,0,0]-[0,0,524288,0,262401]
[0,0,0,0,0,256,0,0,0,4096,4096,32,0,128,0,0]-[512,1024,0,2052,0]
[0,0,0,0,0,0,0,0,134217728,0,16384,0,262144,128,0,0]-[0,1048576,2,2097152,1024]
[0,0,67108864,0,0,0,64,0,0,1048576,0,0,0,0,0,0]-[0,0,1073741856,0,2176]
[0,0,0,0,0,16384,0,0,0,0,0,0,8,0,0,0]-[4194816,0,0,1024,32]
[0,0,67108864,0,0,0,0,0,67108864,0,0,0,262144,0,0,0]-[524288,32768,0,1024,524288]
[0,0,67108864,0,0,0,0,0,0,4194304,0,2,0,0,0,0]-[0,33280,526336,0,0]
[0,0,0,0,0,0,1073741824,0,0,0,0,32,0,0,0,0]-[268435456,16,67764224,33555456,32768]
[0,0,67108864,0,0,256,0,0,0,0,0,0,0,0,33554432,0]-[0,335548416,0,16777280,524608]
[0,0,0,0,0,0,0,16,0,0,0,262144,0,0,0,0]-[0,134218272,770,270548992,1335296]
[2048,0,0,0,0,0,0,0,0,0,4096,0,262144,128,0,0]-[524544,32768,0,256,0]
[0,0,0,0,0,0,0,0,0,0,0,0,4096,1,0,0]-[0,524289,33554432,2,0]
[0,0,67108864,256,0,0,0,0,0,0,0,0,0,0,0,524288]-[1,2097152,0,16,131072]
[0,0,0,0,0,8192,0,0,0,0,0,0,4096,0,0,0]-[537395206,32768,0,1073741952,2]
[0,0,4194304,0,0,0,0,0,0,32768,0,0,0,0,4,0]-[1073741824,16,4,16384,0]
[16777216,0,67108864,0,0,0,0,0,1,0,0,0,256,0,0,0]-[0,16384,67108864,16,16384]
[0,0,0,0,0,0,0,0,0,0,0,0,256,32,0,0]-[0,0,1024,524352,4096]
[0,0,0,0,0,512,0,16,0,0,0,0,8,0,0,0]-[0,0,2097154,134217745,0]
[536870912,0,33554432,0,0,0,0,0,0,0,0,0,0,0,0,0]-[262144,67121152,0,0,0]
[128,0,67108864,0,0,0,8192,0,0,0,0,0,0,536870912,0,0]-[64,2048,0,2147483648,131072]
[0,0,0,0,0,0,8192,0,17825792,0,0,0,0,0,0,0]-[0,0,262208,268435520,0]
[0,0,0,0,0,0,0,0,1048576,0,0,0,16778240,0,0,0]-[16,1064960,8192,0,0]
[0,2147483648,67108864,0,0,0,0,0,0,0,0,0,0,0,0,0]-[33554432,2231377924,1073741824,4194576,131076]
[0,0,0,0,0,2,0,0,0,0,0,32,0,0,0,0]-[0,0,0,1572864,34]
[0,0,67108864,0,0,0,0,2048,0,0,0,32,0,0,0,0]-[134217728,0,32800,0,128]
[0,0,0,0,0,256,0,0,16384,0,0,0,0,0,0,0]-[576,4096,131072,0,0]
[0,0,0,0,0,0,16384,16,1048576,0,0,0,0,0,0,0]-[0,0,0,69206272,16]
[0,0,0,0,256,0,0,0,1048576,0,67108864,0,0,128,0,0]-[0,0,1074036736,0,4]
[0,0,256,0,0,0,0,0,0,0,0,1024,0,0,0,0]-[64,8192,0,536870976,8192]
[0,0,67108864,0,0,0,0,0,16384,0,0,0,0,128,0,0]-[66,0,4,0,524288]
[0,0,0,0,0,256,0,268435456,0,0,0,0,0,0,0,0]-[1280,0,16781312,0,0]
[0,0,67108864,0,0,8192,0,0,0,0,4096,0,1048576,0,0,0]-[18939904,2147524612,4096,360576,16514]
[0,0,67108864,0,0,0,0,268435456,0,0,0,0,0,128,0,0]-[35651659,0,32768,4208,65536]
[0,0,0,0,0,0,0,16,0,0,0,0,0,134217728,0,0]-[8937984,546310148,671125506,64,2105392]
[0,0,0,0,0,0,2112,0,0,0,0,0,0,0,0,0]-[262144,0,512,6291456,0]
[0,0,0,0,0,0,0,0,1048576,0,1048576,0,0,0,0,0]-[327680,32,8650824,101757456,16]
[0,0,0,0,0,0,0,0,0,0,0,0,8,65536,0,0]-[0,1,2097152,536870912,8]
[0,0,0,0,0,64,0,8,1048576,0,0,0,1048576,0,0,0]-[0,128,2056,536879104,4]
[0,0,0,0,0,0,0,0,0,128,0,0,1048576,128,0,0]-[1048580,0,9437184,4160,262208]
[0,0,67108864,0,0,0,0,0,1,0,4096,0,0,0,0,0]-[0,8257,0,65536,0]
[0,0,0,2048,0,8192,0,0,0,0,0,0,0,0,0,0]-[128,96,4352,25165952,0]
[32,0,0,0,0,0,0,8,1048576,0,0,0,0,128,0,0]-[0,0,128,128,1048580]
[0,0,0,0,0,0,0,0,0,0,33554432,268435456,0,0,0,0]-[2164261376,0,21504,8388640,0]
[0,0,67108864,0,0,0,0,0,1048576,0,33554432,0,1048576,0,0,0]-[0,0,8192,2097920,0]
[0,0,0,0,1024,0,0,0,1048576,0,0,0,0,128,0,0]-[33816577,0,0,536870912,0]
[0,0,0,0,0,0,8192,0,0,67108864,0,0,0,0,0,0]-[33554432,67108864,0,65792,8]
[0,0,0,0,0,0,0,16,0,4,0,0,0,0,0,0]-[16,67108868,11538432,16384,2113553]
[0,0,0,0,0,536870912,8192,0,0,0,0,0,1048576,0,0,0]-[0,1048578,0,0,2097154]
[0,0,0,0,0,0,16384,0,0,0,0,0,1048576,128,0,0]-[1207959552,144,0,69206016,33792]
[0,0,0,0,0,0,0,0,0,0,0,0,0,128,134217728,0]-[393297,1073742912,545292289,32,2170916]
[0,0,0,262144,0,0,0,0,0,0,0,0,0,67108864,16777216,0]-[16386,134217728,0,512,0]
[0,0,0,0,0,0,8192,8192,1048576,0,0,0,0,128,0,0]-[131072,0,262144,268435472,0]
[0,256,2147483648,0,0,0,0,0,0,0,0,0,0,0,0,0]-[0,8519680,0,0,4608]
[0,0,1073741824,0,0,0,8192,0,0,0,0,0,0,0,0,0]-[272629760,16384,0,0,528384]
[128,0,0,0,32,0,0,0,0,0,0,0,0,0,2147483648,0]-[0,0,8388608,131072,48]
[0,0,0,0,0,0,0,0,0,0,0,2147483648,262144,0,0,0]-[256,0,256,67109120,0]
[0,0,0,1,0,0,0,0,1048576,0,0,0,0,0,0,0]-[1090650248,2148532736,1074003972,1647313936,139268]
[0,0,0,0,0,0,0,0,1048576,0,0,0,262144,0,8192,0]-[2113536,0,16777216,1024,0]
[0,2097152,0,0,0,0,64,0,0,0,0,0,0,0,0,0]-[65536,4096,2,4096,0]
[0,0,0,0,0,16512,134217728,0,0,0,0,0,0,0,0,0]-[16416,2,16777216,0,0]
[0,0,0,0,0,64,0,0,0,0,0,0,0,0,32768,0]-[32768,256,8388608,0,2]
[0,0,0,0,0,32,64,0,0,0,0,0,0,128,0,0]-[6,0,2,65536,8192]
[8388608,0,65536,0,0,0,0,0,0,0,0,0,0,512,0,0]-[0,0,8192,133120,65536]
[0,0,0,0,0,8192,0,0,1048576,0,0,0,1048576,128,0,0]-[33554432,1073741824,545259552,2050,4]
[0,0,0,0,0,0,0,64,0,0,0,0,0,128,0,0]-[301990018,1342177536,2687401984,67436688,8192]
[0,0,0,0,0,0,8192,0,0,16777216,0,0,0,0,0,0]-[0,128,16777216,0,1049088]
[2,0,0,0,0,0,0,0,1048576,0,0,0,1048576,0,0,0]-[268435456,3,4096,0,0]
[0,0,0,0,0,256,0,0,0,8192,0,0,0,128,0,0]-[0,1048832,131076,0,0]
[0,0,67108864,0,0,0,0,0,0,0,4096,0,0,0,4096,0]-[10485760,256,0,512,0]
[0,0,0,0,0,0,0,0,0,0,4096,0,1048576,128,536870912,0]-[1048576,0,262144,2097168,0]
[0,0,0,0,0,0,0,8,134217728,0,0,0,0,128,0,0]-[268435456,1048640,0,16,524288]
[0,0,524288,0,0,0,0,8,0,1,0,0,0,0,0,0]-[4096,150994944,524288,0,0]
[0,0,0,0,0,0,64,0,16777216,0,0,0,1048576,0,0,0]-[545259520,268435456,4194304,0,0]
[0,0,0,0,0,0,0,0,0,0,0,0,0,536870912,0,2]-[32800,0,33554432,0,512]
[0,0,0,0,0,0,0,0,1048576,0,0,0,0,0,2097152,0]-[2147811460,1048580,1082130464,1280,0]
[0,0,67108864,0,0,0,0,0,0,0,0,40,0,0,0,0]-[0,50331648,0,2098176,0]
[0,0,0,0,32,8192,0,0,0,0,0,0,1048576,0,0,0]-[2281963520,16896,64,8388608,65536]
[0,0,67108928,0,0,0,0,0,0,0,0,0,0,128,0,0]-[33554432,131136,2148007968,516,65728]
[0,0,67108864,0,0,0,0,0,0,0,4096,0,0,33554432,0,0]-[1,262144,16384,66568,0]
[128,0,67108864,0,0,0,0,0,0,0,0,0,536870912,0,0,0]-[67108864,0,0,4194352,0]
[0,0,67108864,0,0,0,2048,0,0,0,0,0,0,0,33554432,0]-[0,0,512,32768,2097216]
[0,0,67108864,0,0,0,0,0,1048576,0,0,0,4194304,0,0,0]-[2048,32,0,35651584,0]
[0,0,0,0,0,0,2147483648,0,0,0,0,0,0,67108864,0,0]-[262144,16777216,0,1073750016,0]
[0,0,0,128,0,256,0,16,0,0,0,0,0,0,0,0]-[16,512,4160,0,0]
[128,0,512,0,0,0,0,0,0,0,0,0,0,0,0,0]-[0,262144,0,4202496,32]
[0,0,67108864,0,0,0,0,131072,1048576,0,0,0,0,0,134217728,0]-[0,16,524288,2147483650,0]
[0,32,67108864,0,0,0,0,0,0,0,4096,32,1048584,0,0,0]-[1,33554432,0,0,2097280]
[1073742848,0,0,0,0,0,0,0,0,0,0,0,0,0,0,0]-[262144,266400,0,65536,266240]
[0,0,0,268435456,0,64,0,0,0,0,0,0,0,0,0,0]-[1073742080,4224,1048576,1024,34]
[0,0,0,0,0,32,0,0,0,0,4096,0,1048576,0,0,0]-[262144,0,1,0,4224]
[0,0,536870912,0,0,64,0,0,1048576,0,0,0,0,0,0,0]-[0,0,8398848,0,1024]
[0,0,83886080,0,0,0,0,0,0,0,4096,0,0,0,0,0]-[77660160,33816577,268435472,66592,35842]
[0,0,0,0,0,0,64,0,0,0,0,0,262144,16512,0,0]-[2097152,131072,128,2097152,0]
[0,0,0,0,0,0,0,0,0,8388608,0,16777216,0,128,0,0]-[2048,0,2097280,1073741824,0]
[0,0,67108864,0,0,0,0,0,1048576,2097152,0,0,1048576,0,0,0]-[1,0,0,37748752,0]
[0,0,0,16,0,0,0,0,0,0,4096,0,0,0,0,0]-[8409344,134488064,528513,8460032,2686976]
[0,0,0,0,0,0,0,0,0,0,0,0,8,4096,0,0]-[262144,8,1073741824,0,16]
[0,0,0,0,0,0,0,0,256,0,4,0,0,0,0,0]-[0,2097152,33558528,131072,0]
[0,0,33554432,0,0,0,0,0,1048576,0,0,0,0,0,0,0]-[0,1107296256,545259712,64,64]
[0,0,0,0,0,0,0,64,0,536870912,0,0,0,0,0,0]-[4,268435456,0,16392,0]
[0,131072,0,0,0,0,0,0,0,512,0,0,0,0,0,0]-[536870912,0,32912,0,0]
[0,0,67108864,0,0,0,0,0,8,0,0,0,512,0,0,0]-[65536,0,0,0,2097217]
[128,8388608,0,0,67108864,0,0,0,0,0,0,0,0,0,0,0]-[0,0,0,1107296288,32]
[0,0,0,0,0,0,0,16,0,0,0,0,0,2048,0,0]-[1074790401,0,1073741824,0,0]
[0,0,0,0,0,8388864,8192,0,0,0,0,0,0,0,0,0]-[2148540416,0,0,0,1]
[0,0,0,0,0,320,0,0,1048576,0,0,0,0,128,0,0]-[262144,0,1,134219776,139264]
[0,0,67108992,0,0,0,0,0,1048576,0,0,0,1048576,0,0,0]-[16777216,4,0,2151677952,0]
[1024,0,0,0,0,0,0,0,134217728,0,0,0,0,0,0,0]-[1327104,536879120,0,0,1289]
[0,0,67108864,0,0,0,0,524288,0,0,0,0,0,0,0,0]-[403177730,3489826824,273154052,285279490,589830]
[0,0,67108864,0,0,0,0,0,32768,268435456,0,0,0,0,0,0]-[67108864,512,0,32770,0]
[0,0,0,0,0,8192,33554432,0,0,0,0,0,1048576,0,0,0]-[0,1048578,8192,16384,0]
[0,0,0,0,0,0,0,0,0,0,65536,0,0,128,0,0]-[6,0,262144,268435456,0]
[0,0,67108864,0,1048576,0,0,0,0,0,4096,0,1048576,0,0,0]-[0,2147622912,1073741824,128,0]
[128,0,0,0,0,0,0,0,0,1,0,8192,0,0,0,0]-[0,0,131072,139266,0]
[0,0,0,0,0,0,0,0,0,0,0,8192,0,132,0,0]-[16384,131072,0,1073741952,0]
[0,524288,0,0,0,0,8192,0,0,0,0,0,0,0,0,0]-[4194304,134217792,0,4194304,0]
[0,0,0,256,0,0,0,0,1048576,0,0,0,16777216,0,0,0]-[131072,0,0,528384,4]
[0,0,67108864,0,0,0,0,16,0,1,0,0,0,0,0,0]-[4096,262148,524320,0,1050752]
[0,0,0,0,0,0,0,16,134217728,0,8392704,0,1048576,0,0,0]-[17039360,0,0,4325376,0]
[0,0,0,0,0,0,0,0,0,0,4096,0,8388608,0,0,0]-[268713985,263168,8458240,0,16384]
[0,0,0,0,0,64,0,2048,0,0,0,0,0,0,0,0]-[0,2147483664,524288,8388608,0]
[0,0,0,128,0,0,0,0,0,0,256,0,0,0,0,4096]-[32,0,4,2048,262144]
[0,0,0,0,0,0,0,0,0,134217728,4096,0,1048576,0,0,0]-[86528,72,512,4341760,128]
[0,0,0,0,262144,0,0,0,0,0,0,0,0,0,67108864,0]-[1073741824,0,65536,16777216,4]
[0,0,67108864,0,2048,0,64,0,0,0,0,0,0,0,0,0]-[2147485696,0,67108880,0,0]
[0,0,0,0,0,0,0,0,16,1,4096,0,1048576,0,0,0]-[0,0,65536,100679680,0]
[0,1,67108864,0,0,0,0,0,0,0,0,0,1048576,0,0,0]-[65536,8256,1140867076,128,0]
[0,0,0,0,0,0,0,8,1048576,0,0,0,1048576,0,8,0]-[0,1064960,0,2147483664,0]
[0,268435456,0,0,0,0,0,0,16777216,0,0,0,0,0,33554432,0]-[0,0,262656,36864,0]
[0,0,0,0,0,0,0,256,1048576,0,4096,0,0,128,0,0]-[0,0,129,268435968,0]
[0,0,0,0,0,134217984,0,16,0,0,0,0,0,0,0,0]-[1048576,8192,4,0,131072]
[0,0,83886080,0,0,0,64,16,0,0,4096,0,0,0,0,0]-[65536,262145,0,1024,0]
[0,0,0,0,0,0,0,0,0,0,0,0,0,524320,0,0]-[0,524800,1,67108864,2048]
[0,0,0,0,67108864,256,0,0,0,0,0,0,0,0,0,0]-[3424019200,3498081040,2477077221,2221158789,537477]
[0,0,67108864,0,67108864,0,0,0,0,0,0,0,0,128,0,0]-[2355103821,3037165917,3560039972,2150896380,3670404]
[0,0,0,0,262144,268435456,0,16,0,0,0,0,0,0,0,0]-[0,0,2147483648,67108928,4096]
[0,0,0,0,0,0,0,1073741824,0,0,0,0,1048576,128,0,0]-[4194304,8336,0,0,0]
[0,0,0,0,0,0,0,16777216,0,0,4096,0,0,128,0,0]-[262144,537002240,0,268435456,2097152]
[0,0,0,0,0,0,0,0,256,0,0,0,0,128,0,0]-[269795332,32,1974402,1350828680,786436]
[0,0,0,32768,0,1,0,0,0,0,0,0,0,0,0,0]-[0,16777344,0,268435456,131072]
[0,0,0,8388608,67108864,0,8192,0,1048576,0,0,32,0,0,0,0]-[131073,0,64,33554432,0]
[0,0,0,0,2,0,0,0,0,0,0,1024,0,0,0,0]-[537657344,0,0,16,0]
[128,0,67108864,0,0,0,64,0,134217728,0,0,0,0,0,0,0]-[0,262400,0,16777216,256]
[0,0,0,0,0,0,0,0,0,0,1073741824,0,65536,0,0,0]-[0,1024,128,1310720,0]
[128,0,0,0,0,0,0,0,1048576,0,0,0,0,4,0,0]-[262144,0,536870912,33554432,524288]
[0,0,0,0,0,0,0,0,0,0,0,0,0,128,16,0]-[263184,68157440,32772,277252736,2130512]
[0,0,0,0,32,320,0,0,0,0,0,0,0,0,0,0]-[0,33562624,0,4096,8192]
[16,0,67108864,0,0,0,0,0,16777216,0,0,0,0,0,0,0]-[0,2147483648,32,4097,0]
[0,0,0,0,0,0,16785408,0,0,0,0,0,0,0,0,0]-[1048576,8193,0,0,512]
[0,0,0,0,67108864,0,0,268435456,0,0,266240,0,0,0,0,0]-[0,32768,8458240,0,0]
[128,0,0,0,0,0,8192,16,0,0,0,0,0,0,0,0]-[537985025,536879105,0,0,8]
[0,0,67108864,0,67108864,2097152,0,0,0,0,0,0,0,0,0,0]-[0,2432827392,0,0,0]
[0,0,67108864,0,0,0,0,0,2097152,0,4096,0,0,0,0,0]-[8454148,16,65556,589840,0]
[0,0,67108864,0,0,0,0,0,0,0,0,0,262144,0,0,0]-[2682902911,3882352479,3547987230,2406852591,1813894]
[0,0,67108864,0,0,0,0,0,0,0,0,524288,0,128,0,0]-[33554434,285671488,1073750016,262192,590976]
[2048,0,0,0,0,4,0,0,0,0,0,1,0,128,0,0]-[2097152,0,536870912,67108864,32768]
[0,0,0,0,0,0,0,0,0,0,0,0,1,65536,0,0]-[603979776,4096,0,1073741824,0]
[0,0,67108864,0,0,0,0,0,134234112,0,0,0,0,0,0,0]-[65536,0,2097152,32,1]
[0,0,0,0,0,0,0,0,0,0,0,0,64,128,0,0]-[656,1895827456,1076387843,547360804,1442848]
[0,0,0,0,0,256,0,0,0,0,0,524288,0,0,0,0]-[0,67108864,1610612736,16787466,4352]
[128,128,67108864,0,0,0,0,0,0,0,0,0,0,0,0,0]-[41943072,2170699889,100666384,2139136,131088]
[0,0,0,0,0,0,0,0,524288,512,0,0,0,0,0,0]-[128,134285312,0,0,0]
[0,0,0,0,0,4,0,0,0,0,0,0,1048576,128,0,0]-[1048576,16777216,0,4096,128]
[0,0,0,1048576,0,0,0,0,0,0,0,0,0,128,0,0]-[2097152,0,524288,276824064,0]
[0,1048576,0,0,0,0,0,0,0,0,0,0,0,2097152,0,0]-[32,32912,131072,0,0]
[0,0,0,0,0,0,0,0,134217728,0,0,32,0,0,0,0]-[213522,537657856,33718860,1179936,1149960]
[0,268435456,67108864,0,0,0,0,0,134217728,0,0,0,0,0,0,0]-[536870912,142606336,0,268435456,0]
[0,0,0,0,0,0,0,0,0,0,16,32,0,0,0,0]-[134250496,0,131072,8192,0]
[0,0,0,0,0,0,0,0,0,4,4194304,0,0,0,0,0]-[16,134221824,0,0,131072]
[0,0,0,0,0,256,0,0,0,0,4096,0,65536,0,0,0]-[0,1024,64,2052,0]
[1048576,0,0,0,0,0,64,0,0,0,0,0,0,128,0,0]-[0,0,8192,1073741824,65540]
[1048576,0,0,0,0,0,0,0,134217728,0,0,0,16777216,0,0,0]-[66048,0,0,16777216,128]
[0,0,0,512,0,0,0,16,0,0,0,0,1048576,0,0,0]-[32768,8,0,67109120,0]
[0,0,67108864,0,0,0,0,0,1048576,0,0,0,0,536870912,0,16]-[33554432,0,32768,36864,0]
[0,0,0,0,16777216,0,0,0,1048576,0,0,0,0,33554432,0,0]-[0,8388736,0,1056,0]
[0,0,0,0,0,0,0,16,0,0,0,0,0,128,524288,0]-[0,0,16781312,33570816,0]
[0,0,0,0,0,0,0,0,0,0,0,134217728,0,0,2097152,0]-[134217736,128,8,0,0]
[0,0,0,536870912,0,0,64,0,0,0,0,0,0,0,0,0]-[1048576,524288,1073741952,5242880,6144]
[0,0,67108864,0,2,0,0,16,16777216,0,0,0,0,2097152,0,0]-[0,32,512,134217728,128]
[0,0,0,0,0,256,0,0,134217728,0,0,0,1048576,128,0,0]-[64,1048576,2097152,0,64]
[0,0,0,0,0,0,0,1073741824,0,0,0,0,0,0,1048576,0]-[8200,8192,0,0,4]
[0,0,0,0,262144,0,0,0,0,0,0,0,1048576,0,0,0]-[3221488133,1140865104,553992200,286286082,3158016]
[0,0,0,0,0,0,0,0,0,0,0,0,128,4,0,0]-[33554440,0,0,0,16896]
[0,0,0,0,0,0,0,16777216,0,0,0,0,8388608,0,0,0]-[32,262144,8388608,0,32768]
[0,0,1074266112,0,0,0,0,0,134217728,0,0,0,0,0,0,0]-[0,65536,536870912,16777472,0]
[8388608,0,0,0,0,0,0,16,134217728,0,0,0,0,0,0,0]-[64,1048576,0,16384,1]
[131072,0,67108864,0,0,0,0,0,0,0,0,16384,0,0,0,0]-[0,0,268435456,16785472,0]
[0,0,67108864,0,0,0,0,0,0,0,8704,0,0,0,0,0]-[2097153,0,2048,65536,0]
[0,0,0,0,0,0,0,1048576,135266304,0,0,0,0,0,0,0]-[2048,0,8388608,256,1]
[0,0,0,0,0,0,0,0,1048576,0,0,0,0,0,0,16384]-[1091569808,196,13119489,72876033,524420]
[0,0,67108864,0,0,0,0,0,0,0,0,0,0,2097152,0,0]-[167837704,543439116,71860268,4526086,2752711]
[0,0,0,0,0,0,0,0,8192,0,0,0,1024,0,0,0]-[0,524288,0,33554436,524288]
[0,0,1073741824,0,0,0,0,0,0,0,1073741824,0,0,0,0,0]-[16,2147483712,268435460,8521728,65536]
[0,0,0,0,0,256,0,0,0,1024,0,0,0,0,0,0]-[0,16384,68157442,0,0]
[0,0,1140850688,0,0,256,0,16,0,0,0,0,0,0,0,0]-[524288,0,512,1,16384]
[0,0,0,0,0,0,0,0,1024,0,0,32,0,0,0,0]-[2147483648,512,0,0,32800]
[1048576,0,0,0,0,0,0,0,0,0,4096,0,1048576,0,0,0]-[16384,0,0,65536,130]
[0,1024,67108864,0,0,0,0,0,0,0,0,0,0,128,0,0]-[0,67108864,32,4100,0]
[0,0,8388608,0,0,64,0,16,0,0,0,0,0,0,0,0]-[0,512,2048,64,32]
[128,0,0,0,0,0,0,0,0,0,0,0,0,512,0,0]-[16384,256,0,1179648,0]
[0,0,0,0,0,0,0,8,1048576,0,536870912,0,0,0,0,0]-[262144,262144,0,134250496,0]
[0,0,4096,0,0,0,0,0,0,0,0,0,0,536870912,0,0]-[0,0,2147483680,3072,0]
[0,0,67108864,0,0,0,268435456,0,0,0,4096,0,0,128,0,0]-[2097152,256,0,4,128]
[0,0,67108864,0,0,4096,0,0,0,0,0,0,262144,0,0,0]-[0,20480,0,1024,1048576]
[0,0,0,0,0,0,0,24,0,0,4096,0,0,0,0,0]-[1090785792,21233664,1073741824,32776,8]
[128,0,0,0,0,0,8192,0,16777216,0,0,0,1048576,0,0,0]-[0,32770,0,0,262146]
[0,0,67108864,0,603979776,0,8192,0,0,0,0,0,0,0,0,0]-[2048,512,0,2359296,0]
[16,0,0,0,0,8192,8192,0,0,0,0,0,16777216,0,0,0]-[0,2,4194304,1024,262144]
[0,0,0,0,0,0,8192,0,0,0,4096,0,1048576,0,0,0]-[81920,83886113,4672,100866816,40]
[0,0,8,0,0,0,0,16,0,0,0,0,1048576,128,0,0]-[0,65536,0,67108864,262272]
[0,0,16,0,0,0,0,0,0,0,0,0,0,536870912,0,0]-[0,1024,0,8390656,8]
[0,0,0,0,0,256,0,0,0,67108864,4096,0,0,0,0,0]-[262144,0,134217728,2048,4096]
[0,0,0,0,32768,0,0,0,0,0,0,0,0,536870912,0,0]-[16,0,65536,1073741824,131072]
[0,0,0,0,0,0,0,0,0,0,0,32,0,0,33554432,128]-[4,524288,0,25165824,0]
[0,0,0,0,0,0,0,0,1048576,0,0,0,2147483648,0,0,0]-[2097152,268501504,16,606085121,256]
[33554432,0,67108864,0,0,0,0,0,1048576,0,0,0,0,0,0,0]-[0,33570816,0,640,0]
[0,0,0,0,0,1073741824,0,16,0,0,0,0,0,0,0,0]-[32784,0,4096,4096,0]
[0,0,0,0,0,0,0,1048592,1048576,0,0,0,0,0,0,0]-[0,0,8388608,33554752,1048577]
[0,0,0,16,0,134217728,0,0,0,0,0,0,1048576,0,0,0]-[1073741824,0,32,262144,512]
[0,0,0,0,1073741824,0,0,16,0,268435456,0,0,1048576,0,0,0]-[0,8388612,4096,2147483648,0]
[0,0,67108864,0,0,0,536870912,0,1048576,0,0,0,0,0,0,0]-[65536,262176,0,0,1024]
[0,0,0,0,0,0,0,0,0,0,4096,0,8,0,0,0]-[1418529281,662741045,3548447443,739233048,2643114]
[0,0,1073741824,0,0,256,0,0,0,0,4096,0,0,0,0,0]-[268697664,0,268435456,264448,4096]
[0,0,67108864,0,0,0,0,0,0,16777216,4096,0,0,128,0,0]-[4,0,2147483648,16,4]
[0,0,0,0,0,0,0,0,33554432,0,0,0,262144,131072,0,0]-[65568,134217792,0,0,0]
[0,0,0,536870912,0,0,0,0,1048576,0,0,0,256,0,0,0]-[0,1073742336,16,0,4]
[0,0,67108864,0,0,0,0,0,0,0,4096,8,0,128,0,0]-[2097152,536871168,0,262144,0]
[0,0,0,0,0,256,0,0,0,16777216,4096,0,0,0,0,0]-[0,32,512,131072,16384]
[0,0,0,0,0,0,8192,67108864,134217728,0,0,0,0,0,0,0]-[0,524288,0,134217732,4096]
[0,0,0,1073741824,0,0,0,0,0,0,0,0,0,128,0,0]-[1179668,0,2883584,6,164]
[0,0,0,65536,0,0,0,0,0,0,0,0,0,536871040,0,0]-[1048576,2048,131072,0,2097152]
[0,0,0,0,0,0,0,0,0,0,16777216,0,0,128,0,0]-[268697607,1342177280,434183,65568,2105440]
[0,0,0,0,262144,0,0,0,0,0,0,16777216,0,0,0,0]-[603979776,0,1572864,0,0]
[16777216,0,67108864,0,0,0,0,0,0,0,4096,0,0,0,0,0]-[16842752,1,33554432,0,0]
[0,0,67108864,0,0,0,0,2048,1024,0,0,0,0,0,0,0]-[0,0,2101248,4194432,0]
[0,0,1024,536870912,0,0,0,0,0,0,0,0,0,0,0,0]-[0,0,603979776,16777216,262144]
[0,0,0,0,0,0,0,0,0,16384,4096,0,1048576,0,0,0]-[268435456,0,0,100663296,32]
[0,0,0,0,65536,0,0,0,0,65536,0,0,0,0,0,0]-[33024,0,0,4096,2097152]
[0,0,0,0,1073741824,0,0,0,0,0,4096,0,0,128,0,0]-[0,67108864,8388608,4,32768]
[0,16777216,0,0,32,0,0,0,0,0,0,0,0,0,0,0]-[134217728,0,0,8389120,512]
[0,0,0,0,0,8192,0,0,0,0,0,4,0,0,0,0]-[2147483648,40960,262144,0,0]
[0,0,0,262144,0,0,0,512,1048576,0,0,0,0,128,0,0]-[0,0,33,2048,4]
[4096,0,67108864,0,0,0,0,0,0,0,0,0,0,0,0,0]-[71303170,2684365840,33554736,134284336,2230275]
[0,0,67108864,0,0,0,64,0,0,0,0,0,0,536870912,0,0]-[6,4372,67110400,64,2113540]
[0,268435456,0,0,67108864,0,0,0,0,0,0,0,1048576,0,0,0]-[131072,8,0,33554432,8192]
[0,0,67108864,0,0,0,1048576,0,0,0,0,0,0,0,0,0]-[105447438,2418085908,1073775668,34902080,2098454]
[0,0,0,0,536870912,0,0,0,0,0,0,0,1310720,0,0,0]-[4194304,128,0,0,2052]
[0,0,0,0,0,0,0,33554432,1048576,0,0,0,1048576,0,0,0]-[0,4,262144,84017152,21504]
[1048704,0,0,0,0,0,0,0,1048576,0,0,0,0,128,0,0]-[393216,0,8192,1073741888,4]
[0,0,0,0,0,0,0,0,0,0,67112960,0,0,0,0,0]-[471089152,1073750081,1355301009,2098184,164000]
[0,0,0,0,0,0,0,0,0,0,0,0,1114112,0,33554432,0]-[512,128,0,64,2048]
[0,128,67108864,0,0,0,0,0,134217728,0,0,0,0,536870912,0,0]-[4,0,66560,0,131072]
[0,0,67108864,0,0,0,8192,16,0,0,0,0,0,128,0,0]-[0,0,1576960,2097288,2230353]
[0,0,0,0,0,0,65536,0,0,0,33554432,0,0,0,0,0]-[16777216,1024,1024,0,262144]
[0,0,0,0,0,0,0,0,1048576,0,0,0,0,536870912,67108864,0]-[4,1073741828,0,0,4]
[16777216,0,0,0,0,0,0,0,1048576,0,0,0,0,128,0,0]-[262288,0,32768,0,192]
[536870912,0,0,0,0,0,0,0,0,0,4096,1073741824,0,0,0,0]-[0,16,512,67108864,65536]
[0,0,67108864,0,0,64,0,0,0,0,0,0,0,0,0,2048]-[33,131072,0,16777216,0]
[0,0,67108864,0,0,0,0,0,1048576,0,0,0,0,128,536870912,0]-[0,268435712,0,48,1028]
[0,0,0,0,0,2,0,0,2,0,0,0,0,0,0,0]-[64,2,0,2148007936,0]
[0,0,0,0,8388608,0,0,0,0,0,4096,0,0,0,4,0]-[0,16,268439552,16384,0]
[0,0,0,0,0,0,0,0,16777216,0,0,0,0,268435456,0,0]-[134217728,512,536870912,134217792,8]
[0,0,0,0,0,8192,0,0,0,0,256,0,0,0,0,0]-[16843008,1073741824,32832,16777216,4096]
[0,33554432,67108864,0,0,0,0,4096,0,0,0,0,0,0,0,0]-[40,0,1073741824,0,128]
[256,0,0,0,0,4,0,0,0,0,0,0,0,0,0,0]-[2550136832,1048576,0,0,0]
[0,0,67108864,0,0,0,0,0,0,32768,0,0,0,0,0,0]-[25268232,2705461504,1342190600,2167968064,1703940]
[0,0,0,0,0,0,0,0,0,0,0,0,0,1073741952,0,0]-[1,1376288,1048576,75829312,0]
[0,16,67108864,0,0,0,0,268435456,0,0,0,0,0,0,0,0]-[2147483648,0,2415919104,0,2]
[0,0,128,0,0,0,0,0,0,0,0,16384,0,0,0,0]-[67633312,138412036,262144,0,0]
[0,0,67108864,0,0,0,64,0,0,0,0,0,0,0,0,64]-[0,2048,2147485696,262144,0]
[0,0,0,0,0,0,64,0,0,0,0,0,0,536871040,128,0]-[262144,131072,0,64,128]
[0,0,0,0,67108864,0,0,0,0,0,0,2048,0,0,0,0]-[0,2147483648,285216768,0,0]
[0,0,67108872,0,0,24576,0,0,25165824,0,0,0,0,0,0,0]-[4194304,2147483648,0,1,128]
[0,0,67108864,0,0,1073741824,0,0,134217728,0,4096,0,0,0,0,0]-[0,4,512,262144,32768]
[0,0,0,0,0,0,0,16777232,1048576,0,0,0,0,0,0,0]-[16,8389168,536903744,2449473664,0]
[0,0,67108864,0,0,0,0,0,0,4096,4096,0,0,0,0,0]-[2625536,8,0,1536,0]
[0,0,0,0,0,64,0,0,0,0,0,0,0,128,0,256]-[16384,2048,32,0,4]
[0,0,0,0,0,0,0,256,0,0,0,256,1048576,0,0,0]-[131072,0,4096,147456,0]
[0,0,67108864,32768,0,0,0,0,4096,0,0,0,0,0,0,0]-[67108864,131072,0,327680,0]
[0,0,524288,0,0,0,0,0,17825792,0,0,0,1048576,0,0,0]-[256,1073741824,0,32,4]
[128,0,0,0,0,8192,64,0,0,0,0,0,0,0,0,0]-[33554432,0,1024,1090584576,288]
[0,0,0,0,0,0,0,16,0,524288,0,0,256,0,0,0]-[0,16384,262144,17301504,0]
[0,0,67108864,0,0,0,0,16,0,0,0,0,0,64,0,0]-[2097160,0,33554432,0,524288]
[0,0,0,0,0,0,0,262144,0,0,0,0,1048576,0,0,0]-[1207959556,0,1090519040,1610612736,0]
[0,0,67108864,256,0,0,8192,0,0,0,0,0,0,128,0,0]-[2097152,0,524288,0,32832]
[2048,0,0,0,0,0,0,0,2097152,0,0,0,0,0,0,0]-[0,262144,2,2155872256,0]
[0,0,0,0,0,0,0,16,0,0,4096,0,1310720,0,0,0]-[16384,67108864,0,100663296,0]
[0,0,0,0,2147483648,0,0,0,0,0,0,0,268435456,128,0,0]-[262144,32,2,0,1048576]
[0,8388608,0,0,0,0,0,0,16777216,0,0,0,0,0,0,0]-[73728,524288,66,1073745920,262144]
[0,0,67108864,0,0,0,0,24,0,0,0,0,65536,0,0,0]-[0,2048,32768,0,2099200]
[0,0,16384,0,0,0,0,0,16777216,0,0,0,0,0,0,0]-[0,128,0,67108864,2228224]
[0,0,67108864,0,0,256,0,0,16777216,0,0,0,0,0,33554432,0]-[0,268510208,0,0,0]
[0,0,67108864,0,0,32,0,0,1048576,0,0,0,0,0,0,0]-[16384,8388736,0,268435456,0]
[0,134217728,67108864,0,0,0,0,0,0,0,0,536870912,0,0,65536,0]-[67108896,8192,0,256,0]
[0,0,0,0,0,0,0,16,1048576,0,262144,0,0,128,0,0]-[0,0,32768,48,8192]
[0,0,0,0,0,0,0,0,0,0,536870912,1,0,0,0,0]-[0,196608,131088,1024,0]
[0,0,67108864,0,0,0,0,0,1048576,0,0,8192,0,0,0,0]-[2162688,268435472,557056,2101409,256]
[0,0,0,8,0,0,0,0,0,64,0,0,0,0,0,0]-[64,64,0,536871168,0]
[0,0,67108864,0,0,0,0,0,0,0,0,0,8,1048576,0,0]-[1,4,2162688,524289,2621440]
[128,0,67108864,0,0,0,0,0,0,0,0,0,0,0,33554432,0]-[134219808,2751478048,2147486720,21233760,2097154]
[128,0,0,0,0,0,0,0,1048576,0,0,0,8,0,524288,0]-[0,0,0,2416967682,0]
[0,0,0,0,8,0,0,0,0,0,0,0,0,0,33554432,0]-[1048608,524448,2147483648,2375680,526336]
[0,0,67108864,33554432,0,0,0,16,0,0,0,0,0,0,0,0]-[64,20,1048576,4224,2064]
[0,0,67108864,0,0,0,0,0,1048576,0,0,0,256,536870912,0,0]-[0,272,0,0,524416]
[0,0,0,0,8,8192,0,0,0,0,0,8388608,16777216,0,0,0]-[1048576,524288,0,528384,0]
[0,0,67108864,0,0,67108864,0,0,0,0,0,0,0,128,0,0]-[64,131104,0,66,0]
[0,0,0,0,0,0,0,0,135266304,0,0,32,0,128,0,0]-[16,1048576,0,16,64]
[0,0,0,0,0,0,0,0,0,0,4096,0,1073741824,0,0,0]-[256,1056,268435456,0,0]
[0,0,0,268435456,0,8192,0,0,0,0,0,0,0,0,0,0]-[2688548864,0,0,1073741824,0]
[0,0,0,512,1,0,0,0,0,0,4096,0,0,0,0,0]-[64,16785408,0,81920,0]
[0,0,268435456,1,0,0,0,0,0,0,0,0,1048576,0,0,0]-[8519680,16777216,0,0,8192]
[0,0,0,67108864,0,256,0,0,0,0,0,0,0,128,0,0]-[0,0,1048706,0,32]
[0,0,67108864,0,0,0,0,0,1048576,134217728,0,0,0,0,0,0]-[16842752,0,524288,134217728,0]
[8,0,0,0,0,0,0,0,0,524288,0,0,0,0,0,0]-[131072,536870912,100663296,0,0]
[0,8388608,67108864,0,0,0,0,0,0,0,0,0,1048576,0,0,0]-[0,285452313,2097152,13056,16406]
[524288,0,0,0,0,0,0,16,0,1,0,0,0,0,0,0]-[2048,2,0,139264,0]
[0,0,0,0,0,0,0,0,134217728,2147483648,0,0,0,128,0,0]-[16392,67108865,0,268435472,0]
[0,0,67108864,0,0,0,0,16,0,0,4096,0,0,2147483648,0,0]-[0,263232,0,4194304,0]
[0,0,67108864,0,0,64,512,0,0,0,0,0,0,0,0,0]-[0,2147483648,8192,2147483648,64]
[0,0,0,0,0,256,8192,0,262144,0,0,0,0,0,0,0]-[2147491840,0,0,4352,0]
[0,0,67108864,0,67108864,0,0,8,0,0,0,0,0,0,0,0]-[0,20480,1048576,128,2097156]
[128,0,0,0,0,0,0,0,16384,0,0,0,0,0,0,0]-[161,0,128,0,0]
[0,0,0,0,0,0,0,0,1048576,0,0,0,1048576,536870912,0,0]-[2181316608,4194836,50593800,3225419856,663556]
[0,0,67108864,0,0,0,0,0,0,0,69632,0,0,0,0,0]-[0,1089,33554432,0,0]
[0,0,0,0,0,0,64,0,0,0,0,0,0,0,65536,0]-[0,65538,128,256,0]
[536870912,0,67108864,0,0,0,8192,0,0,0,0,0,0,0,0,0]-[2147483648,16785409,0,65536,0]
[128,0,0,0,0,0,0,268435456,0,0,0,0,0,0,0,0]-[8388736,65536,2181038080,1073807360,2]
[0,0,0,0,0,0,0,512,0,0,1024,0,0,0,0,0]-[0,8,1179648,536870912,0]
[0,0,67108864,0,0,0,0,0,0,0,4096,0,0,128,0,32]-[0,17039360,16384,4096,0]
[0,0,0,0,0,0,0,8,0,0,0,0,0,0,16,0]-[4096,168034304,134742016,134479876,8]
[0,0,68157440,0,0,0,8192,0,0,0,0,0,0,128,0,0]-[0,256,0,69696,0]
[0,0,0,0,0,8192,0,2048,0,0,0,0,0,0,0,0]-[4194304,8397058,11370496,25165824,0]
[0,0,0,131072,0,0,0,0,0,0,0,0,16777216,0,0,0]-[1048576,134742016,0,524288,0]
[0,131072,67109888,0,0,0,0,0,0,0,0,0,1048576,128,0,0]-[2097152,268435488,0,8,0]
[0,0,67108864,0,0,0,0,0,0,0,0,0,64,536871040,0,0]-[64,0,1048576,16,64]
[0,0,67108864,0,0,0,0,0,1048576,0,1048576,0,1048576,0,0,0]-[2097152,32,0,1049344,0]
[0,0,0,0,0,256,64,0,0,0,4096,0,0,128,0,0]-[16384,67240000,0,0,0]
[0,0,0,0,0,0,0,0,1048576,0,0,0,0,0,128,0]-[16810384,288,33562672,671089680,1024]
[0,0,0,0,0,0,0,0,1048576,0,2097152,0,4096,128,0,0]-[0,9699328,0,128,0]
[0,0,0,0,0,0,0,0,0,0,0,0,0,128,0,262144]-[154,1083312160,1083719680,1149243908,360612]
[0,0,0,0,0,0,2097152,0,1048576,0,0,0,0,0,0,0]-[0,1073741824,0,2214592512,1]
[0,0,0,524288,0,0,0,0,0,0,4096,0,1048576,0,0,0]-[16777280,0,0,4194304,32]
[0,0,0,1073742336,1,0,0,0,0,0,0,0,0,0,0,0]-[16,0,4096,1073741824,65536]
[0,0,0,0,0,0,0,0,0,0,4096,0,1,0,0,0]-[1076363840,32836,1,268583684,36866]
[0,0,67108864,16777216,0,0,64,0,0,0,0,0,1024,0,0,0]-[2,512,268435456,1024,0]
[0,0,67108864,0,0,0,0,8,0,0,0,524288,0,0,0,0]-[16777216,0,1073742336,134217728,0]
[0,0,0,0,0,0,0,16,0,0,0,0,32768,0,0,0]-[12,1048576,536870912,0,11008]
[128,0,0,0,0,0,0,0,134217728,0,0,0,0,536871040,0,0]-[64,256,0,1073741824,524288]
[0,0,0,0,0,0,0,0,2147483648,0,0,0,0,536870912,0,0]-[0,2147500032,134217728,0,4096]
[0,0,0,1,0,0,8192,0,17825792,0,0,0,0,128,0,0]-[0,256,262144,268435520,0]
[0,4194432,67108864,0,0,0,0,0,0,0,0,0,0,0,0,0]-[2,512,8196,0,0]
[524288,0,0,0,0,0,0,0,0,0,0,0,262144,0,0,0]-[268452096,19456,0,0,256]
[0,0,0,0,0,0,0,0,536870912,0,4096,0,0,0,0,0]-[3222274306,5,262144,32,131072]
[0,0,67108864,0,0,0,0,0,0,2147483648,0,0,1048584,0,0,0]-[0,0,0,16847104,0]
[0,0,0,0,0,0,0,0,0,0,33554432,0,0,128,0,0]-[0,1073872896,8650756,132,128]
[0,0,67108868,0,0,0,0,0,1048576,0,0,0,0,0,0,0]-[2147483648,306200576,0,2148012034,129]
[0,0,0,0,0,0,0,0,0,0,0,16384,1048576,0,0,0]-[146800896,1140981908,606356227,262144,147488]
[0,0,0,0,0,0,0,0,0,0,4096,0,4096,128,0,0]-[64,0,1,132,0]
[0,0,0,65536,0,0,0,0,0,0,0,0,1048576,128,0,0]-[192,0,0,16,8192]
[0,0,0,0,0,0,2,0,0,0,4096,0,0,0,0,0]-[1099431936,536879168,142692416,512,16384]
[0,0,67633152,0,0,0,0,0,0,0,0,0,4194304,0,0,0]-[70,0,2048,0,0]
[0,0,67108864,0,67108864,0,0,0,135266304,0,0,0,0,0,0,0]-[67584,327680,0,2097152,128]
[0,0,67108864,1,0,0,0,0,1048576,0,0,0,1048576,0,0,0]-[0,0,2048,32,131076]
[128,268435456,0,0,0,0,0,0,0,0,0,0,0,128,0,0]-[512,65536,0,128,64]
[0,0,8388608,0,0,256,0,0,1048576,0,0,0,0,0,0,0]-[0,1048704,16777232,0,0]
[0,0,67108864,0,67108864,0,0,0,1048576,0,0,0,0,134217728,0,0]-[2048,512,33554432,0,128]
[0,0,16777216,0,0,0,0,0,0,0,528384,0,0,0,0,0]-[65792,262144,0,0,32768]
[2048,0,67108864,0,0,0,0,0,0,0,0,0,0,0,536870912,0]-[0,268435456,0,65536,144]
[0,0,524288,0,0,0,0,0,1048576,0,0,0,0,0,0,0]-[2164269441,687931666,4235457,3122139779,68]
[0,0,67108864,0,0,0,2048,0,16777216,0,0,0,0,0,33554432,0]-[0,0,512,4096,320]
[0,0,0,0,4096,0,0,16,0,0,0,0,0,0,0,0]-[2420113424,0,1082368,0,8256]
[0,0,0,0,0,0,64,16,0,0,4096,0,1,0,0,0]-[2048,64,0,163840,0]
[0,0,0,0,8192,0,0,0,0,0,0,0,0,262145,0,0]-[1082130432,0,0,0,257]
[0,0,67108864,0,0,0,1024,0,0,0,0,0,0,0,0,0]-[99123212,805711873,3288404992,138413088,524608]
[0,0,0,0,67108864,0,0,0,0,0,4096,1024,0,0,0,0]-[0,2164260864,4224,0,0]
[0,0,0,0,0,0,0,0,0,0,4096,0,32,0,0,0]-[4096,4,0,268435968,0]
[0,0,0,0,0,0,0,0,134217728,0,32,0,0,0,0,0]-[0,8388608,0,1090519040,524288]
[0,16,67108864,0,67108864,0,0,0,0,0,0,0,0,0,0,0]-[32,262144,0,262144,524288]
[0,0,0,0,0,8256,0,0,0,0,4096,0,0,0,0,0]-[8454144,4194304,4113,0,34]
[0,0,0,0,0,0,64,16,0,0,0,0,0,0,0,0]-[2782194695,739860062,4028242482,2053280081,2128040]
[0,0,67108864,0,0,0,0,0,0,0,0,8,8,0,0,0]-[0,16777728,2048,1024,0]
[0,0,67108864,0,0,0,0,134217728,0,0,0,524288,0,0,0,0]-[0,268566528,32768,2147483648,0]
[2048,0,67108864,0,0,0,16,0,0,0,0,0,0,0,0,0]-[32,262176,67108864,0,0]
[0,0,67239936,0,0,0,0,0,1048576,0,0,0,0,0,0,0]-[2147549184,809501184,34111488,2285929985,384]
[0,0,0,1048576,0,384,0,0,0,0,0,0,0,0,0,0]-[67108864,512,136314880,0,0]
[0,0,0,0,0,0,67108864,0,16777216,0,0,0,0,0,0,0]-[2,0,536870912,32770,0]
[0,128,67108864,0,524288,0,0,0,1048576,0,4096,0,0,0,0,0]-[65536,32,16,256,0]
[0,0,0,0,0,0,0,0,1048576,8192,4096,0,0,0,0,0]-[16844800,16,16,100665856,0]
[0,128,0,0,0,0,0,16,134217728,0,0,0,0,0,0,0]-[268500992,2,1073741840,16777216,0]
[0,0,67108864,0,0,256,0,0,0,0,0,2048,0,128,0,0]-[1,0,0,16,557056]
[0,0,0,268435456,1048576,0,0,0,0,0,0,0,0,0,0,0]-[1073742080,134217728,1048576,0,0]
[1048576,0,67108864,0,0,0,0,0,1048576,0,0,0,0,0,0,0]-[16842752,536936960,33554440,37757025,128]
[0,0,0,0,0,256,0,0,0,0,0,1048576,0,0,0,0]-[1310976,2048,4195328,537034816,131200]
[0,0,67108864,0,0,0,0,0,0,0,0,1048576,0,128,0,0]-[2097160,16640,4260864,0,128]
[262144,0,0,0,0,2147491840,0,0,1048576,0,0,0,0,0,0,0]-[0,8388608,0,1056,8192]
[0,0,0,0,0,131072,0,0,0,0,4096,0,0,0,0,0]-[256,67108864,16448,1024,2097152]
[0,0,0,0,0,0,0,0,0,0,4096,512,1048576,0,0,0]-[16384,0,0,147460,4096]
[0,0,67108864,0,0,128,0,0,0,0,4096,0,0,0,0,0]-[16842752,8201,0,256,0]
[0,0,0,0,0,64,0,0,0,0,0,1073741824,0,0,0,0]-[536887298,524304,0,536870912,68]
[0,0,0,0,0,0,0,33554432,4,0,0,0,0,0,0,0]-[4194304,256,1073872896,0,0]
[128,0,67108864,0,0,0,0,0,0,0,0,0,8,0,65536,0]-[67108864,0,0,32792,0]
[128,0,0,0,0,512,0,0,0,0,0,0,0,128,0,0]-[0,268435456,16384,1073741826,0]
[0,0,67108864,0,0,0,0,0,1048576,0,0,0,0,0,1,0]-[2097152,0,8,2150629440,524416]
[0,0,67108864,0,0,0,8192,0,1048576,0,0,0,0,0,0,0]-[2197915649,805307172,38316064,2154338288,1574225]
[0,0,0,0,0,0,0,16,4,0,0,0,262144,0,0,0]-[1048576,16384,0,4195328,0]
[0,0,67108864,0,0,64,0,0,0,0,0,0,0,131072,0,0]-[0,0,4128,8192,64]
[2,0,0,0,0,0,0,256,0,0,0,0,0,0,0,0]-[0,2097280,538968064,0,0]
[0,0,67108864,16,0,0,0,0,0,0,4096,0,1048576,0,0,0]-[8392704,4,4096,260,0]
[0,0,67108864,0,0,8192,0,0,0,0,0,0,4096,0,0,128]-[16777218,32768,0,1,0]
[1048576,0,0,0,0,0,0,0,1048576,0,0,0,1048576,536871040,0,0]-[0,1073741824,0,1073741888,4]
[0,0,67108864,0,0,256,0,0,0,64,0,0,0,0,0,0]-[8,2048,512,0,16384]
[0,0,0,65536,0,0,0,0,0,0,0,0,0,0,1048576,0]-[1024,2048,16778240,0,0]
[0,0,0,0,0,0,128,0,0,0,4096,0,0,0,0,0]-[262656,32832,0,0,0]
[0,0,0,0,0,0,0,0,0,0,0,0,1048576,0,0,32768]-[0,0,16,512,266240]
[0,0,83886080,2048,0,0,0,0,0,0,0,0,0,0,0,0]-[2097152,32768,1024,1024,0]
[0,0,0,0,0,2147483648,0,0,0,0,1048576,0,0,0,0,0]-[0,128,65536,0,8194]
[0,524288,0,0,0,0,0,16,0,2097152,0,0,0,0,0,0]-[0,4096,2097152,0,2080]
[0,0,1,0,0,0,0,0,1048576,0,65536,0,1048576,128,0,0]-[0,1073741824,536870912,536872960,0]
[0,0,64,0,0,0,0,16,0,0,0,32,0,0,0,0]-[0,0,134223872,268435456,0]
[0,0,0,0,0,0,64,32,0,0,0,0,1048576,0,0,0]-[1048576,67108868,0,0,4096]
[0,0,0,0,0,0,0,0,1048576,0,0,0,0,128,131072,4]-[32784,0,0,1073741952,0]
[4,0,0,0,0,0,0,0,0,524288,0,0,0,0,0,0]-[0,2064,0,524288,4096]
[0,0,0,67108864,0,16384,0,0,1048576,0,0,0,0,0,0,0]-[0,1048576,17309696,0,0]
[0,0,16777216,0,0,0,0,0,0,0,4096,0,262144,0,0,0]-[270532608,0,33554560,66816,2]
[0,0,0,0,64,0,0,0,4096,0,0,0,0,0,0,0]-[256,0,1073741824,0,786432]
[0,0,67108864,0,0,0,0,0,0,0,0,4096,0,0,0,0]-[2168461312,2428928,35665920,151295179,148]
[0,0,0,0,0,0,0,0,0,2097152,0,0,0,128,0,0]-[1179845,277872640,1082130470,1082130468,3211428]
[0,0,0,0,0,256,0,0,0,0,0,0,0,16384,0,0]-[262912,0,0,0,1024]
[0,0,0,0,0,0,0,0,16,2147483648,0,0,0,0,0,0]-[67108992,0,1048576,0,64]
[0,0,0,0,0,128,0,0,1048576,0,0,0,0,128,0,0]-[16384,65536,536903809,67108928,0]
[0,2147483648,0,262144,0,0,0,0,0,0,0,0,0,0,0,0]-[0,151003136,0,256,0]
[0,0,67108864,0,0,0,0,0,0,0,0,0,1048576,0,256,0]-[2,33554468,0,4096,1048576]
[0,0,0,1073741824,0,0,0,8,0,0,0,0,0,0,0,0]-[132,8224,134742016,33554692,128]
[0,0,67109120,0,0,0,0,0,0,0,4096,0,1048576,0,0,0]-[16777216,45,0,256,65536]
[0,131072,67108864,0,0,0,0,0,0,0,4096,0,0,0,0,0]-[0,8,1073741824,12,0]
[0,0,0,2147483648,0,0,0,16,0,0,0,0,1048576,0,0,0]-[0,0,2304,2048,2048]
[0,0,0,0,0,0,66,0,0,0,0,262144,0,0,0,4]-[0,0,268435456,1090519040,2097152]
[128,0,0,0,67108864,0,0,0,0,0,0,0,0,0,0,0]-[1750549409,1107773795,2785031842,3272868409,3674165]
[67108864,0,0,0,0,0,0,0,134217728,0,0,0,0,0,0,0]-[0,0,10485768,0,16384]
[0,0,0,0,0,256,0,0,0,0,128,0,0,0,0,0]-[3145728,4096,1074266113,2097152,264192]
[0,262144,0,0,0,0,0,0,0,0,4096,0,0,0,0,0]-[0,16908288,0,2048,2]
[4194304,0,0,8,0,0,0,0,0,0,0,0,0,0,0,0]-[33570816,32,0,0,2]
[0,0,67108864,0,0,0,64,0,134217728,0,4096,0,0,0,0,0]-[67584,262153,16,4352,0]
[0,0,0,0,0,64,0,16,1048576,0,0,0,0,128,0,0]-[32784,0,8396928,536870976,64]
[0,0,0,0,0,0,0,16,0,0,0,0,16384,128,0,0]-[0,0,2685403136,2097152,0]
[0,0,67108864,0,67108864,256,0,0,0,0,0,0,1048576,0,0,0]-[134217728,33555008,3164160,2105345,4]
[128,0,0,0,0,0,8,0,0,1048576,0,0,0,0,0,0]-[1073741824,0,163840,16384,0]
[0,0,1024,0,0,0,0,16,0,0,0,0,0,0,0,0]-[1073778752,209738240,1710432,220346416,2107441]
[0,0,0,0,0,256,0,0,256,0,0,0,1048576,0,0,0]-[64,8388608,4096,4,0]
[0,0,0,0,0,0,64,0,0,1,0,0,0,0,0,0]-[264192,131072,512,2228224,2176]
[0,4096,0,0,0,0,0,0,0,4096,0,0,0,128,0,0]-[1048576,0,536870916,536870912,0]
[0,0,0,0,0,2097152,0,0,0,2097152,0,0,0,0,0,0]-[4194304,524288,134742016,0,0]
[0,0,67108864,0,0,0,0,2064,0,0,0,0,0,0,0,0]-[32768,65536,2110992,136,0]
[0,0,67108864,0,0,0,0,16,131072,0,0,0,0,0,0,0]-[64,268435456,2149582848,2181038144,0]
[0,128,0,0,0,0,0,0,0,33554432,0,0,0,0,0,0]-[9437216,131072,8388608,1048576,262272]
[0,0,0,0,32768,0,0,0,0,0,0,0,0,0,8192,0]-[0,524288,4194304,8192,128]
[0,0,0,0,2,0,0,16,0,0,0,0,0,0,0,0]-[0,268435968,2147485760,1,4096]
[0,0,0,0,0,0,0,16,0,0,0,0,0,0,16384,0]-[524288,1048576,0,16,8192]
[0,0,67108864,0,0,0,0,0,0,0,0,256,0,0,0,0]-[17334307,85983296,4739084,50364577,132417]
[0,0,0,0,67108864,0,0,0,0,0,0,0,1048576,0,262144,0]-[536870913,32,262144,0,0]
[0,0,67108864,0,0,0,0,0,0,0,0,0,0,0,0,131072]-[2147483652,603988308,34086912,4194312,655378]
[0,0,67108864,0,0,0,0,0,16777216,0,0,0,262144,0,0,0]-[0,2147491841,1024,2097416,128]
[0,0,67108864,0,0,0,0,0,2048,0,0,0,0,0,0,0]-[2370308165,859840577,69830420,2149057318,2114960]
[0,0,0,0,0,256,0,0,0,0,0,0,1048576,0,16,0]-[0,1152,16777216,0,1]
[0,0,67108864,0,0,0,0,0,1048576,16384,0,0,0,0,0,0]-[0,4194560,524288,16,0]
[0,0,67108864,33554432,0,0,0,128,0,0,0,0,0,0,0,0]-[134221824,0,0,4,64]
[64,0,69206016,0,0,0,0,0,0,0,0,0,0,0,0,0]-[0,536872960,4194304,262144,0]
[0,0,0,0,0,0,0,0,0,0,0,0,1048576,8388736,0,0]-[33554948,0,0,268435456,0]
[0,131072,0,0,0,0,0,0,1048576,0,0,0,0,128,0,0]-[131072,0,1073741824,32,128]
[0,0,0,0,67174400,0,0,0,0,0,4096,0,0,0,0,0]-[256,67108880,128,512,2097152]
[0,0,0,131072,0,262144,0,0,0,0,0,0,0,0,0,0]-[0,0,2115584,268468224,0]
[0,0,65536,0,0,0,0,0,1048576,0,0,0,0,0,0,0]-[18874496,4194304,33554528,67121296,1056768]
[0,0,0,0,0,64,0,0,0,8192,0,0,0,0,0,0]-[0,16,524288,8388609,0]
[0,268439552,0,0,0,0,0,0,0,0,0,0,0,0,0,0]-[0,0,131072,32769,16384]
[0,0,0,0,0,0,0,0,0,0,4096,0,0,32896,0,0]-[0,268437504,0,8388608,262144]
[128,0,0,0,0,0,0,0,0,0,0,524288,0,0,0,0]-[134217792,0,8519680,22093858,0]
[0,268435456,0,0,0,64,0,0,0,0,0,0,0,0,0,0]-[128,528400,8388648,0,128]
[32,0,0,1048576,0,0,0,0,0,0,0,0,0,0,0,0]-[128,0,0,1048576,16385]
[0,0,67108864,0,0,524544,0,0,0,0,0,0,0,0,0,0]-[524353,8704,264,2147483648,0]
[128,0,0,0,0,0,0,0,0,0,4096,0,65536,0,0,0]-[65536,2147483680,128,0,0]
[0,0,0,0,0,0,0,134217728,0,0,16777216,0,0,0,0,0]-[134217728,268435456,262144,0,65536]
[0,0,67108864,0,0,0,0,0,1048576,32768,0,1073741824,134217728,128,0,0]-[0,0,1073741824,2097216,1048576]
[0,8192,0,0,0,0,0,0,0,0,0,32,0,0,0,0]-[16384,2164260864,17989632,0,8]
[8,0,0,0,0,0,0,0,1048576,0,0,0,0,0,0,0]-[16877968,268518164,16785497,1342177810,132096]
[0,16384,0,0,0,0,0,0,1048576,0,0,0,0,128,0,0]-[2359296,8388608,524288,0,0]
[0,0,0,0,0,0,0,0,1048576,1073741824,0,0,0,0,0,0]-[128,536871040,16777216,0,0]
[0,0,67108864,0,0,0,0,0,0,0,0,0,1310720,0,4,16384]-[0,16793600,2097152,0,1024]
[0,0,0,1048576,0,256,0,0,0,0,0,0,1048576,0,0,0]-[262144,268435968,136314880,67108864,0]
[0,0,67108864,0,0,0,0,0,0,16777216,0,0,1073741824,0,0,0]-[0,2048,512,4104,0]
[0,256,0,16384,0,0,0,0,0,0,0,0,0,0,0,0]-[256,0,1179648,0,262144]
[0,0,67108864,0,16,0,0,0,134217728,0,0,0,0,128,0,0]-[2112,0,2097152,4096,0]
[0,0,0,0,0,0,0,16,0,0,0,0,262144,4194304,0,0]-[0,4,256,67108896,0]
[0,0,64,0,0,320,0,0,0,0,0,0,1048576,0,0,0]-[2147549696,128,0,0,0]
[0,0,67108864,0,0,16384,0,0,0,0,4096,0,0,0,0,512]-[0,2181038080,0,263168,0]
[0,0,0,0,0,0,0,0,0,2097152,0,0,0,1048704,0,0]-[131072,268435456,4,8388608,0]
[0,0,0,0,0,1048576,0,0,0,0,0,0,0,536870912,0,0]-[4,0,67239936,64,0]
[128,0,0,0,0,0,0,0,134217728,0,0,0,1048576,128,0,0]-[2560,0,536870912,1342177280,0]
[0,0,0,0,0,0,0,0,0,0,4096,0,1048584,0,0,0]-[276840449,100696069,33624065,4325384,2097290]
[0,0,0,4608,0,256,8192,0,0,0,0,0,0,0,0,0]-[0,0,262148,67109120,0]
[0,0,0,0,0,0,8,0,0,0,0,4194304,0,0,0,0]-[0,268439584,0,8388608,0]
[0,0,0,0,0,0,64,0,0,0,0,1024,0,0,0,0]-[0,1056768,0,16777216,8192]
[128,0,0,0,0,0,0,0,0,1024,0,0,0,0,0,0]-[1174667264,268435456,16384,32768,32]
[1024,0,1073741824,0,0,0,0,0,1048576,0,0,0,0,0,0,0]-[16384,0,0,1024,257]
[256,0,0,65536,0,0,0,0,0,0,0,0,0,0,0,0]-[0,128,131072,1048576,32768]
[0,0,67108864,8388608,0,0,0,0,0,0,0,0,0,0,0,0]-[203423813,302065669,2147553552,2199396993,2164929]
[0,8388608,0,0,0,0,0,0,134217728,0,0,0,0,0,4096,0]-[0,1048578,0,1073741824,1024]
[0,0,0,0,32,0,64,0,134217728,0,0,0,0,0,0,0]-[65536,256,0,1090519040,0]
[0,0,0,256,0,0,0,0,0,4,0,0,0,0,0,0]-[513,0,2147484160,0,0]
[0,0,0,0,0,8448,0,0,0,134217728,0,0,0,0,0,0]-[65536,268439552,16777216,0,0]
[128,1024,0,0,0,0,0,0,0,0,0,0,0,0,0,0]-[33554432,0,0,1364336642,32]
[0,0,0,0,0,256,64,0,0,0,0,0,8,0,0,0]-[0,67108864,0,537001984,128]
[0,0,0,0,0,0,131072,0,0,0,0,0,0,536870912,0,0]-[32,8192,32,0,8]
[0,4194304,0,0,0,0,64,0,0,0,0,0,0,0,0,0]-[0,67108864,33554464,0,4096]
[0,0,0,0,0,0,0,0,0,0,262144,0,0,0,262144,0]-[1114112,4,32768,131072,8192]
[0,0,0,0,0,0,0,16,0,0,268435456,0,262144,0,0,0]-[524304,1048576,3145728,0,0]
[0,0,268435456,524288,0,0,0,0,0,0,0,0,0,0,0,0]-[65536,2281701376,32,64,0]
[0,128,0,0,0,0,0,0,0,512,0,0,0,0,0,0]-[131072,8,8192,0,131072]
[0,0,0,0,0,0,0,0,0,131072,0,0,1048576,128,0,0]-[33554948,0,536870912,0,0]
[0,0,0,0,0,0,0,16,64,0,0,0,0,0,0,0]-[0,65540,0,268435456,16384]
[0,0,0,0,4,0,4096,0,0,0,0,0,0,0,0,0]-[0,4194306,131072,256,0]
[0,0,0,0,0,8192,64,0,8388608,0,0,0,0,0,0,0]-[16777216,0,136347648,0,0]
[0,0,67108864,0,0,0,0,0,67108864,0,0,0,1048576,0,0,0]-[64,67108864,0,2148532224,0]
[64,0,0,0,0,0,0,0,0,0,16,0,0,0,0,0]-[4198401,0,2,0,0]
[0,0,0,0,0,0,0,0,0,0,0,0,1024,0,128,0]-[0,524544,65536,32768,2097184]
[64,0,0,0,0,0,0,0,134217728,0,0,0,0,0,0,0]-[32,128,0,1088,0]
[0,0,67108864,16908288,0,0,0,0,0,0,0,0,0,0,0,0]-[134217728,2097664,524288,0,0]
[0,0,67108864,0,0,0,0,0,8192,0,0,0,0,32,0,0]-[0,0,0,1028,147456]
[0,0,0,0,0,0,64,0,0,0,4194304,0,0,0,0,0]-[0,2149582848,131072,0,0]
[128,0,0,0,0,0,0,0,0,67108864,4096,0,0,0,0,0]-[67108864,0,0,1073741824,131328]
[0,0,0,1,0,0,0,0,16777216,0,1,0,0,0,0,0]-[0,0,3145728,1073741824,2048]
[0,0,0,0,67108864,0,64,0,0,0,4096,0,1048576,0,0,0]-[278528,67108864,4096,0,0]
[0,0,67108864,8192,0,0,0,16,0,0,0,0,0,0,0,0]-[4,2147516416,33554432,0,0]
[0,0,0,0,256,0,0,0,1048576,0,0,32,0,0,0,0]-[0,536870912,17,0,524288]
[0,0,0,0,0,0,268435456,0,1048576,0,0,32,0,0,0,0]-[0,33554944,0,1073742848,0]
[0,0,0,0,0,0,64,128,0,0,0,0,0,0,0,0]-[0,1048576,8194,16777216,0]
[0,0,0,0,33554432,0,0,16,134217728,0,0,0,0,128,0,0]-[16,1050624,0,16,0]
[0,0,0,0,0,256,0,0,0,0,0,0,1310720,0,0,0]-[268894208,4224,4100,2359552,12288]
[0,0,67108864,0,0,0,0,0,0,0,0,0,1310720,128,0,0]-[268451840,16779264,1075855360,69533696,74756]
[0,8192,0,0,0,0,0,0,1048576,0,16384,0,1048576,0,0,0]-[0,4194304,8388608,1073741856,0]
[0,0,0,262144,67108864,0,0,0,0,0,0,0,0,128,0,0]-[0,16777216,8388640,0,4]
[0,0,8388608,0,0,0,0,0,0,0,0,0,536870912,0,0,0]-[0,4196354,0,2147483648,0]
[0,0,67108864,0,0,0,0,0,0,0,33554432,0,0,536871040,0,0]-[2,256,0,0,131200]
[0,0,0,0,0,256,0,0,1048576,0,524288,0,0,0,0,0]-[65536,0,0,2048,1088]
[134217728,0,0,0,0,0,0,0,0,0,0,0,0,0,1,0]-[2129920,524288,0,268435456,0]
[0,0,0,0,65536,0,0,0,1048576,0,0,0,1048576,0,0,0]-[16777216,8389120,8192,0,0]
[0,0,0,0,0,0,268435456,0,0,0,1073741824,0,0,0,0,0]-[0,2048,16384,0,2097664]
[0,128,0,0,8,0,0,0,0,0,0,0,0,0,0,0]-[0,2298478592,32768,0,0]
[0,0,0,0,0,0,0,268435456,128,0,0,0,0,0,0,0]-[1024,262144,4608,0,0]
[0,0,67108864,0,0,0,0,16,262144,0,0,0,0,0,0,0]-[2147516416,2048,0,256,0]
[0,0,67108864,0,0,0,0,0,1048576,0,1073741824,0,0,0,0,0]-[17301540,65804,33587216,2147549184,1048832]
[0,0,0,0,0,0,0,0,1048576,0,0,0,1048576,0,8192,0]-[16777344,33554432,16,0,0]
[0,0,68157440,0,0,0,0,16,0,0,0,0,0,0,0,0]-[4194304,1088,0,0,64]
[0,0,0,131072,0,0,8,0,0,0,0,0,0,0,0,0]-[2147483648,2097152,0,4096,262144]
[0,0,0,0,0,0,0,8,0,0,33554432,0,0,0,0,0]-[512,134217728,0,33587200,0]
[0,0,0,0,0,0,0,2147483664,134217728,0,0,0,0,0,0,0]-[0,1050624,2097152,0,2048]
[8,0,0,0,1048576,0,0,0,0,0,4096,0,0,128,0,0]-[268435457,536870912,0,0,32768]
[0,0,0,0,0,0,0,0,0,0,0,2147483648,1048576,0,0,0]-[537001984,268435458,33558528,134217728,65536]
[0,0,67108864,0,0,0,0,0,1048576,0,524288,0,0,128,0,0]-[0,0,0,2101248,1572864]
[0,0,0,16777216,0,0,0,0,0,0,4096,0,0,0,0,0]-[1090521408,67371276,1476399680,268787204,81922]
[0,8388608,16777216,0,0,0,64,0,0,0,0,0,0,128,0,0]-[0,0,0,1073741824,9248]
[0,16777216,67108864,0,0,0,0,0,0,0,4096,0,0,0,0,0]-[0,4587520,268522000,4100,0]
[0,0,67108864,0,0,0,0,0,0,0,0,32,0,0,262144,0]-[2,16777216,100696064,8192,0]
[128,0,67108864,0,0,256,0,0,0,0,0,0,0,128,0,0]-[0,2048,24576,210,0]
[0,0,0,0,0,0,0,16777216,0,0,0,0,0,0,512,0]-[1024,32,0,2147483648,512]
[0,0,0,0,524288,0,0,0,0,0,0,0,0,128,0,0]-[33570944,201326592,1143013378,269486082,2129920]
[0,0,67108864,0,32,256,0,0,1048576,32768,0,0,0,0,0,0]-[65536,0,1073741824,2149580800,0]
[0,0,0,0,0,0,0,2,0,0,0,131072,0,0,0,0]-[1,69206016,0,0,4096]
[0,4194304,67108864,0,0,0,0,16,0,0,0,0,0,0,0,0]-[0,6192,2099200,134218048,0]
[0,0,1140850688,0,0,0,0,0,0,0,4096,0,1048576,0,0,0]-[18878464,0,16,0,0]
[0,0,0,0,0,0,0,0,0,0,0,0,1048640,0,0,0]-[8392832,268451842,134225921,2147635200,4098]
[4,0,0,0,0,0,0,0,1048576,0,0,0,0,0,0,0]-[304111620,528396,129,1073741825,524352]
[0,0,67108864,0,0,256,0,0,0,0,0,0,0,0,8388608,0]-[0,16384,2181038080,0,65536]
[0,0,67108864,0,0,256,0,0,0,0,2147483648,0,0,0,0,0]-[1,64,16640,0,0]
[0,0,0,0,0,32768,0,0,1048576,0,0,0,262144,0,4096,0]-[0,0,0,67109888,131328]
[0,4,0,0,0,0,0,1073741824,0,0,0,0,0,0,0,0]-[0,73744,0,131072,0]
[0,0,67108864,0,0,256,0,0,1048576,0,0,0,1048576,0,536870912,0]-[0,301989888,0,136314880,0]
[0,0,2,0,0,0,0,1024,0,0,0,0,0,0,256,0]-[16,0,0,20971520,64]
[0,0,67108864,0,0,0,8192,0,0,0,0,0,537919488,0,0,0]-[0,33572864,0,2147483648,0]
[0,0,67108864,0,0,256,0,0,1048576,0,4096,0,0,0,0,0]-[2147483648,0,32,2097152,256]
[0,0,0,262144,0,8448,0,16777216,1048576,0,0,0,0,0,0,0]-[16,256,17,0,0]
[0,0,0,0,0,0,0,0,0,0,0,262144,0,0,256,0]-[262144,0,1088,0,524288]
[0,0,0,0,0,8448,8192,0,0,0,0,0,0,0,0,0]-[2147549184,0,262148,0,0]
[0,0,67108864,0,0,0,134217792,0,0,0,4096,0,0,0,0,0]-[0,131080,65536,4,0]
[0,0,1048576,0,0,0,0,0,1048576,0,0,0,0,0,8,0]-[50331648,0,0,71303168,0]
[0,0,67108864,0,0,0,0,0,0,0,5120,0,0,0,0,0]-[8454144,288,0,128,16386]
[0,0,0,0,0,64,0,0,135266304,0,0,0,0,536871040,0,0]-[2064,0,0,0,192]
[0,0,0,0,0,0,0,0,0,33554432,0,0,0,0,33554432,0]-[512,4,0,64,524288]
[0,0,0,0,0,0,8256,0,0,0,0,0,1048576,0,0,0]-[114688,8192,805306368,2097152,2]
[0,0,67108864,0,0,0,0,0,0,0,0,0,1048576,1073741952,0,0]-[2097152,2048,8192,4,2097152]
[0,0,67108864,0,0,0,64,0,135266304,0,4096,0,0,128,0,0]-[2048,536870912,1073741824,0,128]
[0,0,0,0,0,0,0,16,0,0,0,0,1049088,0,0,0]-[0,8394752,0,0,128]
[0,0,0,0,0,0,0,0,0,0,32,32,0,0,0,0]-[0,0,131328,1064960,0]
[0,0,0,0,0,0,0,0,1048576,0,0,0,262144,0,0,4096]-[0,537919492,33554560,288,131072]
[0,0,0,0,0,0,0,16777216,0,2147483648,4096,0,0,0,0,0]-[0,131104,0,268435456,16384]
[0,0,67108864,0,0,0,0,0,2148532240,0,0,0,0,0,0,0]-[16777216,0,16,33554432,256]
[0,0,0,0,0,0,0,0,1048576,0,2,0,0,64,0,0]-[131072,536870912,33554433,0,0]
[0,0,67108864,0,0,0,0,0,1048576,0,0,0,0,256,0,0]-[0,4194320,526336,0,16]
[0,0,0,0,32768,0,0,0,0,0,4096,32,0,0,0,0]-[1,2147483648,64,0,32768]
[0,0,268435456,32,0,0,0,0,0,0,4096,0,0,0,0,0]-[2048,0,8388608,0,65544]
[0,0,0,0,0,8192,0,16,0,0,524288,0,0,0,0,0]-[0,4096,32768,128,32]
[0,0,67108864,0,0,0,0,0,1048576,0,0,512,0,0,0,0]-[16777216,0,0,2181079040,0]
[0,0,67108864,0,0,0,0,0,0,0,0,0,0,0,67108864,0]-[101192206,3595106917,2491148588,2170041326,167382]
[0,0,0,0,67108864,0,0,512,0,0,0,0,0,0,67108864,0]-[67108864,0,33,0,4]
[0,0,0,0,0,0,0,0,0,8,4096,0,0,0,0,0]-[268501504,2164523268,1082134593,218624,4096]
[0,0,134217728,0,0,0,8192,0,0,0,0,0,0,0,0,0]-[512,256,1694498816,24576,0]
[0,0,67108864,0,0,268435456,0,16,0,0,0,0,0,0,0,0]-[0,2101248,3088,32,131073]
[0,0,0,0,0,8192,4096,0,0,0,0,0,1048576,0,0,0]-[0,1024,0,2,516]
[0,0,67108864,65536,33554432,0,0,0,33554432,0,0,0,0,0,0,0]-[8,0,33558528,8,0]
[0,0,67108864,0,0,0,0,16,0,0,0,2097152,0,0,0,0]-[0,262209,1024,2,0]
[0,0,67108864,65536,0,0,0,0,1048576,0,0,0,0,536870912,0,0]-[0,0,0,33554448,524416]
[0,0,67108864,0,0,0,0,16,0,0,0,0,131072,0,0,0]-[0,512,256,128,1]
[0,0,0,0,0,0,0,0,0,0,4096,4,0,128,0,0]-[0,131072,1073741824,268435968,0]
[0,128,67108864,0,0,16384,0,0,0,0,0,0,0,0,0,0]-[0,512,37749760,0,0]
[0,0,67108864,0,0,0,0,0,1048576,0,0,0,0,2147483776,0,0]-[0,0,40960,2097154,0]
[0,0,64,0,0,0,0,0,0,0,0,1,0,0,0,0]-[0,131072,0,537921536,0]
[2097152,0,0,0,67108864,256,0,0,0,0,0,0,0,0,0,0]-[1048576,0,64,67108864,4096]
[0,0,0,0,0,0,0,8,0,2097152,0,0,0,0,0,0]-[69484544,134217728,536870912,33554432,256]
[0,0,67108864,134217728,0,256,0,0,0,0,0,0,0,0,0,0]-[0,0,0,16842816,2048]
[0,0,0,0,0,0,8192,0,1048576,0,512,0,0,128,0,0]-[262144,0,524288,134217728,8192]
[0,0,67108864,0,0,8192,0,16,0,0,4096,0,0,0,0,0]-[8388608,20971520,0,1024,0]
[0,0,67108864,0,0,0,0,0,0,0,0,0,0,1073741824,0,0]-[2150109224,268454145,2415927312,1056804,2754566]
[0,0,0,0,0,0,0,0,0,0,2097152,0,0,0,0,64]-[0,0,2,131200,256]
[0,0,4096,0,0,0,0,16,0,0,0,0,1048576,0,0,0]-[0,1051168,0,0,0]
[0,32,0,0,0,0,0,0,0,0,4096,0,0,128,0,0]-[512,67108864,0,67108864,2097152]
[0,0,0,0,0,8192,0,0,0,0,0,1073741824,0,0,0,0]-[0,2147487744,16777216,16,0]
[0,0,0,33554432,0,0,64,0,0,0,0,0,0,0,0,0]-[32768,536870912,0,131072,128]
[0,0,67108864,262144,0,8192,0,0,1048576,0,0,0,0,0,0,0]-[0,48,0,66,0]
[0,0,0,16,0,0,0,0,0,0,0,131072,0,128,0,0]-[0,0,524416,0,2098176]
[0,128,0,0,0,134217728,0,0,0,0,0,0,0,0,0,0]-[268435712,1048608,0,0,0]
[130,0,0,0,2097152,0,0,0,0,0,0,0,0,0,0,0]-[131072,2048,8192,1,0]
[0,0,0,0,0,0,0,0,1048576,0,0,0,0,8388608,0,0]-[0,268435456,1,1077936128,0]
[0,0,0,0,0,0,0,0,0,0,0,536871040,1048576,0,0,0]-[1048576,2,0,0,2097184]
[0,0,0,0,0,64,0,256,0,0,0,0,0,0,4194304,0]-[67108864,0,134283264,1073741824,0]
[0,2048,0,0,0,0,0,2048,0,0,0,0,0,128,0,0]-[64,0,262144,0,8196]
[0,1048576,0,0,0,0,0,0,0,0,0,0,1048576,0,0,0]-[3221258240,69214218,17825810,512,1311756]
[0,0,0,0,0,0,0,16,1048576,0,0,0,0,8192,0,0]-[16,1049104,536870912,2181040128,0]
[0,2097152,0,0,0,0,0,0,0,0,0,16384,0,0,0,0]-[0,9,268566530,2415919104,16]
[0,0,67108864,0,0,0,0,0,0,0,0,2147483648,5242880,0,0,0]-[2,0,33554432,0,1048640]
[0,0,67108864,0,0,0,0,0,0,0,1073741824,134217728,0,0,0,0]-[16777216,536903680,0,2147483648,0]
[0,0,0,2097152,0,0,0,0,0,0,0,0,1048576,0,0,0]-[16777216,16384,171966464,1179648,1024]
[0,0,67108864,0,0,0,0,0,0,0,0,32,0,0,4194304,256]-[2147483650,0,32800,0,0]
[128,0,0,0,0,0,0,16,0,0,1073741824,0,0,0,0,0]-[0,67108880,2147485696,67108864,0]
[0,256,67108864,0,0,0,0,0,0,0,0,0,262144,0,0,0]-[0,67120128,0,0,0]
[0,0,67108864,0,0,0,0,0,0,0,0,1,0,0,4,0]-[2,538968072,0,0,0]
[0,0,67108864,0,0,0,0,0,0,0,4160,0,0,0,0,0]-[8390656,2214625360,65536,33820928,0]
[0,0,0,0,0,4,8192,0,134217728,0,0,0,0,0,0,0]-[67108864,0,150994944,64,0]
[0,0,16,0,0,0,0,16,0,0,0,0,1048576,0,0,0]-[0,4104,0,2147500032,0]
[0,0,0,0,0,0,0,0,134217728,0,4096,0,262144,128,0,0]-[0,2048,2,0,525312]
[0,128,0,0,0,0,0,0,0,0,0,0,1048576,0,4096,0]-[256,128,67108928,0,0]
[0,0,0,0,0,0,0,0,0,0,0,0,0,128,8389632,0]-[0,1048640,4,0,262144]
[2147483648,0,0,0,0,0,0,0,0,0,0,0,1048576,128,0,0]-[0,75497472,8192,67174400,270336]
[0,0,0,0,0,0,0,0,0,0,1074003968,0,0,0,0,0]-[32,0,131072,2048,1024]
[0,0,0,0,0,64,0,0,0,0,0,0,0,0,262144,0]-[131072,96,256,0,0]
[0,0,67108864,128,0,0,0,0,1048576,0,0,0,0,0,0,0]-[16777216,536870964,41000,136315536,144]
[0,0,0,0,0,0,0,0,0,131200,0,0,0,0,0,0]-[0,2,9437184,0,32768]
[8388608,0,0,0,0,0,0,0,1048576,0,0,0,0,128,0,0]-[2359296,1887502336,8388609,2097154,0]
[0,0,67108864,0,0,0,0,0,0,0,4224,0,0,0,0,0]-[2097152,2147745792,268435456,0,0]
[0,0,67108864,16384,0,0,0,0,0,0,0,0,1048576,0,0,0]-[0,301989888,0,33554432,2]
[0,128,67108864,0,0,536870912,0,0,0,0,0,0,0,0,0,0]-[10,262144,0,4194304,0]
[0,0,0,0,0,0,0,0,8192,0,0,0,0,128,0,0]-[1049162,67633664,671088676,301991520,159744]
[0,0,0,0,0,0,0,0,512,0,0,0,0,128,0,131072]-[512,1,524288,0,32]
[0,0,0,0,0,64,0,0,134217728,0,0,0,0,0,0,128]-[268435456,0,8,0,192]
[8192,0,0,0,0,0,0,0,0,0,4096,0,0,0,0,0]-[524544,32768,33570816,268435712,2097152]
[0,0,67108864,0,0,8320,0,0,1048576,0,0,0,0,0,0,0]-[16777216,0,32768,128,256]
[0,0,67108864,0,0,0,0,0,0,0,0,0,1048576,0,0,0]-[2883968839,3076783869,3597795196,4286561279,4189695]
[0,0,67108864,0,0,0,0,0,536870912,0,4096,0,1048576,0,0,0]-[4097,0,65536,0,2]
[0,0,67109888,0,0,0,0,0,0,268435456,0,0,0,0,0,0]-[0,0,1048576,1,6]
[0,0,0,0,0,0,0,0,0,0,0,32,0,2,0,0]-[0,0,81920,262160,512]
[0,0,0,0,0,0,0,0,0,0,4096,16384,0,0,33554432,0]-[4097,16,64,0,0]
[0,0,0,0,0,0,64,0,0,0,8388608,0,0,0,0,0]-[2147745792,67108864,0,4194304,4096]
[128,0,8388608,0,0,0,0,0,1048576,0,0,0,0,0,0,0]-[131072,268435456,8200,0,0]
[0,65536,0,16,0,0,0,0,0,0,0,0,0,0,0,0]-[8388608,0,1,134218752,0]
[0,0,0,0,0,8192,0,0,0,8192,0,0,0,0,0,0]-[141033472,2147489792,16781312,1082130448,4096]
[0,0,0,0,0,0,0,0,134217728,0,0,0,0,128,0,8]-[268451840,256,0,2097152,0]
[0,0,0,0,0,0,0,0,1048576,4096,0,0,0,128,0,0]-[0,0,1610620960,939524096,0]
[0,0,0,268435456,0,0,0,0,0,0,4096,0,0,128,0,0]-[0,1073741824,524292,0,131072]
[128,0,0,16,0,0,64,0,0,0,0,0,0,0,0,0]-[33554432,256,1024,0,32]
[0,8192,0,0,0,0,0,0,134217728,0,0,0,0,0,0,0]-[0,4096,40960,71305216,33280]
[0,33554432,67108864,0,0,0,0,0,0,0,0,0,0,0,0,0]-[218630252,2218787365,1074337052,1312336,1575125]
[0,0,0,0,0,0,134217728,0,0,0,0,8388608,0,0,0,0]-[603979776,4,0,65536,0]
[0,0,0,0,0,0,0,0,0,0,1048576,0,0,128,0,0]-[0,16777216,8650752,16,0]
[0,0,64,0,0,0,0,0,1048576,0,0,0,0,128,0,0]-[4,0,1073741824,1073741824,1024]
[0,0,0,0,0,0,0,256,0,0,0,0,0,536870912,0,0]-[0,4096,100794880,545261632,128]
[0,0,0,0,0,0,0,0,33554432,0,0,0,0,128,0,0]-[268435470,268435712,2359297,2097152,2105344]
[0,0,0,0,0,0,32768,0,0,0,0,0,5242880,0,0,0]-[0,33554434,33554433,0,0]
[0,0,0,0,0,0,64,16,16777216,0,0,0,0,0,0,0]-[562036736,1024,0,0,0]
[0,0,0,0,0,0,0,16,0,0,0,0,2097152,0,0,0]-[64,134217728,2281701376,18433,10240]
[1048576,0,67633152,0,0,0,0,0,0,0,0,0,0,0,0,0]-[16777216,0,2147483648,0,2097216]
[0,0,0,0,0,0,0,0,134217728,0,4096,0,0,32,0,0]-[128,0,131072,0,1049088]
[0,0,0,65536,0,0,0,0,0,0,0,0,0,0,0,512]-[1048576,0,1024,50331648,0]
[0,0,0,1,0,256,0,16,0,0,8388608,0,0,0,0,0]-[524288,67108864,0,64,262144]
[0,0,67108864,0,0,0,0,0,32,0,0,0,1048576,0,0,0]-[0,8208,67108864,64,0]
[0,0,0,0,0,0,0,0,0,0,4096,0,0,128,131072,0]-[0,1342179328,0,536870912,0]
[0,0,0,0,0,0,0,0,0,0,0,536870912,0,0,2097152,0]-[8392704,128,0,64,0]
[2176,0,67108864,0,0,0,0,0,0,0,0,0,0,128,0,0]-[0,268435456,32768,65536,524288]
[0,0,0,0,0,0,1,0,0,0,4096,0,0,0,16,0]-[0,1028,0,2048,16384]
[0,0,0,0,0,0,0,0,1048576,0,0,0,2,0,0,131072]-[0,132,64,0,524288]
[4,1073741824,0,0,0,0,0,0,1048576,0,0,0,0,0,0,0]-[0,4,1,1073741824,524288]
[0,268435456,0,0,0,8192,0,0,0,0,0,0,0,0,0,0]-[2151677952,69896,553652224,8388608,8192]
[0,0,67633152,0,0,0,8192,0,0,0,0,0,0,0,0,0]-[67108865,0,32,0,1048576]
[0,130,0,0,0,0,0,0,0,0,0,0,0,0,0,0]-[6144,16384,2052,1073872960,0]
[0,0,0,1,0,0,0,0,0,0,0,0,0,128,0,0]-[268568707,68288768,3408000,1409548368,270336]
[0,0,0,0,536870912,0,0,0,0,134217728,0,0,0,0,0,0]-[65536,0,524864,0,0]
[0,0,0,0,0,0,0,0,0,0,0,16,0,0,0,65536]-[3221225472,33554432,0,0,1]
[0,1048576,0,0,0,0,0,0,1048576,0,0,0,0,128,4,0]-[0,1073741824,8388608,4096,524288]
[0,0,0,0,16384,64,0,0,0,0,67108864,0,0,0,0,128]-[0,2048,0,1,1056]
[0,0,0,0,0,8192,0,0,0,0,0,67108864,0,128,0,0]-[8,0,32768,1073807360,0]
[0,0,0,0,131072,0,0,0,134217728,0,0,0,0,0,0,0]-[8,2048,0,16384,1024]
[0,0,67108864,0,0,4096,0,0,0,0,0,0,1048576,0,0,0]-[8388610,16916496,65536,17,32768]
[0,0,0,0,0,0,0,131072,1048576,0,0,0,0,536870912,0,0]-[16,260,0,0,524288]
[0,0,67108864,32,0,64,0,0,0,0,0,0,0,0,0,0]-[2147483648,4096,8,64,0]
[0,0,0,0,0,1048576,0,0,0,0,0,0,0,0,0,4128]-[134217728,1073741824,1073741824,0,128]
[0,0,0,0,4,0,0,0,134217728,0,0,0,0,0,0,0]-[8388616,65536,536870912,1073758208,16640]
[0,0,0,67108864,0,64,0,0,0,0,0,0,0,0,0,0]-[2168455168,4098,4194304,536870913,0]
[128,0,0,0,0,0,0,0,0,0,0,1048576,0,0,0,0]-[33554432,256,1024,131072,0]
[0,0,0,0,2048,0,0,0,0,0,0,0,0,536871040,0,0]-[64,2049,128,0,0]
[0,0,0,0,0,0,0,0,1048576,0,4096,32,1048576,0,0,0]-[2415919168,0,32,1074282496,2097154]
[0,0,0,0,128,0,0,0,1048576,0,0,0,0,0,0,0]-[0,4160,0,16384,2097152]
[0,0,67108864,16777216,0,0,0,0,0,67108864,0,0,0,0,0,0]-[0,16384,2147483648,516,0]
[0,0,0,0,0,2147483648,0,0,1048576,0,0,0,128,0,0,0]-[0,0,541065216,1056,0]
[0,0,67108864,0,0,16384,0,1,0,0,0,0,0,128,0,0]-[0,0,1581056,4,0]
[0,0,67125248,0,0,0,8192,0,0,0,0,0,1048576,128,0,0]-[1,1,0,65552,0]
[0,536870912,0,0,0,0,0,0,0,0,0,1,0,0,0,0]-[0,0,129,1,2]
[0,0,0,0,1048576,0,0,0,0,0,0,1073741824,0,0,0,0]-[0,0,512,536870912,2097664]
[0,0,67108864,0,0,0,2048,16777216,1048576,0,0,0,0,0,0,0]-[33554432,4210688,0,4096,0]
[262144,0,0,0,0,0,0,0,0,0,524288,0,0,0,0,0]-[0,0,524416,16392,0]
[0,0,67108928,0,131072,0,0,0,0,0,0,0,64,0,0,0]-[524288,2048,0,4,1048576]
[64,0,0,0,0,0,0,0,0,0,0,32,0,0,0,0]-[1048577,33554432,0,1024,0]
[0,0,67108864,0,0,64,2048,0,0,0,0,0,0,0,0,0]-[41943040,4194304,0,4096,0]
[0,0,67108864,0,0,0,0,0,1048576,0,512,0,0,536870912,0,0]-[2181038080,0,16,0,256]
[0,0,67108864,0,0,0,536870912,0,1048576,0,8,0,0,0,0,0]-[65536,262176,0,2,0]
[0,0,0,0,0,0,0,0,0,524288,0,0,16777216,0,0,0]-[2147491840,524288,0,65536,0]
[0,0,67108864,0,0,0,0,0,0,0,0,65536,0,0,0,0]-[2164787296,2202026568,71401488,2149613568,3204]
[0,0,0,0,0,2147483648,0,0,0,0,0,0,0,0,128,0]-[32,2147483648,65536,0,8]
[0,0,67108864,0,0,0,0,0,1048576,0,4096,2048,0,0,0,0]-[2097152,32,0,33554560,0]
[33554560,0,67108864,0,0,0,64,0,0,0,0,0,0,0,0,0]-[33554432,0,1024,65536,4]
[0,0,0,0,0,0,0,0,1048576,0,0,0,0,0,524288,0]-[2147878928,574619776,17606720,3531094080,1088]
[0,0,67108864,0,0,0,0,0,0,0,0,16777216,0,0,0,0]-[2361399304,2789425225,339224372,2197919157,1263877]
[1073741824,0,0,0,0,0,0,0,0,0,0,0,0,0,8192,0]-[512,0,0,8388608,514]
[0,0,0,0,0,0,0,16,134217728,0,0,0,0,2147483648,0,0]-[65536,1,0,0,72]
[0,0,0,0,0,0,0,0,0,0,16,0,268435456,0,0,0]-[65536,402653184,134217728,4194304,0]
[0,0,67108864,0,0,0,0,0,0,0,0,0,4194304,128,0,0]-[589888,0,524292,69924,1114113]
[0,0,0,0,33554432,0,0,0,33554432,0,0,0,1048576,0,0,0]-[536870912,4,262144,2097152,0]
[0,0,0,0,0,0,0,0,134217728,0,0,0,268435456,0,0,0]-[20972032,524800,5,16908288,49156]
[0,0,0,0,0,0,0,0,0,0,0,0,8388608,0,131072,0]-[2101248,0,131072,2048,0]
[0,0,67108864,0,0,256,0,0,0,0,0,0,0,0,8,0]-[67108864,33554432,0,256,1]
[0,0,33554432,0,0,0,0,0,0,0,0,0,0,128,0,0]-[2,536870912,1073741826,514,0]
[0,0,67108864,0,0,0,64,0,0,0,0,2097152,262144,0,0,0]-[32768,0,4112,32768,0]
[0,0,67108864,0,0,0,8192,2,0,0,4096,0,0,0,0,0]-[1,83886080,268435456,0,0]
[0,0,0,0,0,0,8192,1,0,0,0,0,0,0,0,0]-[268967936,0,134742016,4194304,520]
[0,0,0,0,0,0,0,0,0,0,0,32,0,0,268435456,0]-[32768,0,131072,1064960,2]
[0,0,0,0,0,0,0,16,0,0,0,0,0,0,1024,0]-[0,134217736,10485762,167788544,3145744]
[0,0,67108864,0,0,0,0,0,16777216,0,0,0,0,0,0,131072]-[2147483648,1,0,36,0]
[262144,0,67108864,0,0,0,0,0,0,0,4096,0,0,0,0,0]-[8388608,0,0,4456960,0]
[0,0,0,0,524288,0,0,0,134217728,0,0,0,0,128,268435456,0]-[268435456,262144,1073741824,0,1024]
[0,0,67108864,0,0,0,0,0,0,0,4096,0,536870912,0,0,0]-[4096,262144,33636352,33558528,128]
[0,0,0,0,0,0,0,0,33554432,0,0,0,1048576,131072,0,0]-[0,8390656,65536,16,0]
[0,0,67108864,0,0,256,0,0,0,0,0,0,1048576,16384,0,0]-[0,4096,0,136314880,64]
[0,0,0,0,0,0,0,16,0,134217728,4096,0,0,0,0,0]-[0,0,0,16768,4096]
[0,0,67108864,0,0,0,4096,0,0,33554432,0,0,0,0,0,0]-[0,8,33554432,0,2097168]
[0,0,0,0,0,8,0,0,0,0,0,0,16384,0,0,0]-[2149582848,0,2,256,0]
[0,0,67108864,0,0,0,0,0,0,0,0,0,0,0,0,128]-[2173177967,3043290884,1412526088,153919713,2115011]
[0,0,67108864,0,0,64,0,0,2048,0,0,0,0,0,262144,0]-[20971520,0,0,0,32769]
[0,0,0,0,8192,0,0,0,0,0,4096,0,0,0,0,0]-[0,1024,0,393344,0]
[0,0,0,0,0,0,0,0,0,0,512,0,0,536871040,0,0]-[262166,0,0,0,0]
[0,0,8388608,0,0,0,0,0,0,0,0,0,0,0,33554432,0]-[2621440,2050,134217728,0,786496]
[0,536870912,0,0,0,0,0,0,1048576,0,0,0,0,128,0,0]-[262145,0,1073750017,32,139264]
[0,0,67108864,0,0,0,64,16,1310720,134217728,0,0,0,0,0,0]-[2147516416,0,0,256,128]
[0,0,0,0,0,0,0,0,0,1,0,8388608,262144,0,0,0]-[0,131076,2,256,0]
[0,0,2147483648,134217728,0,0,0,0,1048576,0,0,0,0,128,0,0]-[33554432,536870912,1073741824,0,8192]
[0,0,512,0,0,0,0,0,0,0,4096,0,0,0,0,0]-[0,0,4608,16896,0]
[0,0,0,0,0,0,0,0,4096,0,4096,0,0,0,0,0]-[9175040,4194336,128,346112,4128]
[0,0,67108864,0,0,0,0,0,0,0,0,0,0,0,0,524288]-[2157969445,2162688,66560,137368960,33024]
[0,0,0,8,0,8192,0,0,0,0,0,0,0,0,0,0]-[33619968,0,553680896,0,4130]
[0,0,67108864,0,0,0,2097152,0,0,0,0,536870912,262144,0,0,0]-[0,16384,256,0,131074]
[4,0,67108864,0,0,16777216,0,0,0,0,0,0,0,0,0,0]-[0,0,2097696,0,128]
[128,0,67108864,0,0,256,0,8,0,0,0,0,0,0,0,0]-[0,0,1032,128,524288]
[0,0,2214592512,0,0,0,0,0,0,0,0,0,0,0,8,0]-[33554432,0,4,16777728,0]
[0,2,67108864,0,0,256,0,0,0,0,0,0,1048576,0,0,0]-[2097152,32776,0,16777216,0]
[0,0,0,0,1,0,0,0,134217728,0,0,0,0,0,0,0]-[0,3145728,33816592,268435456,16896]
[0,0,67108864,0,0,0,0,0,0,0,0,0,0,16777216,0,0]-[2147483712,538977280,1073810432,41060,166016]
[0,0,0,16777216,0,0,0,0,1048576,0,0,0,0,536871040,0,0]-[4,65536,128,0,128]
[0,0,0,0,0,64,0,0,0,0,0,32,1048576,0,0,0]-[805339200,512,0,2147483648,162]
[0,0,67108864,0,0,0,32768,0,0,0,33554432,0,0,0,0,0]-[32,16384,0,1048576,2097152]
[0,0,524288,0,0,2147483648,0,0,0,0,0,0,0,0,0,0]-[0,0,4194304,32,10]
[0,0,0,0,0,4,0,16,0,0,0,0,0,128,0,0]-[16,32,131072,0,1048576]
[0,0,2048,0,0,0,0,0,1048576,0,0,0,262208,0,0,0]-[16,1610612736,0,1024,0]
[0,0,0,0,536870912,0,8192,0,0,0,0,0,0,0,0,0]-[536870912,898,0,268697664,2336]
[0,0,0,16777216,0,16777216,0,0,0,0,0,0,0,128,0,0]-[1088,0,524288,4,0]
[0,0,134217728,0,0,256,0,0,0,0,4096,0,0,0,0,0]-[1024,268435456,4,2147483648,0]
[0,0,0,0,0,0,8192,0,0,0,0,0,1048576,130,0,0]-[131072,0,0,67174416,0]
[0,0,67108864,8388608,0,0,0,0,16777216,0,0,0,0,0,0,0]-[524288,32,0,134250496,0]
[0,0,0,0,262144,0,0,16,0,0,0,0,0,0,0,0]-[2751463424,594456,2147524736,134234369,2109440]
[0,0,0,0,0,134217728,0,0,0,0,0,0,0,0,33554432,0]-[256,0,2415919104,16777216,0]
[0,0,0,0,0,0,0,0,0,0,0,1024,2097152,0,0,0]-[0,1048578,0,553648128,0]
[0,0,0,0,0,0,0,0,0,0,0,0,268435456,0,33554432,128]-[0,4718592,0,278528,0]
[0,0,67108864,0,0,0,0,0,67108864,0,5120,0,0,0,0,0]-[0,100671488,0,1024,0]
[0,0,0,0,0,256,0,16,134217728,0,0,0,0,128,0,0]-[268436048,9502720,1084227584,268435456,64]
[0,128,0,0,0,0,0,0,0,0,524288,0,0,0,0,0]-[525312,2147483652,0,0,0]
[0,0,0,0,0,64,0,0,0,0,0,0,0,128,0,512]-[33554432,536870912,16384,6144,131072]
[1024,0,0,0,0,0,0,0,0,0,4096,0,262144,128,0,0]-[0,620756992,128,0,0]
[0,0,0,16384,0,64,0,0,0,2147483648,0,0,0,536871040,0,0]-[0,1073743872,0,64,64]
[0,32,0,0,0,0,0,0,0,0,0,0,8,0,0,0]-[0,0,0,524304,1032]
[0,0,0,0,0,0,0,0,0,32,0,0,0,128,0,0]-[0,138674184,81920,536875008,0]
[0,0,0,0,0,0,64,0,0,0,4096,1048576,1048576,0,0,0]-[2097152,0,65552,131072,0]
[0,0,0,32768,0,0,32,0,0,0,0,0,1048576,0,0,0]-[2147484160,0,544,0,0]
[0,0,0,0,0,64,64,16777216,0,0,0,0,0,0,0,0]-[32768,524416,128,0,0]
[0,0,0,0,0,64,0,0,0,2147483648,0,0,0,536871040,0,0]-[64,1073743872,0,64,192]
[0,0,0,0,67108864,0,0,16,0,0,0,1073741824,0,0,0,0]-[16384,4096,16777216,4096,2097152]
[0,256,67108864,0,0,0,0,0,0,0,0,0,1048576,0,0,0]-[4160,33554440,1048580,4753,64]
[0,0,0,0,0,0,0,0,0,0,0,0,0,0,536870912,1]-[0,0,0,65536,28]
[0,128,0,32,0,0,0,8,0,0,4096,32,0,0,0,0]-[512,262144,134217728,262144,0]
[1048576,0,0,0,0,0,0,16,0,0,4096,0,0,0,0,0]-[67108864,0,262148,2,0]
[0,0,0,0,0,8192,0,0,134217728,0,0,0,1048576,0,0,0]-[0,1114120,16,0,0]
[0,0,0,0,0,0,0,0,0,0,0,0,0,131072,1,0]-[256,0,0,262144,2098176]
[0,0,67108864,0,0,64,0,2048,0,0,0,0,1048576,0,0,0]-[0,0,2097152,16777220,65536]
[0,16777216,67108864,0,0,0,0,0,0,0,0,0,0,0,131072,0]-[4,1,0,16777344,0]
[1073741824,0,67108864,0,0,0,0,0,0,0,0,0,1048576,536870912,0,0]-[64,285212672,0,0,16384]
[0,0,0,32768,0,0,0,0,0,0,0,0,0,524288,0,0]-[0,0,0,67108928,67584]
[0,0,0,0,0,134217792,0,0,0,0,0,0,0,0,0,0]-[16386,524288,0,2147483648,0]
[0,0,67108866,0,0,0,0,0,0,0,0,32,0,0,0,0]-[72,16384,0,0,1048576]
[0,0,67108864,0,0,0,0,0,0,0,0,0,0,32,128,0]-[32,2147484160,0,2097152,0]
[0,512,0,0,0,0,64,0,0,0,0,0,0,0,0,0]-[0,8208,0,0,24576]
[0,0,0,0,0,0,8192,16,0,0,4096,0,0,0,0,0]-[0,67108864,134222400,369105152,32]
[0,0,0,0,0,0,0,0,0,0,4097,0,0,0,0,0]-[524288,21364736,167837841,100663296,4226]
[0,0,0,0,0,8192,0,0,1024,0,0,0,1048576,0,0,0]-[512,0,67108864,10240,0]
[0,0,0,0,0,0,0,16,0,65536,0,0,1048576,0,0,0]-[0,0,1048576,268435521,0]
[0,128,67108864,0,0,0,0,0,0,0,4096,0,0,0,0,0]-[25169920,101056553,1375813648,4494080,82048]
[0,0,0,0,8,0,0,0,0,0,262144,0,0,0,0,0]-[0,0,0,8404992,2560]
[0,0,67108864,0,0,0,0,65536,1048576,0,0,0,0,0,2097152,0]-[2097152,16384,8,1,0]
[0,0,0,0,0,0,0,0,0,0,0,0,8,0,131072,0]-[67108992,8388608,0,1,0]
[0,2097152,0,0,0,0,8192,0,0,0,4096,0,0,0,0,0]-[0,0,268435456,67584,32]
[0,0,0,0,0,0,0,0,0,0,0,0,0,128,0,16384]-[1312259,537133120,8650880,8388612,32]
[0,0,0,0,2048,0,0,0,0,0,0,0,1048576,128,0,0]-[2113536,32,2097152,0,0]
[0,0,0,256,0,0,64,0,0,0,0,0,0,0,0,0]-[2147745792,0,512,4194304,0]
[0,8192,0,0,0,0,0,0,0,0,0,0,0,0,268435456,0]-[8,4194304,25165824,0,0]
[128,0,0,0,0,0,0,0,0,0,0,0,1310720,0,0,0]-[16448,120835,33554432,88211456,1048672]
[0,0,0,0,0,0,0,0,0,0,0,0,262152,0,0,0]-[278396960,67142662,596656131,67174400,590850]
[0,0,67108864,0,0,0,0,0,0,0,128,0,0,128,0,0]-[0,0,0,327712,64]
[0,0,1048576,0,0,256,0,0,134217728,0,0,0,0,0,0,0]-[393216,0,0,262144,4096]
[0,512,0,2147483648,0,0,0,0,0,0,0,0,1048576,0,0,0]-[553648128,2048,0,33554432,0]
[0,0,0,0,0,0,0,0,134217728,0,0,0,0,0,4096,0]-[0,134217728,2097152,256,524288]
[0,0,0,0,0,0,64,0,0,0,1073745920,0,1048576,0,0,0]-[262144,4,0,4194304,2]
[0,0,67174400,0,0,64,0,0,0,0,0,0,0,0,0,0]-[0,0,2097156,16777216,1048576]
[0,0,0,0,0,64,0,0,0,2,0,0,0,0,0,0]-[2147483648,2621440,8200,8192,0]
[0,0,0,0,0,0,0,0,1048576,0,0,536870912,0,128,0,2048]-[131088,0,0,4608,0]
[536870912,0,67108864,0,0,0,0,0,1048576,0,0,32,0,0,0,0]-[0,0,32768,3145728,1048576]
[0,0,67108864,0,0,0,0,0,0,0,0,16384,0,536870912,0,0]-[0,256,1024,64,2097152]
[0,0,67108864,0,0,0,0,536870912,0,0,0,1,0,0,0,0]-[4096,2147483648,0,2097216,0]
[0,0,16777216,0,0,8388864,0,0,0,0,0,0,0,0,0,0]-[0,0,8454144,4096,256]
[0,0,0,0,0,0,0,0,0,0,0,0,2147483648,128,0,0]-[1049600,329728,10502144,606078976,327744]
[0,128,0,0,0,0,0,0,1048576,0,0,0,0,128,0,0]-[33687684,262176,1073782912,1075843650,139392]
[0,0,67108864,0,0,0,16777216,65536,0,0,4096,0,0,0,0,0]-[0,536870912,4096,0,32770]
[33554432,0,0,0,0,256,0,0,0,0,0,0,0,0,0,0]-[0,16779264,0,537010176,0]
[0,0,0,0,0,0,0,4,0,0,0,0,0,0,262144,0]-[0,0,65536,1073152,0]
[0,0,0,0,0,8388608,0,0,0,0,0,16,0,0,0,0]-[402653184,0,1,67108864,16384]
[0,0,0,0,0,0,0,0,0,0,4096,0,0,0,512,0]-[0,33685512,0,2048,0]
[0,0,0,0,0,256,536870912,0,0,0,0,0,0,0,0,0]-[256,1048704,65600,335806720,0]
[0,0,67108864,0,65536,0,64,0,0,0,0,0,0,0,0,0]-[0,0,0,16778240,2098176]
[0,0,0,0,0,0,0,0,0,0,4096,0,0,512,0,0]-[1,276,1207959616,131072,65544]
[0,0,67108864,0,0,0,0,0,0,0,0,1073741824,268435456,0,0,0]-[4194306,0,0,4,4]
[0,0,0,0,0,0,0,0,0,0,528384,0,0,0,16,0]-[16,524288,0,16777216,1048576]
[524288,0,0,0,0,0,0,0,0,0,0,0,1048576,0,0,0]-[2147485184,68158544,536870984,266496,37448]
[0,268435456,0,0,67108864,0,0,16,0,0,0,0,0,0,0,0]-[0,8392720,25165824,0,2097152]
[128,0,16777216,0,0,0,0,16,0,0,0,0,0,0,0,0]-[536936448,0,524304,0,0]
[0,0,0,0,0,0,0,0,1048576,0,0,0,0,536870912,65536,0]-[0,16,0,1107296256,131072]
[0,0,0,0,0,0,0,0,1048576,0,0,0,16777216,0,0,0]-[16875536,536936580,33556481,671102976,8320]
[0,0,0,0,0,0,1024,8,0,0,0,0,0,536870912,0,0]-[32768,262144,0,134217728,512]
[0,0,0,512,32769,0,0,0,0,0,0,0,0,0,0,0]-[0,0,512,2686451712,0]
[0,0,0,0,16,0,0,0,1048576,0,0,0,8,0,0,0]-[0,0,0,526336,1152]
[0,0,0,0,0,0,0,8388608,1048576,0,0,0,256,0,0,0]-[0,1073758208,524288,524288,0]
[128,0,0,0,0,8192,0,0,0,0,0,16384,0,0,0,0]-[0,2048,0,98304,4096]
[0,0,0,0,0,0,0,0,0,268435456,4096,0,1048576,0,0,0]-[2,8388608,0,2149580800,0]
[0,0,0,0,67108864,16384,0,0,0,0,0,0,0,0,0,0]-[67125248,0,268443648,0,0]
[0,0,67108864,0,0,0,0,8388608,131072,0,0,0,0,0,0,0]-[32,268435456,2147483648,0,64]
[0,0,0,0,0,0,134217728,0,0,0,0,0,1048576,128,0,0]-[192,0,0,4608,0]
[256,0,0,0,1048576,0,0,0,0,0,0,0,0,128,0,0]-[268435456,536870912,2148007936,0,0]
[0,128,16777216,0,0,0,0,0,0,0,16,0,0,128,0,0]-[136,67108864,0,262144,0]
[0,0,67108864,0,0,0,0,0,65536,0,0,0,262144,0,0,0]-[524288,16778240,0,2097152,0]
[0,0,67108864,0,0,0,0,16,0,0,0,0,0,268435456,0,0]-[2147483648,512,2147485696,0,0]
[134217728,0,1140850688,0,0,0,0,0,0,0,0,0,0,0,0,0]-[67108864,288,0,0,1048576]
[0,0,0,0,0,0,0,8388608,0,0,0,0,0,0,16384,0]-[1,1073741824,67108864,4096,0]
[0,0,0,0,0,0,0,0,536870916,0,0,262144,0,0,0,0]-[0,2147483776,8192,0,4096]
[2048,0,67108928,0,0,0,0,0,1048576,0,0,1048576,1048576,0,0,0]-[2097152,16384,4194320,0,0]
[0,268435456,0,0,0,0,0,0,0,2048,0,0,0,0,0,0]-[131072,8,2147483648,128,0]
[0,0,16777216,0,0,0,64,0,0,0,0,0,0,128,0,0]-[0,262145,262144,1073741824,0]
[0,0,0,0,67108864,0,0,0,0,0,0,0,0,65536,0,0]-[1073741824,1,2097152,0,8]
[0,0,0,0,0,8192,0,16,0,0,2048,0,0,0,0,0]-[0,8388608,512,32,1]
[0,0,0,0,0,0,0,0,0,0,8,0,1048576,0,0,32768]-[0,67125248,134217728,0,32]
[0,1152,0,0,0,0,0,0,0,0,0,0,0,0,0,0]-[0,0,0,285212930,0]
[0,0,0,0,0,8192,0,0,134217728,0,0,0,0,16777216,0,0]-[0,1048578,0,32,2048]
[0,0,67108864,0,67108864,0,0,0,0,0,4096,0,262144,0,0,0]-[0,4194624,0,262144,0]
[0,0,67108864,0,0,32,0,0,0,0,0,536870912,0,0,0,0]-[2,2052,16384,0,0]
[0,67108864,0,0,0,0,0,0,0,0,4096,0,1048576,0,0,0]-[4097,67108864,0,16384,0]
[0,0,67108864,0,0,0,0,0,1048576,0,0,128,0,128,0,0]-[0,0,1073741856,64,64]
[0,2048,67108864,0,0,0,0,0,0,0,0,0,0,0,33554432,0]-[134217728,4194560,524288,0,0]
[0,0,67108864,0,0,8448,0,0,0,0,0,0,8,0,0,0]-[0,32768,0,32784,128]
[0,0,0,0,0,0,0,16,4,0,0,0,1048576,0,0,0]-[1310720,16777216,0,20971520,8]
[0,0,0,0,0,256,0,0,0,0,0,0,0,128,536870912,0]-[0,1024,0,67108868,8192]
[0,0,0,0,0,0,0,67108864,1048576,0,0,0,0,0,0,0]-[98368,545784832,50596033,537932352,4101]
[0,0,67108864,0,0,0,0,8,0,0,0,0,4194304,0,0,0]-[2,0,524800,0,65536]
[0,0,67108864,0,2048,64,0,0,134217728,0,0,0,0,0,0,0]-[0,536870912,0,4096,2304]
[0,0,4096,0,0,0,0,0,17825792,0,0,16,0,536871040,0,0]-[16384,0,128,0,524416]
[0,0,0,0,0,0,0,16777232,0,0,0,0,0,128,0,0]-[0,1310720,536870950,536870912,262144]
[0,0,0,0,0,268435456,64,0,0,0,0,0,0,0,0,0]-[2361344,2,147968,262145,6146]
[2,0,0,0,0,0,0,134217728,0,0,0,0,1048576,0,0,0]-[276828160,2048,0,0,0]
[0,0,0,0,0,0,0,0,0,0,0,32,268435456,0,0,0]-[65552,268435584,2,4194320,0]
[0,0,0,0,0,0,64,0,0,0,0,0,131072,0,0,0]-[2048,128,4112,0,0]
[0,0,0,0,0,0,0,0,0,0,524288,0,0,0,33554432,0]-[1048576,524288,0,262144,524288]
[0,0,67125248,0,0,0,0,16,0,0,0,0,1048576,0,0,0]-[32768,66056,0,16,2097152]
[0,0,0,0,0,0,0,16,1048576,0,0,0,0,536870912,0,0]-[16400,8454196,16809984,2181042545,0]
[0,0,67108864,0,0,0,0,0,134217728,33554432,0,0,0,0,0,0]-[8,256,4,4096,541697]
[0,0,0,0,67108864,33554432,0,0,0,0,0,0,0,0,0,0]-[1073741824,256,1073741826,0,0]
[0,0,67108864,0,0,32,0,0,0,0,0,0,0,128,0,0]-[4,2048,16384,128,32896]
[0,2097152,67108864,0,0,0,0,0,0,0,0,0,0,0,0,0]-[65536,37754893,268460048,2151747714,131349]
[0,0,67108864,0,0,8192,2048,0,0,0,0,0,0,0,0,0]-[4194306,4,0,1,0]
[1073741824,0,0,0,0,0,0,16,0,0,0,0,1048576,0,0,0]-[64,0,2097152,0,2101248]
[0,0,0,0,0,256,0,0,0,0,0,8192,0,0,0,0]-[1114116,301998208,33689600,0,65568]
[0,0,0,0,0,64,0,2147483648,0,0,0,0,0,0,0,0]-[536870976,0,1152,0,0]
[0,0,67108864,0,0,0,0,0,0,0,4096,524288,262144,0,0,0]-[0,139264,33554432,65536,0]
[0,128,0,0,0,0,0,0,0,0,8192,0,0,0,0,0]-[537395200,0,2097152,1612709888,147456]
[0,0,67108864,0,0,0,0,0,0,0,0,8192,0,128,0,0]-[8,17238016,0,4256,0]
[0,33554944,67108864,0,0,0,0,0,0,0,0,0,0,0,0,0]-[67108896,0,0,16,524288]
[0,0,0,0,0,256,0,32784,0,0,0,0,0,0,0,0]-[335544320,9216,4,0,0]
[0,33554432,67125248,0,0,0,0,16,0,0,0,0,0,0,0,0]-[524288,520,0,0,1048576]
[0,0,67108865,0,0,0,0,8,0,0,0,0,0,128,0,0]-[0,64,1048576,128,2097152]
[0,0,67108864,0,1048576,256,0,0,0,0,0,0,0,0,0,0]-[2097152,8,0,18,0]
[0,0,67109888,0,0,0,0,0,0,67108864,0,0,0,0,536870912,0]-[67108864,16384,0,0,1064960]
[0,0,0,0,0,0,0,0,1048576,524288,0,0,0,0,8,0]-[0,16384,262144,2147483712,0]
[0,0,0,536870912,0,0,0,0,0,0,0,0,262144,805306368,0,0]-[134218752,262656,0,0,0]
[0,0,0,0,0,0,64,0,1048576,0,33554432,0,0,0,0,0]-[33554432,512,0,4096,8192]
[0,0,67108864,0,0,0,34,0,1048576,0,0,32,0,0,0,0]-[0,33554944,524288,1048576,0]
[0,1024,0,0,0,0,0,0,0,524288,268435456,0,0,0,0,0]-[262160,0,1048592,0,0]
[128,0,67108864,0,0,64,0,0,0,0,0,0,0,0,0,0]-[8390720,39184,11272,2147491905,32839]
[0,128,0,0,0,0,0,0,0,0,0,0,0,0,4,0]-[524288,0,1048576,538968064,0]
[0,256,0,0,134217728,0,0,0,0,0,0,0,0,0,0,0]-[0,268566528,4194304,67108864,0]
[0,0,0,0,8,64,0,0,0,0,0,0,0,0,0,0]-[33554434,524290,0,524544,8224]
[0,0,0,0,0,0,0,16,1048576,0,0,0,0,0,0,64]-[0,1048612,34816,2147483664,8192]
[0,0,67108864,0,0,0,0,0,16777216,0,0,0,1048576,0,0,0]-[2325745729,2499884577,35725880,2201059533,1622210]
[0,0,0,0,0,256,0,0,0,134217728,0,0,0,0,0,0]-[2415993344,268443776,131136,256,4096]
[0,0,0,0,0,0,0,0,1048576,0,0,0,0,0,2048,0]-[35915780,1343226788,38043664,1711309312,525377]
[0,0,16777216,0,0,8192,8192,0,0,0,0,0,0,0,0,0]-[33554432,0,4164,0,0]
[128,0,0,0,0,0,33554432,0,1048576,0,0,0,0,0,0,0]-[262144,0,0,1073741827,0]
[0,16777216,0,0,0,0,0,0,134217728,0,0,0,0,0,0,0]-[541065344,1048660,8388608,2048,65536]
[0,0,0,0,0,0,8192,16,1048576,262144,0,0,0,0,0,0]-[0,0,0,6400,16]
[0,0,0,0,0,0,0,16,0,0,0,16384,0,0,0,0]-[64,65576,16777216,268435456,2097168]
[0,0,0,0,0,8192,64,0,0,0,4096,0,0,0,0,0]-[0,0,1073741952,260,0]
[0,0,67108864,0,0,0,0,0,0,0,4096,0,0,0,33554432,0]-[162011204,2806293821,3490202116,172267016,2148482]
[0,0,0,0,0,0,0,0,0,0,0,67108864,0,536870912,0,0]-[65536,2,0,134218752,0]
[0,0,0,0,0,0,0,0,0,0,0,0,2097216,0,512,0]-[8388608,0,0,537001984,262144]
[0,0,0,0,0,0,8192,0,0,0,0,8388608,1048576,128,0,0]-[16384,0,8192,2097152,2097152]
[0,0,0,65536,0,0,0,16,0,0,0,0,0,128,0,0]-[64,1048576,0,67108928,0]
[0,0,0,0,0,0,0,0,134217728,0,0,33554432,0,0,8388608,0]-[16777216,0,1049088,0,4096]
[0,0,0,0,0,0,2097152,0,0,0,0,0,0,128,0,0]-[2228242,84934656,1073741824,268765268,2236544]
[0,0,0,0,0,262144,0,0,1048576,0,0,0,0,0,0,0]-[52461952,4194816,1073741840,536871040,0]
[0,0,0,0,0,0,0,0,0,0,0,0,0,128,128,0]-[2359296,2304,147460,16,2359328]
[0,0,0,0,0,0,0,0,1048576,0,131072,0,1048576,128,0,0]-[32768,268435488,1,0,0]
[0,0,0,0,0,0,0,0,1048576,0,0,0,16384,0,0,0]-[2183530513,536936576,204808,2990606609,532483]
[0,0,0,0,0,0,0,0,0,0,4100,32768,0,0,0,0]-[268439808,0,0,4096,0]
[0,0,0,0,0,0,0,0,8,0,0,0,0,128,0,0]-[17027,83951648,539672576,1744836618,2367552]
[0,0,67108864,0,0,0,0,8388608,262144,0,0,0,0,0,0,0]-[32768,16384,67108864,4096,0]
[0,0,0,0,0,320,0,0,135266304,0,0,0,0,128,0,0]-[16,256,8388608,0,1024]
[0,0,0,0,0,0,0,268435456,0,0,4096,0,0,0,0,0]-[256,294912,8454144,128,32768]
[0,0,68157440,0,0,0,0,8388608,0,0,0,0,0,0,0,0]-[2147483648,0,0,65600,524288]
[0,0,0,0,0,0,0,0,1,0,0,32,0,0,0,0]-[131072,0,0,8192,34]
[0,0,71303168,0,0,0,0,0,1048576,0,4096,0,262144,0,0,0]-[2097152,0,33554432,4195328,0]
[0,0,0,0,0,0,0,0,0,0,4096,1073741824,0,128,0,0]-[0,0,0,268501508,0]
[0,0,2,0,0,0,64,0,0,0,0,0,0,128,0,0]-[4,1,536870912,0,32]
[0,0,0,0,0,0,0,0,16384,0,4096,0,0,0,0,0]-[0,2147614720,4160,2560,16512]
[0,256,0,0,0,0,0,0,0,0,8,0,0,0,0,0]-[0,0,4227200,0,512]
[0,0,0,0,0,64,4194304,0,1048576,0,0,128,0,128,0,0]-[0,0,8388640,536870912,64]
[0,0,0,0,0,0,0,0,1048576,0,0,0,0,128,33554432,0]-[166037,1610875168,1619525792,469762130,525312]
[0,0,67108864,0,0,0,0,0,134217728,512,0,0,0,0,0,0]-[65536,536870912,2097152,16,542721]
[0,0,0,0,0,0,0,0,1048576,0,4096,0,1048576,2,0,0]-[0,4194304,8388672,128,0]
[1048704,0,0,0,0,0,0,0,134217728,0,0,0,0,0,0,0]-[512,0,8,16777232,0]
[0,0,0,0,0,0,0,2048,0,0,0,0,32,0,0,0]-[67108928,0,0,4194304,8192]
[0,4096,0,0,0,0,0,0,0,0,0,0,16777216,0,0,0]-[1048576,134217728,536870912,524288,0]
[0,0,0,0,0,0,0,16,0,0,4096,512,0,0,0,0]-[16384,16,0,16384,4096]
[0,0,67108864,0,0,256,4,0,0,0,0,0,0,0,0,0]-[2621440,0,0,128,524288]
[0,0,67108868,0,0,0,0,0,0,0,0,0,0,128,0,0]-[2129920,2144,0,134217728,524288]
[0,0,0,0,0,8192,0,0,134217744,0,4096,0,0,128,0,0]-[268452352,64,0,0,0]
[0,0,0,0,0,0,0,16,0,0,2,0,0,128,0,0]-[0,1048576,0,4160,32]
[0,0,0,0,0,0,0,16,0,0,0,0,0,0,0,32768]-[524288,1050624,64,0,0]
[16777216,0,0,0,0,0,0,0,134217728,0,0,0,0,0,0,0]-[0,2,0,268435456,16640]
[0,0,524288,0,0,0,0,0,0,0,0,0,0,128,0,0]-[302295705,693459202,539108008,1074006080,3252416]
[0,0,0,0,512,0,0,0,1048576,0,0,0,0,0,0,0]-[1,0,16777344,2147517088,16]
[0,128,67108864,0,0,0,0,0,0,0,0,0,134217728,128,0,0]-[33554440,0,0,262208,0]
[128,32768,67108864,0,0,0,0,0,1048576,0,0,0,0,0,0,0]-[33554432,0,33554440,16,0]
[0,0,0,0,262144,0,0,0,0,0,0,33554432,0,0,0,0]-[262144,0,2147483648,67108864,4096]
[64,0,67108864,0,0,0,0,0,0,0,0,32,1048576,0,0,0]-[64,16793600,0,0,2097152]
[0,0,0,0,67108864,0,0,0,0,33554432,0,0,1048576,0,0,0]-[262144,16384,65537,0,0]
[0,0,32768,0,0,0,0,1073741824,0,0,0,0,0,0,0,0]-[268435712,2621440,0,0,0]
[0,0,0,0,0,0,0,2,0,0,0,0,1048576,128,0,0]-[129,83886080,0,0,0]
[0,0,67108864,0,0,0,16384,0,1048576,0,0,0,262144,0,0,0]-[0,0,33554432,2097408,256]
[0,0,67108864,0,0,0,0,16777216,0,0,0,0,0,0,33554432,0]-[33554432,16384,8,4,0]
[0,0,0,0,0,64,0,0,0,0,0,16,0,0,0,0]-[0,0,3072,8388608,4]
[0,0,0,0,0,0,0,0,0,8192,4096,0,0,128,0,0]-[4096,0,4096,1024,4096]
[0,0,67108864,0,0,0,0,131072,0,0,0,0,0,0,0,0]-[8390694,604045332,1174962692,2164260880,754836]
[1048576,0,67108864,0,0,0,0,0,0,0,0,0,0,128,0,0]-[2,17039360,532480,64,196608]
[0,0,0,0,1048576,0,64,0,0,0,4096,0,0,0,0,0]-[2097152,8,128,256,0]
[128,0,0,0,0,0,0,0,0,0,0,0,4194304,0,0,0]-[679741440,0,2147615760,16777224,32]
[0,0,67108864,0,0,0,0,0,0,0,4098,0,0,0,0,0]-[65536,67117056,0,1284,2097280]
[0,0,2,0,0,0,0,0,0,0,4096,0,1048576,0,0,0]-[8388608,0,0,65536,2097184]
[128,0,67108864,0,0,0,0,0,0,0,0,0,0,0,8,0]-[67108864,262144,0,2147549248,0]
[0,0,0,0,33554432,0,0,0,0,256,4096,8388608,1048576,0,0,0]-[0,16777224,0,67108864,32768]
[1048576,0,0,0,0,0,0,0,0,0,4096,0,0,64,0,0]-[0,40960,0,301989888,0]
[0,0,0,0,0,0,0,0,0,0,1,0,16777216,0,0,0]-[0,131072,33554433,0,4]
[0,0,0,0,0,67110912,0,0,0,0,0,0,1048576,0,0,0]-[536870912,2,4096,33554432,0]
[0,0,67108864,0,0,0,0,0,0,0,0,0,262144,134217728,0,0]-[0,33554432,4112,64,0]
[0,0,67108864,0,0,0,0,0,0,0,0,32,1048576,0,268435456,0]-[32769,0,0,33554432,2]
[0,0,67108864,0,0,0,8192,0,0,0,0,0,0,128,0,0]-[35686475,889588065,2151194660,136647420,2785344]
[0,0,67108864,262144,0,0,0,0,0,0,0,0,256,0,0,0]-[0,16777216,16,524288,4]
[0,1,0,0,0,0,64,0,0,0,0,0,0,0,0,0]-[49152,64,67108864,32768,4096]
[0,0,0,0,0,256,0,0,0,0,0,0,0,0,1,0]-[256,4224,2097152,262148,1024]
[0,0,67108864,0,0,0,0,0,0,0,0,0,0,128,1,0]-[33554432,131072,0,4096,64]
[0,0,0,0,0,256,8192,0,0,0,0,0,0,0,0,0]-[3292209416,8436192,1493438572,872610176,819329]
[0,0,0,0,0,320,0,0,0,0,0,32,0,0,0,0]-[2415919104,512,0,2147483648,0]
[0,0,0,0,0,0,0,0,0,0,0,32,0,33554432,0,0]-[131081,0,0,524288,0]
[0,0,524288,0,0,0,64,16,0,0,0,0,0,128,0,0]-[1310720,536870912,128,0,0]
[0,32,0,0,0,0,0,0,0,0,0,0,1048584,0,0,0]-[0,41943040,0,0,136]
[0,0,0,0,0,0,0,0,134217728,4096,0,0,0,0,0,0]-[512,201326592,2,16416,525376]
[0,0,0,0,0,256,0,0,68157440,0,0,0,0,0,0,0]-[262144,256,1,0,1]
[0,128,0,0,0,0,0,8,1048576,0,0,0,0,0,0,0]-[0,16384,2048,2684354560,0]
[2048,0,128,0,0,1,0,0,2048,0,0,0,0,0,0,0]-[524544,0,0,32,16]
[0,16777216,0,0,0,0,0,8,0,0,0,0,0,128,0,0]-[1,1048576,1048576,268435456,0]
[0,0,67108864,536870912,0,0,0,0,0,0,0,0,0,0,0,0]-[2369785857,2686487052,1142438688,20787653,2116934]
[0,0,0,0,0,0,0,0,4194304,0,4096,0,1310720,0,0,0]-[268435456,16777216,0,67108864,2]
[0,0,0,0,0,8192,0,0,0,0,0,0,8192,128,0,0]-[0,393216,0,512,8192]
[0,0,0,33554432,0,0,8192,0,0,0,4096,0,0,0,0,0]-[64,33816576,0,0,4096]
[0,0,0,0,32768,0,0,8,0,0,131072,0,0,0,0,0]-[8192,0,2048,268435472,0]
[0,0,0,0,0,0,0,0,0,0,0,0,0,0,2056,0]-[512,134217728,0,16384,2097152]
[2147483648,0,0,0,0,0,0,80,0,0,4096,0,0,0,0,0]-[0,67108872,64,0,16384]
[0,0,0,262144,0,0,0,0,0,0,0,0,1048576,0,0,0]-[1073741824,16512,245432354,1099431936,1048612]
[0,0,1024,0,0,0,0,0,0,0,0,33554432,0,0,0,0]-[0,0,67108864,83886080,262144]
[0,0,0,0,0,0,0,536870912,0,0,0,0,536870912,0,0,0]-[4096,2147483648,0,2115585,0]
[0,0,67108864,0,0,256,0,0,0,2048,0,0,0,0,0,0]-[1,0,0,73728,524288]
[256,0,0,0,0,0,0,0,0,0,0,0,0,536870912,0,0]-[2,0,128,0,16388]
[0,0,0,1048576,0,256,0,16,0,0,0,0,0,0,0,0]-[16,268435968,136318976,67110912,0]
[128,0,67108864,0,1073741824,0,0,0,1048576,0,0,0,0,0,0,0]-[0,0,0,34603008,524352]
[0,0,0,0,0,0,8,0,134217728,268435456,0,0,0,0,0,0]-[134225924,0,0,1024,0]
[0,0,0,0,0,536870912,0,0,1048576,0,0,0,1048577,0,0,0]-[1,1048576,0,272,0]
[0,0,67108864,0,0,0,0,0,1048576,268435456,0,0,0,0,0,0]-[4,4456452,33554456,2147483794,0]
[0,0,67108864,0,0,4,0,16,0,0,0,0,1048576,128,0,0]-[0,67108896,0,4096,1048576]
[0,0,0,0,0,256,0,0,0,16384,0,0,0,0,0,0]-[68157456,268443648,1074003969,4096,131328]
[0,0,1024,0,0,0,0,0,1048576,2097152,0,0,0,0,0,0]-[0,8388608,0,33554448,4]
[0,0,0,0,0,0,0,0,0,0,0,134217728,16384,0,0,0]-[8,128,537919488,0,0]
[0,128,0,0,0,0,0,134217728,1048576,0,0,0,0,0,0,0]-[131072,0,33554432,33280,0]
[0,0,131072,0,0,0,8,16,1048576,0,0,0,0,0,0,0]-[32768,16,553648128,0,0]
[0,0,0,0,0,0,0,0,0,1,0,0,0,0,0,32768]-[0,0,134217728,2105344,32]
[0,0,0,0,0,0,0,0,0,0,536870912,32,1048576,0,2,0]-[0,6144,8192,131072,0]
[0,0,67108864,0,0,0,0,0,0,16384,0,0,0,128,0,0]-[33554504,352583936,1605632,4096,2130048]
[0,0,0,0,0,0,268435456,0,0,268435456,0,0,0,0,0,0]-[0,393216,4096,536870912,0]
[0,0,0,0,0,0,8,0,1048576,0,0,0,0,0,0,0]-[33554432,268436132,12583041,1049600,1056772]
[0,0,0,0,0,8192,0,512,0,0,0,0,0,0,0,0]-[8320,0,0,0,516]
[128,0,0,0,0,0,0,16,134217728,0,0,0,0,128,0,0]-[64,65536,8388608,32,0]
[0,0,0,0,67108864,0,0,0,0,0,0,0,1048576,0,536870912,0]-[128,0,0,4194320,8]
[0,0,0,0,0,0,0,0,0,0,0,0,0,128,2097152,0]-[0,128,8,16777217,0]
[0,0,0,0,0,0,0,0,16777216,0,0,262144,0,0,0,0]-[67240000,0,0,0,262144]
[0,0,0,32,0,0,0,0,1048576,0,67108864,0,0,128,0,0]-[131088,0,524288,536870912,0]
[0,0,0,0,67108864,0,0,0,0,0,4096,0,0,0,0,0]-[1277520704,4156990589,311513843,308761484,2637964]
[256,0,0,0,0,0,0,0,0,0,64,0,0,0,0,0]-[1048576,67108880,0,0,4]
[0,0,67108864,0,0,0,0,0,0,0,4096,0,0,0,0,1]-[4096,262144,0,69632,0]
[0,0,0,0,0,0,0,16,0,0,0,0,0,0,2,0]-[64,0,64,64,8192]
[0,0,67108864,0,0,0,0,0,0,2097152,0,0,8192,0,0,0]-[0,262208,4194304,2,0]
[0,0,65536,0,0,0,0,0,0,0,0,0,0,128,0,0]-[268435968,268435456,0,0,2097152]
[0,0,0,0,0,0,0,0,32768,0,512,0,0,0,0,0]-[0,0,0,536871168,3]
[0,1,1024,0,0,0,0,0,0,0,0,0,0,0,0,0]-[8388608,525314,2147483648,0,0]
[0,0,0,0,2097152,0,0,0,0,0,0,0,1048577,0,0,0]-[1,0,134283264,16,0]
[0,0,0,0,0,0,0,16,32768,0,0,0,262144,0,0,0]-[0,524288,2147485696,0,32]
[0,0,67108864,0,0,0,0,65536,0,0,0,0,0,0,0,0]-[2191560813,2751611704,2450545928,52463345,2131974]
[0,0,0,32,0,0,8192,0,0,0,0,0,0,0,0,0]-[36700160,532480,17563648,8,2056]
[2048,0,0,0,0,0,0,0,0,0,0,0,0,0,33554432,0]-[512,2,2147483648,16384,0]
[0,67108864,67108864,0,0,0,0,0,1048576,0,0,0,0,0,0,0]-[2183135232,0,4718624,1048576,1]
[0,0,0,0,0,0,0,0,135266320,0,0,0,0,128,0,0]-[16400,0,0,4096,524288]
[0,0,0,0,0,524288,0,0,0,0,4096,0,1048576,0,0,0]-[4096,1,33554432,0,8]
[256,0,0,0,0,0,1048576,16,0,0,0,0,0,0,0,0]-[64,0,0,16512,262144]
[0,0,67108864,0,0,1,0,0,1048576,0,0,0,0,0,0,0]-[4,536870928,1073750024,256,128]
[0,32768,67108864,0,0,0,0,0,0,0,0,0,0,0,33554432,0]-[0,32,4,4194368,0]
[8,0,0,0,0,0,0,0,0,0,0,0,0,128,0,0]-[16941081,813696001,1224876032,1342570500,32768]
[0,0,524288,0,0,256,0,0,2048,0,0,0,0,0,0,0]-[268500992,0,2097152,2048,0]
[0,0,67108864,0,0,256,0,0,1048576,0,0,4,0,0,0,0]-[65536,268436224,0,0,0]
[0,0,0,2147483648,0,0,0,0,0,0,0,0,262144,0,0,0]-[16384,0,2,0,1026]
[0,0,67108864,0,0,0,8388608,0,0,0,0,0,1048576,0,0,0]-[16777216,0,0,2162688,1048576]
[0,0,0,0,0,0,0,0,0,1073741824,0,0,0,128,0,0]-[0,16777216,2,65536,4]
[0,0,67108864,0,0,134217792,0,0,0,0,0,0,1048576,0,0,0]-[8388608,0,0,134221824,16384]
[0,0,1,0,0,0,0,0,0,0,0,0,0,0,0,256]-[0,0,1107296256,134234112,0]
[0,0,0,0,0,0,0,0,0,0,4096,524288,0,0,0,0]-[16846848,2231631873,1082146816,100927496,69634]
[0,0,67108864,8388608,0,0,0,0,0,0,0,8388608,8,128,0,0]-[67108864,33554436,65536,0,0]
[0,0,0,0,0,8192,0,0,0,0,0,0,1114112,0,0,0]-[4259840,0,68,1074003968,0]
[0,0,67108864,0,0,256,0,0,0,4194304,0,0,0,0,0,0]-[524288,0,4195328,1,0]
[0,0,0,0,0,0,0,0,1048576,16777216,536870912,0,0,0,0,0]-[33554432,0,0,268959744,64]
[0,0,0,0,0,0,0,0,0,256,0,0,0,0,128,0]-[32,524288,0,32768,32]
[0,0,67108864,0,0,0,0,256,0,1073741824,0,0,0,0,0,0]-[0,16,0,327681,0]
[0,0,67108864,0,134217728,0,0,0,0,0,0,0,1048576,0,0,0]-[0,67108864,0,2151682580,128]
[0,0,67108864,0,0,0,0,0,0,0,0,0,1,0,0,2048]-[0,4096,67108864,16778240,0]
[0,128,0,0,0,0,0,0,268435456,0,0,0,0,0,0,0]-[0,512,2359296,1073741824,0]
[512,0,0,0,2,0,0,0,0,0,0,0,0,0,0,0]-[0,161,4096,0,0]
[0,0,67108864,0,0,0,0,0,0,0,0,1024,0,0,256,0]-[0,2147483680,0,544,0]
[128,0,0,0,67108864,256,8192,0,0,0,0,0,0,0,0,0]-[0,0,16781348,0,0]
[0,0,67108864,0,0,4,0,0,1048576,0,0,0,262144,0,0,0]-[0,16384,0,1280,256]
[0,0,0,0,0,0,8192,268435456,0,0,33554432,0,1048576,0,0,0]-[0,128,67108864,2080,0]
[0,128,0,0,0,0,0,0,0,0,0,128,0,0,0,0]-[8,0,65536,1073742336,0]
[8388608,0,0,0,0,256,0,0,0,0,0,131072,0,0,0,0]-[67108864,33554432,8650752,0,0]
[0,0,0,0,0,0,0,0,16777216,0,8,0,0,0,0,0]-[545849600,32769,327680,1073741824,576]
[0,0,0,0,0,0,0,16,0,0,0,0,9437184,0,0,0]-[268455937,4608,0,18874368,0]
[0,0,0,0,67108864,0,0,0,134217728,8,0,0,0,128,0,0]-[2048,0,1075838978,0,0]
[128,0,0,0,0,0,0,0,0,33554432,0,0,0,128,0,0]-[0,263168,131072,2,0]
[0,0,0,0,0,0,0,0,17825792,0,0,32,0,128,0,0]-[16384,32,128,0,524288]
[0,0,0,0,65536,0,0,0,134217728,0,0,0,1310720,0,0,0]-[16384,67108866,0,0,1024]
[2097152,0,67108864,0,0,0,0,0,0,0,0,0,1048576,0,0,0]-[134217728,0,1140850704,33554433,65600]
[0,0,0,0,0,0,0,0,0,1024,4096,0,0,0,0,0]-[8667136,541065481,268451856,399360,81954]
[0,0,0,0,0,0,0,268435472,134217728,0,0,0,0,0,0,0]-[64,8388608,0,16,2048]
[128,0,0,0,0,0,0,0,0,2097152,0,0,0,16777216,0,0]-[0,1024,0,1048704,32]
[0,0,0,0,0,0,0,0,0,0,67108864,0,0,0,524288,0]-[16384,0,131208,0,0]
[0,0,67108864,0,0,0,0,0,0,0,8,0,1048576,0,0,0]-[134250497,2147533832,4259844,4194304,64]
[0,0,67108864,0,0,0,0,0,135266304,0,0,0,0,128,536870912,0]-[0,256,0,16,1152]
[0,0,67108864,0,0,0,0,268435456,0,0,0,8,0,0,0,0]-[2097152,2147483648,0,16,2048]
[0,1024,0,0,0,0,0,0,0,0,4096,0,0,0,0,0]-[266240,4464640,33554497,0,2101288]
[0,0,1140850688,0,0,0,0,0,0,0,0,0,0,131072,0,0]-[0,2097152,0,2097664,128]
[0,0,0,0,0,256,65536,0,1048576,0,0,0,0,128,0,0]-[16,8388608,0,4096,131072]
[0,0,0,0,16384,0,0,0,0,2097152,0,0,0,0,0,0]-[0,8,1024,536870912,65536]
[0,0,0,0,67108864,0,0,16777216,0,0,0,0,0,0,0,0]-[67108864,131088,65537,128,0]
[0,0,0,131072,16777216,64,0,0,0,0,0,0,0,0,0,0]-[41943040,167772160,0,0,0]
[0,0,0,0,8,0,0,0,0,0,0,0,0,1,0,0]-[2097232,0,0,0,2]
[0,0,0,0,0,0,0,0,1048576,33554432,4096,0,0,0,0,0]-[256,33554720,0,0,0]
[0,8388864,67108864,0,0,0,0,0,0,0,0,0,0,0,0,0]-[167837696,262144,0,0,0]
[0,0,0,0,0,128,0,0,134217728,0,0,0,0,0,0,0]-[2449474048,67108873,807403520,1073742080,24577]
[0,0,0,0,0,0,0,0,0,2147483648,0,0,0,160,0,0]-[128,2048,131073,0,0]
[128,0,0,0,0,0,536870912,0,0,0,0,0,0,0,0,0]-[9437184,0,2,0,32768]
[0,0,0,0,0,0,0,0,32768,0,0,0,0,536870912,0,0]-[0,2048,67108864,3221225472,0]
[128,0,0,0,524288,0,0,0,0,0,0,0,1048576,0,0,0]-[8388736,67108864,0,0,2097152]
[0,0,0,0,131072,0,0,0,2,0,0,0,0,0,0,0]-[65536,524288,268435456,0,64]
[0,0,67108864,0,0,64,0,0,8388608,0,0,0,0,0,0,0]-[66,2147483648,8200,2147483713,192]
[0,0,67108864,0,0,0,0,0,0,0,4096,0,0,0,8388608,0]-[65536,536870912,512,128,0]
[0,0,0,0,0,0,1,0,1048576,0,0,0,0,0,67108864,0]-[262144,0,16777344,33554432,0]
[0,0,0,0,8,8192,0,0,0,0,0,0,0,0,0,0]-[538968098,1073741824,8390160,25182208,32]
[128,0,67633152,0,0,0,0,0,0,0,4096,0,0,0,0,0]-[0,536870929,0,262144,0]
[128,0,67108864,0,0,8192,0,0,0,0,0,0,0,0,0,0]-[239140864,268473392,67669000,18194643,131334]
[0,0,0,0,0,0,0,0,0,0,0,0,0,16512,0,0]-[148619,538050560,545529984,1140850864,262144]
[0,0,67108864,0,0,0,8192,0,0,0,0,0,0,144,0,0]-[0,0,4,4160,1048576]
[0,0,0,0,0,0,0,0,0,0,0,0,64,0,33562624,0]-[512,2,0,8388608,2]
[2097152,0,0,0,0,0,0,0,0,0,0,0,16,0,0,0]-[16384,0,1140850688,268435456,0]
[0,0,67109888,0,0,0,0,0,256,0,0,0,0,0,0,0]-[64,2097152,33559552,33554432,1088]
[0,0,0,0,0,0,0,8,8,0,0,0,0,0,0,0]-[20992,0,0,0,262720]
[0,0,0,524288,0,256,0,0,0,0,0,0,0,0,0,0]-[1024,0,268435456,6144,0]
[0,0,0,0,0,0,8192,0,0,0,0,2048,0,0,0,0]-[1073741824,8,2097152,0,262144]
[0,0,0,16384,0,0,0,0,0,0,0,262144,0,0,0,0]-[0,0,524288,2048,1064960]
[0,0,0,0,0,0,0,1024,0,0,0,0,0,0,16,0]-[16,0,256,16777216,64]
[0,0,67108864,0,0,0,8192,0,0,16,0,0,0,0,0,0]-[0,512,36702208,512,2097152]
[0,0,67108864,0,0,0,0,0,0,0,1073741824,0,0,128,0,0]-[4,65600,0,32,0]
[0,0,0,0,0,0,64,4096,0,0,0,0,0,0,0,0]-[8448,0,0,0,524289]
[0,0,0,0,0,0,8256,16,0,0,0,0,0,0,0,0]-[2048,2,0,163840,0]
[0,0,0,0,0,0,0,16,0,0,0,0,5242880,128,0,0]-[0,8388640,0,0,2097280]
[0,0,0,0,0,0,0,8,1048576,0,0,0,0,0,33554432,0]-[1,0,0,268435458,16]
[131200,0,16777216,0,0,0,0,0,0,0,0,0,256,128,0,0]-[0,2048,0,1073741832,32]
[0,0,0,0,0,0,0,0,0,0,0,0,1048576,128,8192,0]-[2,0,0,0,262240]
[0,0,67108864,524288,0,0,0,0,0,0,0,0,0,128,0,0]-[0,537133056,2148016128,2162750,0]
[0,0,67108864,0,0,0,0,0,0,0,0,0,0,0,65536,0]-[92373032,349193,67584,134222100,4]
[0,0,0,0,0,512,8192,0,0,0,0,0,1048576,0,0,0]-[2,268435456,4194304,131072,0]
[0,0,0,0,0,256,0,0,0,0,1073741824,0,0,0,0,0]-[0,68157440,268435460,174080,0]
[0,131072,0,0,0,0,0,0,134217728,0,0,0,0,0,0,0]-[512,135266304,4,0,0]
[0,0,0,0,128,0,8192,0,0,0,4096,0,1048576,128,0,0]-[0,16777217,0,67112960,0]
[0,0,0,0,0,0,0,0,1048576,8388608,0,0,0,0,0,0]-[327680,8470672,17039368,2147483648,524292]
[0,0,0,0,0,0,8192,67108880,0,0,0,0,0,0,0,0]-[0,0,16781312,256,32]
[0,0,67108864,0,0,0,0,0,0,0,0,32,0,0,536870912,0]-[8388608,268435456,0,134217728,16]
[0,0,0,0,0,0,0,0,1048576,128,0,0,0,0,0,0]-[16512,1073742336,8272,1052673,8320]
[0,0,0,0,1,0,0,0,1,0,0,0,0,0,0,0]-[0,8192,1048576,131072,2]
[136,128,67108864,0,0,0,0,8,0,0,0,0,0,0,0,0]-[8388640,32,67108864,0,0]
[0,0,0,0,0,0,16384,0,1048576,0,0,0,0,0,0,0]-[33554448,268517520,0,69206530,400]
[0,0,0,0,0,0,0,0,0,0,4096,0,1048576,524288,0,0]-[4096,0,16,131076,0]
[0,0,67108864,0,67108864,0,0,0,17825792,0,0,0,0,0,0,0]-[1,544,0,2147483649,524672]
[0,0,0,0,67108864,0,0,0,16777216,0,0,0,0,65536,0,0]-[0,0,12292,536870912,0]
[0,0,0,0,0,0,0,0,524288,0,0,0,1048576,0,33554432,0]-[128,512,2097152,1048576,0]
[4,0,0,0,0,0,0,0,0,0,0,0,0,128,0,0]-[35668032,83886080,2097315,1409286144,655424]
[0,0,0,0,67108864,134217728,0,0,0,0,0,0,1048576,0,0,0]-[1073807360,0,0,262144,512]
[0,0,524288,0,0,0,0,8,0,0,0,0,0,0,0,0]-[274432,153108480,557064,302252160,0]
[0,0,0,65536,0,0,0,0,0,0,0,33554432,0,128,0,0]-[268435520,0,2097152,64,0]
[0,0,0,0,0,0,64,0,0,0,0,0,0,268435456,0,0]-[32,262144,536870912,0,65536]
[0,0,67108864,0,0,256,0,0,0,0,4096,0,0,128,0,0]-[2097217,16778336,16384,69764,32896]
[0,0,67108864,0,0,0,0,0,0,1073741824,0,8388608,0,0,0,0]-[0,16809984,1024,0,1]
[128,0,0,0,0,0,0,1,0,0,4096,0,0,0,0,0]-[64,256,0,16384,4096]
[0,0,67108864,0,67108864,0,268435456,0,0,0,0,0,0,0,0,0]-[4194304,16384,67584,0,0]
[0,0,0,0,0,64,8192,0,0,0,0,0,0,0,16,0]-[262144,134217728,32769,0,0]
[0,0,0,0,0,0,0,16,134217728,0,0,0,0,67108864,0,0]-[16384,134283264,2097152,0,0]
[0,524288,16777216,0,0,0,0,0,0,0,0,0,0,0,0,0]-[0,536875008,0,0,14336]
[0,0,0,0,0,1048576,0,0,0,0,4096,0,0,0,268435456,0]-[2,134217728,2,8388608,0]
[0,128,0,0,0,0,0,2097152,0,0,0,0,0,0,0,0]-[8388608,131072,8388608,0,256]
[0,0,0,0,67108864,0,0,268435472,0,0,0,0,256,0,0,0]-[0,0,16777728,128,2097152]
[0,0,0,0,0,0,0,256,0,0,0,0,2,0,0,0]-[16777266,0,0,0,0]
[0,32768,0,0,67108864,0,0,0,0,0,0,0,0,0,0,0]-[4,0,1088,33554432,0]
[0,0,0,16384,0,0,0,0,0,4,0,0,0,0,0,0]-[18,0,4096,0,131072]
[0,0,8,0,0,0,0,0,0,0,0,0,0,16,0,0]-[8388608,0,0,64,4112]
[0,0,0,0,0,16777216,0,0,1048576,0,0,0,68157440,0,0,0]-[256,0,2048,536870912,131072]
[0,0,67108864,0,0,0,0,0,0,0,0,512,0,128,0,0]-[72,393216,3221225504,12,131200]
[0,1048576,0,0,0,0,0,16,0,0,0,0,0,0,0,0]-[524288,142606336,17858560,268435456,262144]
[0,0,0,0,0,256,0,0,0,0,0,0,0,2147483776,0,0]-[1049088,1024,0,2101252,0]
[0,0,0,0,0,0,0,0,4194304,65536,0,0,1048576,0,0,0]-[0,2147483648,1048576,268435457,0]
[128,0,0,0,0,32,0,0,0,0,0,0,0,0,0,0]-[262144,2048,16384,16777216,0]
[0,0,0,0,0,0,0,0,0,0,2048,0,0,0,33554432,0]-[0,4194304,536870912,278528,0]
[0,0,0,0,0,0,0,0,1048576,0,0,256,262144,0,0,0]-[16640,0,0,32,131072]
[0,0,67108864,0,0,16384,0,0,0,0,262144,0,0,0,0,0]-[0,2147483648,0,1025,65536]
[0,0,0,0,0,0,0,0,16,0,4096,0,1048576,0,0,0]-[8392704,67108864,16,104873984,0]
[0,8388608,0,0,0,0,64,0,0,0,0,0,0,0,0,0]-[0,1319424,0,16778752,32]
[0,0,67108864,0,67108864,0,0,0,0,268435456,0,0,0,0,33554432,0]-[0,2048,1073741824,4456448,0]
[0,0,0,0,0,0,0,0,0,0,0,1073741824,1,0,0,0]-[4194304,0,0,268435972,0]
[0,0,0,2097152,0,0,0,16,0,0,0,0,0,0,0,0]-[0,32,2147485698,16384,17]
[0,0,0,0,0,8192,0,0,0,0,0,16,0,0,0,0]-[0,0,0,1048578,1536]
[536870912,0,67108864,0,0,16384,0,0,0,0,4096,0,0,0,0,0]-[64,2147483648,33554432,0,65536]
[0,0,67108864,0,0,0,0,0,1048576,0,0,2,0,0,536870912,0]-[0,301989888,0,40960,0]
[0,0,67108864,0,0,0,0,0,16777216,0,4096,0,0,0,33554432,0]-[524288,0,0,36872,0]
[128,0,0,0,536870912,0,0,0,0,0,4096,0,0,0,0,0]-[1,33685504,0,67108864,0]
[0,0,67108864,0,67108864,0,0,0,0,16777216,0,0,0,0,0,0]-[0,268435472,32,0,2097152]
[0,0,0,0,1024,0,0,0,0,0,0,0,0,2,0,0]-[1024,34,65536,0,0]
[0,0,0,0,67108864,0,0,16,0,0,0,0,0,4,0,0]-[8192,262144,1073741824,8192,0]
[0,0,0,0,0,8192,0,0,2,0,0,0,1048576,0,0,0]-[16777218,0,136314880,0,0]
[0,0,67108864,0,0,0,0,16,0,0,0,0,0,0,0,0]-[2414467199,3220176765,3543924598,2407382527,4189687]
[0,0,0,0,0,0,0,0,0,0,0,0,262144,0,32,0]-[0,16785410,0,0,65536]
[0,0,0,0,262144,0,0,0,262144,0,0,0,0,0,0,0]-[1024,16384,16801810,8192,0]
[0,0,67108864,0,0,0,0,16,1048576,0,0,0,1048576,0,0,64]-[0,65572,0,2147483648,0]
[0,0,524288,0,0,0,0,0,135266304,0,0,0,0,0,0,0]-[0,262144,536870912,256,256]
[0,0,67108864,0,0,0,0,16,536870912,0,4096,0,0,0,0,0]-[64,16,4096,256,0]
[128,0,0,0,0,0,0,0,0,134217728,0,0,0,0,0,0]-[16777216,0,16777728,0,65536]
[0,0,4096,0,0,0,0,524288,0,0,0,0,0,0,0,0]-[128,8448,1073741824,0,0]
[0,256,67108864,0,0,0,0,16,1074790400,0,0,0,0,0,0,0]-[0,0,0,4225,1048576]
[0,64,0,0,0,0,0,0,0,0,0,0,1048576,0,0,0]-[9568256,32768,33558528,516,0]
[0,0,0,0,0,0,1073741824,0,536870912,0,0,0,1048576,0,0,0]-[2,2,262144,512,0]
[0,4,0,0,2048,0,0,0,0,0,0,0,0,0,0,0]-[0,1049088,131072,16777216,0]
[1048576,0,67108864,0,0,0,0,0,135266304,0,0,0,0,0,0,0]-[65536,0,24,0,128]
[268435456,0,67108864,0,0,0,0,16,1048576,0,0,0,0,0,0,0]-[0,16,0,2097153,1048576]
[0,0,0,0,0,0,0,0,0,0,0,0,0,536870912,0,512]-[1048576,0,1024,0,524292]
[0,0,67108864,0,0,0,0,0,0,0,0,0,4096,0,33554432,0]-[0,0,3221225472,262144,2]
[0,262272,0,0,0,256,0,0,0,0,0,0,0,0,0,0]-[268435456,0,268435456,2048,8192]
[0,0,0,0,0,8192,0,0,0,0,0,0,1048576,2,0,0]-[2151677952,0,536870912,8388608,0]
[0,0,0,0,0,256,0,0,0,4096,0,0,1048576,128,0,0]-[0,0,0,4,9280]
[0,0,0,0,0,67108864,0,0,0,0,4096,0,0,0,0,0]-[16781312,2147483648,16384,268437504,2129952]
[0,0,0,67108864,0,0,0,0,0,0,4096,0,0,128,0,0]-[0,33,8388608,0,2097280]
[0,0,0,0,0,0,0,16,134217728,0,4096,0,537919488,0,0,0]-[0,67108864,0,16640,128]
[0,0,67108864,0,0,0,0,0,0,0,4096,1179648,1048576,0,0,0]-[2097152,32768,16,0,128]
[0,0,67108864,0,0,0,8192,0,135266304,0,0,0,0,0,0,0]-[98304,805306368,10240,5296,0]
[0,0,0,0,0,0,0,0,0,0,0,0,8388608,0,262144,0]-[0,0,2097216,0,131104]
[0,0,0,0,0,0,0,32,16777216,0,0,0,0,0,0,0]-[8192,0,2,32768,128]
[0,0,67108864,128,0,0,0,0,0,0,0,0,0,128,0,0]-[64,131168,32800,0,131072]
[0,0,0,128,0,256,0,0,0,0,0,0,0,0,0,0]-[268435456,8393856,196608,16916480,262145]
[0,0,67108864,0,0,0,0,16,32,0,0,0,0,0,0,0]-[0,0,2097152,64,17]
[0,0,67108864,0,0,0,2097152,0,0,0,0,0,1048576,128,0,0]-[0,0,1074790400,262272,0]
[0,0,0,64,0,0,0,0,0,0,0,0,1048576,0,0,0]-[128,49152,4096,0,0]
[0,0,67108864,0,0,0,0,268435456,0,0,4096,0,1048576,0,0,0]-[4097,8,0,0,65536]
[0,0,67108864,0,0,0,0,0,8,0,0,0,1048576,128,0,0]-[0,0,2097152,24,64]
[0,0,67108864,0,33554432,131072,0,0,0,0,0,0,0,0,0,0]-[0,0,1048576,262145,64]
[0,0,0,0,0,0,0,0,0,16777216,0,0,64,0,0,0]-[0,0,0,135200,262144]
[0,0,67108864,0,0,4096,0,16,0,0,0,0,0,0,0,0]-[8388608,16777216,1024,4194304,0]
[0,0,0,0,0,0,0,1073741824,1048576,0,0,0,0,0,0,0]-[2154168585,844170128,55052433,1880762385,1065110]
[0,0,0,0,0,0,0,0,2,0,0,0,0,0,4096,0]-[65600,130,2162688,524416,0]
[0,0,67108864,0,0,0,0,0,1048576,0,0,0,1048576,128,33554432,0]-[2097156,268500992,1073750016,4704,192]
[0,0,0,512,1,0,0,0,1073741824,0,0,0,0,0,0,0]-[4096,0,0,1075838976,524288]
[0,0,0,0,0,0,73728,0,0,0,0,0,0,0,0,0]-[67239936,128,4,268435776,1048576]
[0,0,0,0,0,128,0,0,135266304,0,0,0,0,128,0,0]-[16384,65536,1610612736,0,0]
[0,0,0,0,0,0,65536,0,1048576,64,0,0,0,0,0,0]-[16,0,0,536870912,131073]
[0,0,0,0,0,0,1048576,0,0,0,0,0,0,128,0,4096]-[1048576,65600,0,16,0]
[0,0,67108864,0,0,0,0,0,1048576,0,135168,0,0,0,0,0]-[16842752,536871188,0,512,0]
[0,0,0,0,0,536870912,0,16,0,268435456,0,0,0,0,0,0]-[1024,2,0,4194304,8]
[0,0,0,0,0,64,16,0,0,0,0,0,0,0,0,0]-[0,134217730,16385,0,0]
[0,0,0,8192,0,0,0,0,0,0,72,0,0,0,0,0]-[134217728,0,4325504,0,0]
[0,0,67108864,0,0,0,0,0,1024,0,0,1,0,0,0,0]-[0,16384,16384,0,1025]
[0,0,0,0,0,0,0,0,1048576,131072,0,0,0,268435456,0,0]-[0,0,33554432,536870912,1088]
[0,0,0,0,16384,0,2097152,0,0,0,0,0,0,0,0,0]-[524288,1073742336,0,0,1]
[0,0,65536,0,0,0,0,134217728,0,0,0,0,0,0,0,0]-[4194304,32,2048,0,4096]
[0,0,67108864,0,0,0,0,0,0,1,0,0,0,0,0,0]-[2623530,2147973404,592652,35758217,1149142]
[0,0,0,0,0,256,0,16,1048576,0,4096,0,1048576,128,0,0]-[0,276889600,0,0,8192]
[1073741824,0,0,0,0,0,8192,16,0,0,0,0,0,128,0,0]-[0,268435456,3145728,0,262144]
[0,268435456,0,0,0,0,0,0,536870912,0,0,0,0,0,0,0]-[536870976,16,0,4096,0]
[0,0,0,0,0,0,0,0,1048576,2,0,0,0,0,0,0]-[0,1048576,33816576,268435456,0]
[0,128,67108864,0,0,0,131072,0,0,0,0,0,0,128,0,0]-[2,67108864,0,262144,131072]
[0,0,0,0,0,0,0,64,0,0,4096,0,1048576,0,0,0]-[2,268435456,262144,2147483648,0]
[128,0,0,0,0,0,0,0,9437184,0,0,0,0,0,0,0]-[33816576,0,0,1073750016,0]
[0,0,0,0,0,0,64,0,0,0,4096,8192,1048576,0,0,0]-[262144,0,0,131328,2]
[0,0,589824,0,0,0,0,0,0,8192,0,0,0,0,0,0]-[0,536936448,4096,0,8192]
[0,0,0,0,0,4,0,0,1048576,0,0,0,0,0,0,0]-[33554560,269484048,50331712,32768,208]
[0,0,67108864,0,0,134217728,0,0,0,0,0,32,0,0,0,0]-[0,16777216,0,2621440,2]
[0,0,67108864,0,0,256,64,0,0,0,1024,0,0,0,0,0]-[8,32,0,128,16]
[0,0,67108864,16777216,0,0,0,0,0,0,0,0,0,0,0,2048]-[0,16384,0,262656,32768]
[0,131072,67108864,0,0,2,0,0,0,0,0,0,1048576,0,0,0]-[0,100352,0,2097152,0]
[0,0,0,0,0,0,0,0,1048576,0,0,0,0,128,64,0]-[0,1073741824,8192,67108864,4]
[0,0,0,0,0,67108864,0,16777216,0,0,0,0,0,0,0,0]-[1024,2048,0,33554432,512]
[0,0,0,0,32768,0,0,0,0,0,0,0,262144,0,0,0]-[524288,8192,387,0,524290]
[0,0,0,0,128,0,0,0,0,0,0,0,0,128,0,0]-[0,16777216,536870912,268435456,32768]
[0,0,0,0,0,0,64,16,0,0,0,0,0,2048,0,0]-[1048577,0,0,537001984,0]
[0,0,67108864,0,0,0,8192,0,16777216,0,0,0,0,128,0,0]-[0,16777472,0,4160,0]
[0,0,67108864,0,0,0,0,16,0,2097152,0,0,0,128,0,0]-[0,67108864,1048576,128,128]
[0,0,0,0,0,0,0,0,0,0,4096,0,67108864,128,0,0]-[0,2048,262146,0,524288]
[0,0,0,0,0,0,0,0,16777216,0,0,0,0,262144,0,0]-[545259520,0,8,0,4]
[8388608,0,0,0,0,0,0,0,0,0,0,0,1048576,0,33554432,0]-[128,16777216,4096,67108864,0]
[0,0,0,0,0,256,0,0,0,0,0,0,0,128,4,0]-[16,0,2097152,262144,9216]
[0,0,0,0,0,0,0,0,0,0,4096,32,1048576,128,0,0]-[512,0,16384,264192,0]
[0,0,0,0,0,0,0,16,33554432,0,0,0,0,131072,0,0]-[0,2048,16777216,0,144]
[0,0,0,0,0,0,256,0,0,0,0,4194304,0,0,0,0]-[4194304,0,0,67108864,65537]
[128,0,0,0,0,0,8192,0,0,0,0,0,0,0,0,0]-[1716914177,805740803,637544456,3590840416,3412025]
[0,0,67109120,0,0,0,0,0,8192,0,0,0,0,0,33554432,0]-[0,0,524288,134217760,2]
[0,0,67108864,0,0,256,8192,0,0,0,0,0,1048576,0,0,0]-[65536,8232,272637988,0,1]
[0,256,0,0,0,0,16384,0,1048576,0,0,0,0,0,0,0]-[0,268435456,4194304,67108866,0]
[128,0,67108864,0,0,0,0,0,0,0,4096,0,2048,0,0,0]-[0,536870929,0,0,2]
[0,268435456,67108864,0,0,0,0,0,0,0,0,0,268435456,0,0,0]-[0,1024,1024,2097154,0]
[0,0,67108864,0,0,0,0,0,0,0,0,1024,0,0,0,0]-[2248147013,2751600149,372258820,1582784,559120]
[0,0,0,0,0,0,64,0,0,134217728,4096,0,1048576,0,0,0]-[0,8,0,4325376,4096]
[0,0,0,0,0,0,0,16,16777216,0,0,0,256,128,0,0]-[16384,32,2147483650,0,0]
[0,0,0,0,0,0,0,0,0,0,0,0,0,128,524288,0]-[147970,16777281,450694,1879312512,204864]
[0,0,0,0,0,0,8192,0,0,0,16384,0,0,0,0,0]-[603979776,16777216,262144,67108880,0]
[0,0,0,2147483648,0,0,8192,0,1048576,0,0,0,0,0,0,0]-[131072,0,262144,16,1]
[0,0,0,0,0,0,0,0,0,0,4096,1048576,0,0,0,0]-[270795008,0,65536,131072,0]
[0,0,67108864,0,0,256,0,0,0,0,0,0,8,0,0,0]-[65537,67141632,268963840,2129944,524416]
[0,0,0,512,0,0,0,0,0,0,0,0,1048576,0,0,0]-[9437184,4194304,5,2080,2]
[0,0,0,0,0,0,0,0,1048576,0,4198400,0,0,0,0,0]-[16384,32,1073741824,33554432,0]
[0,4194304,67108864,0,0,0,0,0,0,0,0,0,0,0,0,0]-[524352,131088,304097084,2147491944,0]
[0,0,67108864,0,0,0,64,0,0,0,0,2048,0,0,33554432,0]-[32,256,1024,16777216,0]
[0,0,67108864,256,0,0,0,0,262144,0,0,0,0,0,0,0]-[0,256,67108864,4100,0]
[0,0,0,0,0,0,0,0,0,0,0,48,0,0,0,0]-[0,268697600,134234112,0,0]
[0,0,8,0,0,0,0,16,1048576,0,0,0,0,0,0,0]-[0,65536,32768,67108865,0]
[0,0,0,0,0,0,0,0,0,0,0,0,8,0,262144,0]-[131072,96,0,4194304,0]
[0,0,67108864,0,0,0,0,0,0,8,0,0,0,0,0,2048]-[33,0,67108864,16777216,0]
[0,0,128,0,0,0,0,0,1048576,0,0,0,262144,0,0,0]-[1572864,1026,0,0,0]
[0,0,67108864,0,67108864,0,64,0,0,0,0,0,0,128,0,0]-[0,0,1048576,4608,4]
[128,0,0,0,0,0,0,0,68157440,0,0,0,0,0,0,0]-[0,0,0,3222274048,524288]
[128,0,0,0,0,0,0,0,0,0,0,16,0,0,4194304,0]-[32,536887296,0,0,262144]
[0,0,67108864,8,0,0,0,16,1048576,0,4096,0,0,0,0,0]-[16777216,0,1073741824,4227072,0]
[0,268435456,0,0,0,0,128,0,0,0,0,0,0,0,0,0]-[16,32768,33554432,32768,0]
[0,0,67108864,16384,0,0,0,0,0,0,4194304,0,0,0,0,0]-[8388608,301989888,256,0,0]
[0,0,67108864,0,0,8192,0,0,128,0,0,0,0,0,0,0]-[65536,12288,524288,32897,16384]
[4,0,67108864,0,0,0,0,0,0,0,0,0,0,536871040,0,0]-[68,16777216,0,0,64]
[0,0,0,0,0,0,0,16,0,0,0,64,262144,0,0,0]-[0,67108868,2,0,1048576]
[0,0,67108864,0,0,0,64,0,2097152,0,4096,0,0,0,0,0]-[65536,270336,0,65536,0]
[0,0,0,0,0,0,0,0,0,0,0,0,0,0,65664,0]-[256,0,0,32792,0]
[0,0,0,0,67108864,0,0,0,16777216,0,4096,0,0,0,0,0]-[16384,16777216,65664,4224,0]
[0,0,65536,0,0,0,0,0,16777216,0,0,0,0,128,0,0]-[1,0,2147483648,402653184,0]
[8388608,0,0,0,0,0,0,0,134217728,0,0,0,0,0,0,0]-[536870912,8388608,8388610,0,0]
[0,0,67108864,0,524288,0,0,0,134217728,16384,0,0,0,0,0,0]-[65536,2048,16,256,0]
[0,0,0,0,67108864,0,0,0,0,0,0,0,4096,0,0,0]-[1073741824,0,2,16777216,524288]
[0,0,67108864,0,0,0,64,0,0,0,0,0,262144,0,0,0]-[32768,12544,1040,1092,33796]
[0,0,0,0,4194304,0,0,0,1048576,0,0,0,0,0,0,0]-[1048832,1627390464,263170,36865,0]
[0,0,67108864,0,67108864,0,0,0,0,0,0,0,0,33554560,0,0]-[0,0,2149580800,2097152,524288]
[0,0,67108864,0,0,0,0,0,0,0,4194304,0,0,0,0,0]-[2306867241,2518920196,2215241012,2282858274,133191]
[0,0,0,0,0,0,0,0,1048576,0,128,0,0,0,0,64]-[16384,0,1090519040,8192,0]
[0,0,0,0,0,8192,0,16,134217728,0,0,0,0,0,0,0]-[20971536,277950472,134479874,268452000,2049]
[0,0,8388608,0,0,64,0,0,0,0,0,0,0,0,0,0]-[80,524288,32,8192,0]
[32768,0,67108864,0,0,0,0,0,0,0,0,0,0,128,0,0]-[0,2113,540672,65536,0]
[0,0,0,0,0,1024,0,0,134217728,0,0,0,0,128,0,0]-[268435528,0,1073741824,0,0]
[0,0,0,0,0,0,0,0,0,0,4096,0,0,16384,0,0]-[0,1,33555008,262656,32776]
[0,0,8,0,0,0,0,0,0,0,0,0,1048576,128,0,0]-[262144,2048,0,16,32768]
[0,0,0,0,0,0,32,262144,1048576,0,0,0,1048576,0,0,0]-[2304,0,536870920,0,0]
[64,0,0,0,0,0,0,16384,0,0,0,0,0,128,0,0]-[0,2048,270336,262144,0]
[0,0,201326592,0,0,0,0,0,0,0,0,0,0,0,1024,0]-[0,2147483648,4352,4096,0]
[0,0,67108864,0,0,0,0,128,0,0,0,0,0,0,0,0]-[205586432,2147758336,1077979424,18096164,50182]
[0,0,0,0,0,0,0,0,1048576,64,0,0,0,128,0,0]-[131200,8388608,1073774592,6162,532672]
[0,0,67108864,0,67108864,0,0,0,0,0,4096,0,1048576,0,0,0]-[0,2164260868,268440064,640,0]
[0,0,64,0,0,0,0,0,134217728,0,0,0,0,0,0,0]-[8454656,67174402,151652352,134217762,512]
[0,256,67108864,0,0,0,0,16,0,0,0,0,0,0,0,0]-[0,0,2048,33554448,2048]
[128,0,0,0,0,0,0,0,0,16384,0,0,0,0,0,0]-[0,0,0,4210816,4]
[0,0,0,0,0,0,0,0,0,0,1073745920,0,0,0,0,0]-[1099498304,641762568,33555137,71598212,2101250]
[0,0,0,0,0,0,0,0,0,0,0,0,1049600,0,0,0]-[142737666,1117831169,1610612736,68165632,2114]
[0,0,0,2048,67108864,0,0,0,0,0,0,0,0,0,0,0]-[160,3221243904,50331648,0,0]
[0,128,67108864,268435456,0,0,0,0,0,0,0,0,0,0,0,0]-[4108,262144,0,0,0]
[0,0,0,0,0,0,0,0,0,1024,524288,0,1048576,0,0,0]-[1107296256,0,2,1073741824,0]
[0,0,67117056,0,0,0,0,0,1048576,0,0,0,0,0,0,0]-[33554432,0,557056,33554433,524288]
[0,0,67108864,0,0,256,0,0,16777216,4194304,0,0,0,0,0,0]-[524288,0,1024,9,0]
[0,0,67108864,256,0,0,0,64,0,0,0,0,0,128,0,0]-[33554433,0,2147483648,16,0]
[0,1073741824,0,0,0,0,0,0,0,0,0,0,0,1024,0,0]-[67108864,8388608,1024,0,32768]
[0,0,0,0,0,16,0,16,1048576,0,0,0,0,0,0,0]-[0,0,8388608,268435712,16]
[0,0,67108864,0,0,0,0,0,0,0,71303168,0,0,0,0,0]-[0,0,0,8224,2097153]
[0,0,0,0,0,0,0,16,1048576,0,0,0,1048584,128,0,0]-[16384,32,0,2097152,1048576]
[0,128,0,0,0,2,0,0,0,0,0,0,0,0,0,0]-[32,2,0,1048576,262144]
[0,0,0,0,0,0,0,0,0,0,67108864,0,0,128,33554432,0]-[131072,0,2148007936,262144,0]
[0,128,0,0,0,0,1073741824,0,0,0,0,0,0,0,0,0]-[32,32,8388608,256,0]
[0,0,67108864,0,0,0,0,1048576,1048576,0,0,0,0,0,0,0]-[0,0,2048,134217728,192]
[0,0,67108864,0,0,0,0,0,134217728,0,8192,0,0,0,0,0]-[65600,536870912,0,16,0]
[0,0,0,128,0,0,0,0,0,0,0,2048,0,0,0,0]-[32,0,16781312,16777216,0]
[0,8,67108864,0,32,0,0,0,0,0,4096,0,0,0,0,0]-[0,2147483904,1073741824,32768,0]
[0,0,67108864,0,0,0,64,0,0,0,0,0,0,2097152,0,0]-[0,536870920,67108864,256,0]
[1024,0,0,0,0,0,0,0,0,0,0,32768,0,0,0,0]-[1048576,134230016,0,0,0]
[0,0,0,0,67108864,0,0,0,1048576,0,0,0,1048576,128,0,0]-[131073,268435456,270337,512,8192]
[0,0,268435456,0,0,0,0,0,1048576,0,0,0,268435456,0,0,0]-[0,512,16777408,0,0]
[0,0,0,0,0,0,0,0,1048576,0,0,0,4194304,0,0,4]-[262144,8388608,8,2097152,0]
[0,0,0,0,67108864,0,0,0,0,0,4096,0,16,0,0,0]-[262144,2147483648,128,512,0]
[0,0,67108864,0,0,0,0,0,0,0,4096,524288,1048576,0,0,0]-[0,67108864,33619968,33554432,0]
[0,1073741824,0,0,0,0,0,0,0,0,0,0,0,2048,0,0]-[0,2281701376,1,8192,0]
[0,0,0,0,0,0,0,0,0,4194305,1024,0,0,0,0,0]-[262144,8192,0,1024,1048576]
[0,0,0,0,0,0,1024,0,0,0,0,0,0,128,0,4096]-[1,537919488,0,0,262144]
[0,0,0,0,0,0,0,0,0,0,0,0,640,0,0,0]-[135266304,0,0,33558528,0]
[0,0,0,0,0,0,0,0,17825792,0,33554432,0,0,0,0,0]-[50331904,0,0,32,8192]
[0,0,67108864,4096,0,0,0,0,0,0,4096,0,0,0,0,0]-[8388608,256,268500992,0,0]
[128,0,0,0,0,0,0,0,0,0,0,0,1048576,0,0,16384]-[1073741824,0,0,8193,4]
[0,0,0,0,0,0,0,0,0,0,134218240,0,0,128,131072,0]-[0,1,8192,1073741952,0]
[0,2,0,0,0,0,0,0,0,0,4096,0,0,0,0,0]-[0,0,0,3080,2097152]
[0,0,0,0,32768,0,1048576,0,0,0,0,0,0,0,0,0]-[8200,0,1024,16,0]
[0,0,0,0,0,16,0,0,0,0,0,0,1048576,128,0,0]-[268435456,16777248,0,0,64]
[0,0,67108864,0,0,0,0,268435456,0,0,0,0,4,0,0,0]-[0,294912,4096,2147483648,0]
[0,0,0,0,0,0,32,0,134217728,268435456,0,0,0,0,0,0]-[65552,134217728,0,0,2048]
[0,0,0,0,0,0,0,0,131072,0,0,0,256,128,0,0]-[1,1073741824,0,262656,0]
[0,0,67108864,0,0,256,0,0,0,0,4096,0,0,1152,0,0]-[1,131072,0,0,32896]
[256,0,67108864,0,0,0,0,0,0,0,0,0,8192,1,0,0]-[4,1,33554432,0,2048]
[0,0,0,0,67108864,0,0,0,2147483648,0,0,0,0,128,0,0]-[16384,67108864,8388608,536870912,0]
[0,0,0,1,0,0,0,0,0,0,4096,0,262144,0,0,0]-[268959744,32768,0,100664320,0]
[0,0,0,0,0,32,0,0,8388608,0,0,0,0,0,0,0]-[32,4,0,268500992,0]
[0,0,0,0,0,8192,0,0,0,33554432,0,0,0,0,0,0]-[0,1056,0,2,1536]
[0,0,67108864,0,0,256,0,0,135266304,0,4096,0,0,0,0,0]-[65536,256,1073741840,0,0]
[0,0,0,0,0,0,0,16,0,0,0,32,0,0,8,0]-[2147483648,0,33024,0,32]
[0,0,67108864,16384,0,0,0,0,0,0,524288,32,0,0,0,0]-[1,0,256,33554432,2]
[128,0,67108864,0,0,8192,0,0,16777216,0,0,0,0,0,0,0]-[4194304,0,1024,32769,0]
[0,0,0,0,0,0,0,8,0,0,0,0,0,8388608,0,0]-[294912,262144,512,0,0]
[0,0,0,0,0,0,32,0,1048576,0,0,0,0,0,0,0]-[19138820,5243056,541067272,3221227024,1025]
[0,128,0,0,0,0,0,0,0,0,0,536870912,0,128,0,0]-[131584,262144,0,512,0]
[2048,0,67108864,0,0,0,0,0,134217728,0,0,0,0,0,0,0]-[0,2048,4,16777472,524416]
[0,0,0,0,0,4194304,8192,0,1048576,0,0,1073741824,0,128,0,0]-[131073,0,262144,64,0]
[0,0,67108864,0,0,256,0,0,0,0,0,0,1073741824,0,0,0]-[524288,2048,16896,0,0]
[0,0,0,16777216,0,0,0,0,0,0,0,1073741824,0,0,0,0]-[1073741824,512,16777216,4096,0]
[0,0,0,0,0,0,0,16,0,0,0,0,262208,128,0,0]-[16,2048,2,0,1048576]
[131072,0,0,0,0,0,0,0,1048576,0,0,0,0,0,0,0]-[2048,1355038864,62964864,302125187,83]
[1048576,0,0,0,0,256,0,0,0,0,0,0,0,0,0,0]-[0,0,524544,139264,0]
[16777216,0,131072,0,0,0,0,0,1048576,0,0,0,0,128,0,0]-[262272,0,32768,0,128]
[524288,0,0,0,0,0,0,16,0,0,0,0,0,0,0,0]-[16894464,67633170,2701133824,403202048,266240]
[0,0,0,0,0,0,0,8192,1048576,0,0,0,0,0,0,0]-[2164260992,268518276,553648272,2147516512,1049924]
[0,0,0,4096,0,0,0,0,1048576,0,0,0,0,128,0,0]-[262144,0,262144,64,64]
[128,128,0,0,0,0,0,0,1048576,0,0,0,1048576,0,0,0]-[33554432,0,0,1073750080,0]
[0,0,67108864,0,0,24576,0,0,0,0,0,0,0,0,0,0]-[6291456,0,1024,0,128]
[0,0,0,0,0,0,0,16,512,0,0,0,0,128,0,0]-[32784,2048,0,128,0]
[0,0,0,0,0,0,0,16777216,0,0,128,0,0,0,0,0]-[0,2048,0,2147483656,512]
[0,0,0,0,0,0,1024,0,1048576,0,0,0,0,0,0,131072]-[2147483648,256,128,4194304,0]
[0,0,0,0,0,0,0,3145728,0,0,0,0,0,0,0,0]-[136314880,0,0,131072,8192]
[0,0,0,0,1048576,0,0,16,134217728,0,0,0,0,0,0,0]-[813694976,536870914,0,0,0]
[0,0,0,0,536870912,1,0,0,0,0,0,0,0,0,0,0]-[525312,0,524288,32,0]
[0,0,67108864,0,0,16777472,0,0,0,0,0,0,0,0,0,0]-[0,32776,8192,0,2048]
[0,0,0,0,0,0,0,0,0,524288,0,0,256,0,0,0]-[4096,0,16777216,128,64]
[0,0,0,0,131072,1024,0,0,1048576,0,0,0,0,0,0,0]-[16384,4,0,8704,0]
[0,0,0,0,0,256,0,0,16777216,0,0,1,0,128,0,0]-[0,1048576,131073,2048,0]
[128,0,67108864,0,0,0,0,16,1048576,0,0,0,0,0,536870912,0]-[0,268435456,0,2147483664,16]
[0,0,67108864,0,0,0,524288,0,0,0,0,0,0,0,0,0]-[67108864,272630849,2153804328,167806464,147456]
[0,0,67108864,0,0,16777216,0,1073741824,0,0,0,0,0,0,0,0]-[0,270532608,2560,0,0]
[128,0,0,0,0,0,0,0,0,0,1073741824,0,0,0,0,0]-[410176,2048,0,16818176,135200]
[0,0,0,0,0,0,4,0,2,0,0,0,0,0,0,128]-[2097152,134217728,270532608,0,0]
[0,0,0,0,0,0,0,0,0,16777216,33554432,0,0,0,0,0]-[0,524288,0,8392736,0]
[0,0,67108864,0,8,0,0,0,1,0,0,0,0,0,0,0]-[0,32,2147483664,0,524288]
[0,0,0,0,0,0,0,0,0,0,0,128,0,0,8388608,0]-[16777216,0,9437184,524288,0]
[0,0,67108864,0,0,0,0,0,16777216,0,0,0,0,0,65536,0]-[16777216,73728,0,256,0]
[16777216,0,0,0,0,0,0,0,0,0,0,0,0,2,0,0]-[4194304,1048576,536870912,4096,0]
[0,0,67108864,0,0,0,0,0,0,0,0,0,65536,16384,0,0]-[0,2147483648,0,6,64]
[0,0,67108864,0,0,0,0,0,0,0,0,0,0,64,0,0]-[2149613640,553656388,2181111848,167772192,2752514]
[0,0,0,4194304,0,0,0,0,0,512,0,0,0,0,0,0]-[0,1074004480,0,0,2]
[2097152,0,0,0,0,0,2147483648,0,0,0,4096,0,0,128,0,0]-[0,0,128,0,65696]
[0,0,0,0,0,0,0,0,0,0,4096,0,1310720,0,0,0]-[295718976,2269151237,1266683923,105071400,753706]
[0,0,0,0,0,256,8192,0,0,0,0,262144,0,0,0,0]-[67248128,0,0,4096,0]
[0,0,67108864,0,0,256,0,0,0,0,0,0,1,0,0,0]-[524296,69206016,1536,2,0]
[0,0,67108864,0,0,0,0,16777224,0,0,0,0,0,128,0,256]-[32768,0,524288,2097152,65536]
[0,0,67108864,0,0,0,268435456,0,0,0,0,1048576,0,0,0,0]-[0,256,67584,0,128]
[0,0,0,512,1,0,0,0,32768,0,0,0,0,128,0,0]-[0,32,0,538968064,65536]
[0,0,0,0,0,0,0,0,1048576,262144,0,1048576,0,0,0,0]-[4,1310720,0,8192,0]
[0,0,0,0,67108864,0,0,0,1048576,0,0,16777216,0,128,0,0]-[0,8388608,8388640,128,0]
[0,0,524288,0,0,0,0,8,16777216,0,0,0,0,0,0,0]-[1,0,32,2147483648,4096]
[0,0,67108864,0,0,0,0,0,0,0,0,33554432,0,0,0,0]-[16777263,576732177,2150631168,17040615,213120]
[0,0,0,0,0,0,0,0,1048576,0,0,0,1048576,2097152,0,0]-[0,144,16777216,0,131072]
[0,0,0,0,0,0,192,0,0,0,0,0,0,0,0,0]-[0,1048576,1026,512,0]
[0,0,67108864,0,0,0,64,0,1048576,0,0,0,1310720,0,0,0]-[0,4,0,6291712,0]
[0,0,0,0,0,0,0,0,1048576,0,0,0,0,0,0,16]-[4,1074790400,17039360,1073741825,65]
[0,0,0,0,0,0,0,0,0,0,0,0,0,536870912,1073741824,0]-[0,167772160,0,16793600,0]
[0,0,0,0,0,0,0,0,0,0,0,0,16777216,128,0,0]-[271581705,352649312,8405031,10488324,1114308]
[0,0,67108864,0,0,256,0,0,0,0,1073741824,0,1048576,0,0,0]-[0,0,512,40961,0]
[128,0,67108864,0,0,0,0,2048,1048576,0,0,0,0,0,0,0]-[0,256,0,32800,64]
[16384,0,0,0,0,0,8192,0,0,0,0,32,0,0,0,0]-[65536,0,4096,65536,512]
[0,0,0,0,0,0,0,0,0,0,0,1073741824,8,0,0,0]-[0,0,2105346,524288,0]
[0,0,67108864,0,0,0,0,0,64,0,0,0,262144,0,0,0]-[0,24576,0,0,131328]
[256,0,0,0,0,0,0,16,0,0,0,0,1048576,0,0,0]-[32832,8,134217728,2113536,0]
[0,0,0,16777216,0,0,0,0,0,8192,0,0,0,0,0,0]-[4,0,128,32,2048]
[0,0,67108864,0,0,256,0,0,536870912,0,0,0,0,0,0,0]-[0,2080,8,0,524288]
[0,0,0,0,0,8192,0,0,0,512,0,0,0,0,0,0]-[50333952,0,134217728,133184,0]
[0,0,0,0,0,0,0,0,2147483652,0,0,0,0,0,0,0]-[4194304,1073741824,0,2097152,1]
[0,0,0,0,0,0,0,0,0,0,0,0,16392,0,0,0]-[2576,16777216,2,131088,1]
[0,0,67108864,33554432,0,0,0,0,0,0,0,0,0,0,0,0]-[199759938,375857997,2183141924,19988653,2244819]
[0,0,67108864,0,0,320,0,2147483648,0,0,0,0,0,0,0,0]-[67108864,65536,1073807360,0,0]
[0,0,0,0,67108864,0,0,0,1048580,0,0,0,0,128,0,0]-[278528,0,0,512,4]
[128,0,0,0,0,256,0,0,0,0,4096,0,0,0,0,0]-[1074004544,1024,65,268652676,4096]
[0,0,0,0,0,0,0,0,134217728,0,0,0,536870912,0,0,0]-[0,0,131072,2,33280]
[0,0,0,0,0,0,16384,0,0,0,0,268435456,0,0,0,0]-[8454660,0,0,0,0]
[0,0,83886080,0,0,0,0,0,0,0,4096,0,1049088,0,0,0]-[10485760,1,0,0,2]
[2097152,0,0,0,16384,0,0,0,0,4096,0,0,0,144,0,0]-[0,0,2147483648,4100,8192]
[0,0,16777216,0,0,0,0,16,0,0,4096,0,0,0,0,0]-[1350633472,262144,144,0,0]
[128,0,67108864,0,0,0,0,0,0,0,4096,0,0,128,0,0]-[0,604373345,0,262280,2129920]
[0,0,0,131072,0,0,0,16,0,0,0,0,262144,0,0,0]-[524288,1048576,2,32,0]
[0,0,0,0,0,0,0,0,1048576,0,4096,1,0,0,0,0]-[0,0,1073741969,512,0]
[0,0,0,8,0,0,0,0,0,0,0,0,0,0,512,0]-[128,0,0,1107296256,2]
[0,0,0,0,32768,0,0,0,0,0,0,0,64,536871040,0,0]-[262144,0,1048576,16,4]
[0,0,0,0,0,0,0,0,16777216,4,0,0,0,0,0,0]-[553648128,8192,0,512,0]
[0,0,0,0,268435456,0,0,0,256,0,0,8388608,0,0,0,0]-[0,32768,786432,0,4]
[0,0,0,0,0,32,0,2147483648,0,0,0,0,1048576,0,0,0]-[2,1050624,0,16777216,0]
[0,0,0,65536,0,0,0,0,1048576,0,0,0,0,0,0,0]-[2149059912,940574338,34475010,4261952,2229632]
[0,0,0,0,0,0,8192,0,0,0,0,0,1048576,0,32768,0]-[0,0,335544320,0,2560]
[0,0,67108864,32768,0,0,8192,0,0,0,0,0,0,0,0,0]-[67108864,131072,0,65552,0]
[0,0,0,0,0,256,0,0,1048576,0,0,32,0,0,0,0]-[2147680272,269484672,0,2281703424,64]
[128,0,0,0,0,0,0,0,0,0,0,0,0,2147483776,0,0]-[512,262144,8192,65536,0]
[0,0,0,0,0,268443648,0,0,0,0,0,0,0,0,0,0]-[258,0,134217728,16,0]
[0,0,67108864,0,0,0,0,0,1048576,0,0,32,0,128,0,0]-[0,262144,0,134217744,131072]
[0,4096,0,0,0,256,0,0,0,0,1024,0,1048576,0,0,0]-[0,0,2359312,2147483648,0]
[0,0,67108864,0,0,0,0,0,0,0,8388608,0,0,0,0,0]-[2173243460,69407568,1342195232,2170651171,1245574]
[0,0,67108864,0,67108864,0,0,0,0,0,0,0,4,0,0,0]-[134217728,2147516432,12292,512,0]
[0,0,67108864,0,0,0,0,16,16777216,0,0,0,0,0,0,0]-[134742018,2415925792,2150695680,2315260129,2176]
[0,0,0,0,0,64,65536,0,1048576,0,0,0,0,0,0,0]-[262144,536870912,4194304,0,1]
[0,0,0,0,0,0,0,8,0,0,0,0,0,0,524288,0]-[262146,0,134217728,0,512]
[0,0,0,0,0,0,0,0,0,0,131072,1073741824,0,0,0,0]-[0,1026,4096,33554432,0]
[0,0,0,0,0,0,0,67108864,0,0,0,0,0,128,0,0]-[33554432,0,2097152,1073741856,0]
[0,0,0,0,0,0,0,0,0,0,0,0,1048576,0,0,8192]-[0,0,1,2097168,16384]
[0,0,0,0,0,0,0,16777216,0,0,0,0,1310720,0,0,0]-[16384,0,2097152,6291456,0]
[536870912,0,0,0,0,0,0,0,0,0,0,0,256,0,0,0]-[1048576,0,67108864,0,5]
[0,256,0,0,0,1073741824,0,0,0,0,0,0,0,0,0,0]-[0,276824064,256,1048576,0]
[0,0,0,0,0,0,0,16,134217728,516,0,0,0,0,0,0]-[16,67108864,2,0,16384]
[0,0,0,0,0,0,0,0,1048576,0,2,0,0,0,0,0]-[256,8388608,262144,16,0]
[0,0,0,0,0,0,0,4194304,1048576,0,0,0,0,0,131072,0]-[20,536870912,0,33554432,0]
[0,0,0,0,0,0,8192,0,8388608,0,0,0,0,0,0,0]-[2684362752,84017152,218103808,268437600,1]
[0,0,67108864,0,0,256,128,0,0,0,0,0,0,0,0,0]-[0,32832,8192,32768,0]
[0,0,0,0,32,0,16384,0,0,0,1048576,0,0,0,0,0]-[0,0,0,83918848,16]
[0,0,0,0,0,0,8192,512,0,0,0,0,1048576,0,0,0]-[32768,2,8192,131072,0]
[0,0,67108880,0,0,0,0,0,1048576,0,0,0,0,0,0,0]-[32768,20,32768,4228096,525313]
[0,131072,0,0,0,0,0,0,1048576,16777216,0,0,0,0,0,0]-[16,0,0,268967936,0]
[0,0,0,512,1,0,0,0,0,0,0,0,67108864,0,0,0]-[4096,524322,8192,0,524288]
[0,0,0,0,0,0,0,24,134217728,0,4096,0,0,0,33554432,0]-[2560,0,1073741824,0,8]
[0,0,0,0,0,0,0,0,8388608,0,0,0,0,0,1,0]-[0,0,65536,1084227584,0]
[0,0,0,0,0,0,0,0,0,0,262144,0,0,0,4,0]-[1073741824,1048578,4,0,0]
[0,0,0,0,0,0,0,0,1048576,4096,4096,0,1048576,0,0,0]-[2359296,0,33554432,512,0]
[0,0,67108864,0,0,0,0,0,134217728,0,2048,0,0,0,0,0]-[2048,67108864,0,16781312,0]
[1,0,0,0,0,0,0,0,0,0,16777216,0,0,0,0,0]-[2048,268435456,263168,0,0]
[8388608,0,0,0,0,0,0,0,0,0,0,32,0,0,0,0]-[536870912,16384,64,2097152,32]
[0,0,0,0,0,0,0,512,0,0,0,0,8,0,0,0]-[100663808,0,529,536870912,2]
[0,128,0,0,0,0,0,0,134217728,0,0,0,0,0,0,0]-[294847112,68157539,109314064,1359220994,16640]
[0,0,0,0,0,0,0,0,0,0,0,0,0,128,2048,0]-[335544834,142606880,2692841476,1149419520,320]
[0,128,0,0,0,0,0,0,0,0,16,0,0,0,0,0]-[0,146,32771,256,262144]
[0,0,0,0,0,64,0,0,0,0,0,1,0,0,0,0]-[0,0,0,536870913,34]
[0,0,67108864,0,0,64,0,8,0,0,0,0,512,0,0,0]-[0,6144,2048,8192,0]
[0,0,0,0,0,0,0,0,0,0,0,536870912,0,128,33554432,0]-[131588,67108896,0,32,0]
[0,0,0,0,0,0,0,0,135266304,0,0,0,0,0,524288,0]-[131072,32,0,4196352,0]
[0,0,0,131584,1,0,0,0,0,0,0,0,0,0,0,0]-[536870912,32768,536870912,2097152,0]
[0,0,67108864,0,0,0,0,16,0,0,0,0,16,0,0,0]-[0,65544,1048576,0,1]
[0,0,67108864,0,0,0,0,16777216,1048576,0,4096,0,0,0,0,0]-[2048,304,524304,2097282,256]
[0,0,0,0,0,0,0,0,4,0,0,0,262144,0,0,0]-[1048832,1091616769,1048578,6358272,0]
[0,0,67108864,0,0,0,0,16,1048576,0,0,0,1048576,536870912,0,0]-[0,65540,0,2181038352,128]
[0,0,0,0,0,0,0,0,16777216,0,0,0,0,2048,0,0]-[0,16777472,258,0,4360]
[0,0,67108864,0,0,64,0,0,0,0,4096,0,0,0,0,0]-[2173239296,610445397,1074352688,2181666700,17414]
[128,0,0,0,0,0,0,0,1048576,0,0,0,1048576,0,33554432,0]-[262144,0,8192,33554432,64]
[0,0,64,0,0,0,0,0,0,0,0,32,0,0,0,0]-[66048,262272,0,0,0]
[0,0,0,0,32,0,0,0,1048576,0,4096,0,0,0,0,0]-[0,1073741824,0,3223322624,0]
[0,0,0,0,0,8192,0,16,0,0,0,32,0,0,0,0]-[0,0,134221824,144,0]
[16777344,0,0,0,0,0,0,0,0,0,0,0,1048576,0,0,0]-[1077936128,0,536870912,128,0]
[0,0,67108864,0,0,0,0,0,16777216,1,0,0,0,0,0,0]-[2,0,65536,32896,0]
[0,0,67108864,0,0,0,0,8,0,1073741824,0,0,1048576,0,0,0]-[0,32768,4096,35651584,0]
[0,0,0,0,0,262144,0,0,0,0,0,0,0,128,0,0]-[33686145,1074003969,2359296,268435588,2097220]
[0,0,8388608,0,0,8192,0,0,0,0,0,0,0,0,0,0]-[269484032,524304,0,8658944,131202]
[0,0,0,0,0,0,2048,0,1048576,0,0,32,0,0,0,0]-[131072,0,32,1024,128]
[0,0,0,2147483648,0,0,0,0,0,0,0,0,1048576,0,0,0]-[134369284,278921768,262144,268582928,66570]
[0,0,67108864,0,0,0,0,0,0,0,32768,0,0,0,0,0]-[201330728,2214625793,1375797772,40964624,591937]
[0,0,0,0,0,0,0,1,0,262144,0,0,0,2147483648,0,0]-[1048576,64,8256,0,0]
[0,0,67108864,0,0,0,0,0,0,0,0,0,1048576,2048,0,0]-[0,16,0,270336,524288]
[0,0,0,0,0,0,0,0,0,0,0,0,16384,128,0,0]-[131608,16777216,2692784130,268435520,2105344]
[0,128,0,0,0,0,0,0,1048576,0,4096,0,262144,0,0,0]-[2097152,0,128,33555456,0]
[0,0,0,0,0,0,0,0,0,0,0,0,262144,32,0,0]-[65536,8,0,536870912,128]
[0,0,0,0,0,256,0,16,0,0,0,0,0,0,2097152,0]-[0,0,2228224,134217728,4096]
[0,0,0,0,0,256,0,0,1048576,0,0,0,1048576,0,0,65536]-[0,33554432,16,2214592512,0]
[0,0,0,0,0,0,0,0,1048576,0,0,0,256,0,0,0]-[2164393089,1087193736,5056528,303565168,1049605]
[0,0,0,0,0,0,33554432,0,1048576,0,4096,0,0,0,0,0]-[0,0,16777216,1073741826,8192]
[0,0,0,0,0,64,0,0,1048576,0,0,0,0,128,0,0]-[313500,1141899584,9085095,671094850,2565316]
[0,0,0,0,32768,0,0,0,0,0,0,256,0,0,0,0]-[4325376,0,4096,0,1]
[0,0,0,0,0,0,0,0,134217744,0,0,0,0,128,0,0]-[268452368,64,0,4096,524288]
[0,0,0,0,0,0,131072,0,0,0,0,0,262144,0,0,0]-[0,2147483840,134217728,0,0]
[0,0,0,0,0,0,0,8192,0,0,0,0,1024,0,0,0]-[0,128,16777216,131104,0]
[0,0,0,0,0,0,16384,0,0,0,67108864,0,0,0,0,0]-[0,512,2147484160,0,512]
[0,0,67108864,0,0,0,0,0,131072,0,0,0,0,0,0,0]-[2355658785,39993645,2418601516,40112704,3345473]
[0,0,67108864,1048576,0,0,0,0,1048576,0,0,0,0,0,0,0]-[0,65536,1073743872,0,64]
[0,0,1024,0,0,0,0,0,0,0,0,0,0,268435456,0,0]-[0,128,16384,1052672,0]
[128,0,0,0,0,64,0,0,0,0,0,0,0,128,0,64]-[0,131104,2,0,2097152]
[0,0,67108864,0,0,0,0,536870912,134217728,0,0,0,0,0,0,0]-[0,8708,1048576,0,0]
[0,0,67108864,0,8192,0,0,0,0,0,0,0,0,131072,0,0]-[0,8193,0,0,2050]
[0,0,67108864,0,67108864,1024,0,0,0,0,0,0,0,0,0,0]-[64,538968064,0,1024,0]
[0,0,0,1024,0,0,0,0,0,4194304,0,0,0,32,0,0]-[0,0,10240,67108864,262144]
[0,32,0,0,67108864,0,0,0,0,0,0,0,0,0,0,0]-[256,8392720,0,0,2097152]
[128,0,0,0,0,0,0,0,1048576,0,0,0,256,128,32768,0]-[0,256,8388608,0,655360]
[0,0,67108864,0,8192,0,0,16,0,0,4096,0,0,0,0,0]-[65536,64,16,4194304,0]
[0,0,0,0,0,0,0,0,1048832,0,0,0,1048576,0,0,0]-[65536,16,1082130432,268435584,524544]
[0,0,0,0,0,8256,0,0,0,0,0,32,1048576,0,0,0]-[536870912,0,0,0,162]
[268435456,0,0,0,0,0,0,0,0,0,0,0,1310720,0,8,0]-[0,2051,1,0,0]
[0,0,67108864,0,0,0,0,0,0,0,4096,0,0,67108864,0,0]-[2048,2147483648,33558528,0,0]
[0,0,134217728,0,0,0,0,0,1048576,0,0,0,268435456,0,0,0]-[18874368,0,136,0,0]
[0,0,67108864,0,131072,0,0,0,0,33554432,0,0,0,0,0,0]-[2048,24576,0,512,0]
[0,0,0,0,32,64,0,0,0,0,0,0,0,0,0,0]-[512,256,8388672,1573380,32]
[128,0,67108864,0,0,0,0,0,1048576,0,67108864,0,1048576,128,0,0]-[0,0,0,224,131072]
[0,0,0,0,512,0,0,0,0,0,0,0,0,128,0,0]-[0,0,24576,67108864,128]
[0,0,0,0,2048,4096,0,0,1048576,0,0,0,0,268435456,0,0]-[256,0,128,536870912,524288]
[0,0,67108864,0,0,0,0,0,0,0,0,0,1048576,128,524288,0]-[64,0,2097152,0,65664]
[0,0,0,0,0,0,0,0,0,0,4096,0,68157440,0,0,0]-[0,33554432,4096,512,8]
[0,0,0,0,0,0,0,0,0,65536,0,0,1048576,0,0,0]-[2147483904,2147483648,68157700,1351092289,0]
[128,0,67108864,0,0,0,0,0,0,0,0,0,8,0,0,0]-[71305216,268731392,34087944,2148794393,2621714]
[0,0,0,1048576,0,8192,0,0,0,0,0,512,0,0,0,0]-[258,0,136314880,0,0]
[0,0,0,0,33554432,0,0,0,34603008,0,0,0,0,0,0,0]-[1,0,4194304,603979776,0]
[0,0,0,0,8,0,8192,0,0,0,0,0,1048576,0,0,0]-[0,0,512,0,2576]
[0,0,67108864,0,0,64,0,16777216,0,0,0,0,0,0,0,0]-[32768,0,9216,0,4]
[0,0,0,0,0,0,0,0,0,0,0,0,262144,4194304,0,0]-[16384,0,128,0,131074]
[0,0,0,0,0,64,0,0,0,512,0,0,0,0,0,0]-[0,67108864,258,16777216,0]
[0,0,0,0,0,0,0,0,1048576,0,4096,0,0,0,4,0]-[17039360,33554432,8388736,0,0]
[0,0,0,0,67108864,0,0,0,134217728,0,0,0,262144,0,0,0]-[0,3,2097152,0,524288]
[0,0,0,0,0,0,0,16,1048576,0,0,0,0,0,0,4096]-[16384,0,8388608,0,144]
[0,512,67108864,0,0,0,0,0,0,0,0,0,0,0,0,0]-[101187618,172040,20,65852,3688451]
[0,2097152,0,0,0,0,0,16,0,0,0,0,1048576,128,0,0]-[0,8388640,0,0,262272]
[262144,0,0,0,0,256,0,16,1048576,0,0,0,0,0,0,0]-[2147483648,8388608,0,256,8192]
[0,0,0,0,0,0,8388608,0,0,0,0,0,0,134217728,0,0]-[8704,0,536870912,0,4]
[0,2147483648,67108864,0,0,0,8192,0,0,0,4096,0,0,0,0,0]-[0,16785408,0,4352,0]
[0,128,0,0,0,0,0,8,0,0,0,0,0,128,0,0]-[518,0,0,262144,0]
[0,0,67108864,0,0,0,0,0,0,0,0,0,262400,0,0,0]-[524288,8193,67665920,16,16384]
[0,0,67108864,0,0,0,0,0,0,16777216,4096,0,1048576,64,262144,0]-[4096,4,33619968,0,0]
[0,0,0,0,0,64,33554432,0,0,0,0,0,0,0,0,0]-[16448,0,2176,0,0]
[0,0,0,0,0,0,0,0,2097152,0,536870912,0,0,0,0,0]-[262146,0,4,33554432,0]
[0,0,0,0,64,0,0,16,256,0,0,0,0,0,0,0]-[0,2048,2048,0,16416]
[1073741952,0,67108864,0,0,0,0,33554432,0,0,0,0,0,0,0,0]-[134217728,2048,8,2147483648,0]
[0,0,0,0,0,2147483648,0,1073741824,0,0,0,0,0,0,0,0]-[0,2684354560,4194304,268435456,0]
[0,0,0,0,0,0,0,0,0,64,0,128,0,0,0,0]-[2097153,0,134217728,0,4]
[0,0,67108864,0,0,256,0,8,0,1073741824,0,0,0,0,8,0]-[0,33554432,4096,262144,64]
[0,0,0,0,0,0,0,0,0,0,4096,0,4194304,0,0,0]-[2147483648,0,2147549184,1073790978,2]
[0,0,0,0,0,0,0,0,134217728,0,0,0,128,0,0,0]-[8,67108864,536870914,32,19456]
[0,0,0,0,0,0,0,0,1048576,128,8,0,0,0,0,0]-[1,0,4227200,0,0]
[0,131072,0,0,16,256,0,0,0,0,0,0,0,0,0,0]-[256,0,0,0,136192]
[0,0,67108864,0,0,0,0,0,0,0,4096,0,0,0,8,0]-[16777216,132128,0,1536,16384]
[0,0,67108864,0,0,67108864,0,0,134217728,0,0,0,0,128,33554432,0]-[2048,536872960,1073741824,0,0]
[0,0,0,0,0,0,0,0,34603008,0,0,0,0,131072,0,0]-[0,0,128,33554592,0]
[0,1048576,0,256,0,0,0,0,0,0,0,0,0,0,0,0]-[0,64,134217744,0,1024]
[0,536870912,0,0,0,0,0,0,0,0,0,32,0,0,0,0]-[0,0,16386,4194320,4096]
[0,0,67108864,16777216,0,256,0,0,0,0,0,0,0,0,0,0]-[2147483648,64,268443648,20,1040]
[0,0,67108864,0,0,4194304,0,0,0,0,0,0,1048584,536870912,0,0]-[66,0,0,256,64]
[0,0,0,524288,0,0,0,0,128,0,0,0,0,0,0,0]-[262144,0,33554432,9437184,0]
[0,0,67108864,0,0,0,8519680,0,0,0,0,0,0,0,0,0]-[0,0,73732,0,2048]
[0,0,67108864,0,0,0,0,8388608,0,0,0,0,0,0,0,0]-[36274272,805329016,2216179760,18354592,3276866]
[0,0,67108864,0,0,0,0,0,0,0,4096,0,1048576,16384,0,0]-[4096,12,65536,0,0]
[0,0,2048,0,0,0,0,0,134217728,0,4096,0,0,128,0,0]-[0,0,4,1073741856,1024]
[0,0,0,0,0,0,0,0,0,2097152,4096,0,1048576,0,0,0]-[0,1024,512,34816,0]
[0,0,67108864,0,0,256,0,0,134217728,0,0,0,0,0,0,4]-[0,256,4,2097152,256]
[0,0,0,0,0,0,0,0,0,0,268435456,0,262144,0,0,0]-[0,4194432,1024,0,128]
[0,0,0,0,0,0,0,0,0,0,0,0,0,33554432,4096,0]-[24,16384,0,8,0]
[0,0,0,0,16777216,64,0,0,1048576,0,0,0,0,0,0,0]-[0,536870912,20971536,0,0]
[0,0,0,0,0,0,0,0,0,0,0,0,1048576,0,0,2]-[131200,92323840,33554432,4,262154]
[262144,0,0,0,0,0,0,0,0,0,0,32,0,0,0,0]-[16,0,0,65664,4096]
[0,0,0,0,0,256,0,0,0,0,8192,0,1048832,0,0,0]-[0,512,16,0,5120]
[0,0,67108864,0,512,0,0,0,1048576,0,0,0,1048576,0,0,0]-[0,0,16,33554448,1024]
[0,0,67108864,256,0,0,0,0,0,0,0,0,0,0,0,0]-[2395572233,539062608,3560021780,24393172,2262212]
[0,0,67108864,0,0,0,0,0,1048576,0,16777216,0,0,0,0,0]-[2149580800,516,0,1049090,131072]
[0,0,0,0,0,1048576,1048576,0,0,0,0,0,0,0,0,0]-[12,0,64,64,0]
[0,0,0,0,67108864,0,0,2048,0,0,0,0,0,0,0,0]-[201327104,49152,160,537920128,0]
[0,0,0,0,0,0,0,8,0,0,0,0,16777216,0,0,0]-[0,0,8454144,16777216,32768]
[0,0,0,0,0,0,0,0,0,0,0,0,1048576,128,0,4096]-[16384,1,0,2097156,0]
[0,0,67108864,0,0,0,0,1090519040,0,0,0,0,0,0,0,0]-[0,16384,8,256,2048]
[0,0,0,0,0,256,0,0,0,268435456,0,0,0,0,0,0]-[67110400,1024,1075838976,0,4097]
[0,0,0,0,0,1073741824,0,0,16777216,0,0,0,0,0,0,0]-[0,33587202,8388608,0,0]
[0,0,0,0,0,0,66,0,1048576,0,0,0,0,0,0,0]-[65536,1310720,0,1024,0]
[0,256,0,0,0,0,64,0,0,0,0,0,0,0,0,0]-[65538,131072,128,1049600,4128]
[0,0,0,0,0,0,0,16777216,0,0,0,0,68157440,0,0,0]-[266240,2080,0,0,0]
[0,0,0,0,0,0,8,0,0,0,0,0,0,128,0,0]-[3310745,320,537018529,276824148,68]
[0,0,67108864,8192,0,0,0,0,0,0,0,0,0,0,0,0]-[167772163,2717974560,272695840,16790560,2097280]
[0,0,0,0,0,0,0,0,16,33554432,4096,32,0,0,0,0]-[0,2147483648,0,33570816,2]
[0,0,0,0,67108868,0,0,0,0,0,0,0,0,0,0,0]-[671105545,0,16789504,32,0]
[0,0,0,0,0,0,0,0,1048576,0,0,0,0,128,8,0]-[33554432,32,0,67108864,1024]
[0,0,0,0,0,0,0,0,0,0,0,0,8192,536870912,0,0]-[0,1342177280,67109888,0,0]
[0,0,0,0,0,0,0,0,0,0,16,0,0,0,33554432,0]-[134217744,32,16777218,134873088,0]
[0,0,0,0,0,0,0,0,134217728,0,0,0,0,0,33554432,0]-[152177152,606601608,1225262084,17055842,1575424]
[0,0,67633152,0,4,0,0,0,1048576,0,0,0,0,0,0,0]-[0,0,4194304,12288,4]
[0,128,67108864,0,0,0,0,0,0,0,0,1073741824,0,0,0,0]-[0,8,0,32832,65536]
[0,0,67108864,0,134217728,0,0,16,0,0,0,0,0,0,0,0]-[0,0,9216,1032,0]
[0,0,0,0,0,256,0,0,0,0,0,8388608,0,0,33554432,0]-[131840,256,0,0,0]
[0,0,0,0,0,0,0,512,0,0,0,0,1,0,0,0]-[0,0,1048576,0,16900]
[0,0,0,0,0,64,0,0,0,0,0,0,0,0,4,0]-[2684354624,1048576,1126400,1073742912,64]
[0,0,67108864,0,0,1073741824,0,0,0,0,0,0,1048576,0,0,0]-[0,33554440,0,2147487744,0]
[16,0,0,0,0,8192,0,0,0,0,0,0,0,0,33554432,0]-[8421376,16777216,2,0,0]
[0,0,2214592512,16777216,0,0,0,0,0,0,0,0,0,0,0,0]-[0,512,0,1028,1024]
[0,0,67108864,0,0,0,0,8,1048576,0,0,32,0,0,0,0]-[0,33554432,524288,2621440,0]
[0,0,1073741828,0,0,0,0,0,0,0,0,0,0,0,0,0]-[0,0,0,524288,262149]
[0,67108864,67108864,0,0,0,0,0,0,0,0,0,0,128,0,0]-[64,536872960,0,134217728,0]
[0,67108864,0,0,0,256,0,0,0,0,0,0,0,0,0,0]-[67109888,4096,16,0,0]
[0,0,0,0,0,256,0,0,8388608,0,4096,0,0,0,0,0]-[1073741824,67108864,0,131072,128]
[128,0,1024,0,0,0,0,0,0,0,0,524288,0,0,0,0]-[134217728,65536,8388608,65536,0]
[0,0,67108864,0,0,0,0,0,262144,0,0,0,0,0,0,0]-[2239791213,828558153,1413542192,37336967,2755719]
[0,0,0,0,0,0,0,16,134217728,0,4096,0,0,128,0,0]-[268438016,537133057,0,0,0]
[0,0,67108864,0,0,256,0,0,0,8,0,0,0,0,0,0]-[0,8704,32,0,64]
[0,0,0,0,0,0,0,0,0,0,0,0,0,1073741856,0,0]-[0,2048,268435520,4,0]
[16,0,0,0,0,0,0,16,1048576,0,0,0,0,0,0,0]-[16384,1048576,0,2097552,0]
[2048,0,0,0,0,64,0,0,0,0,0,0,0,0,0,0]-[0,2147483776,0,2147483648,2]
[64,0,0,0,0,0,64,0,134217728,0,0,0,0,0,0,0]-[0,135528448,0,0,1024]
[0,0,68157440,0,0,0,0,0,0,0,0,0,0,0,0,0]-[2147483652,570436932,2451603464,68,540740]
[0,0,0,0,0,0,0,0,1048576,0,0,0,1048576,0,0,131072]-[2147483652,144,64,0,16]
[0,0,0,0,0,0,0,16777216,0,0,0,0,4194304,0,0,0]-[545259528,0,64,0,0]
[0,0,0,128,0,256,8192,16,0,0,4096,0,0,0,0,0]-[0,0,134221888,2048,0]
[0,0,67108864,0,256,0,0,8,0,0,0,0,0,4,0,0]-[1,0,2048,0,1050624]
[0,0,0,0,0,0,0,0,1024,0,0,0,0,0,33554432,0]-[536870912,8192,512,0,64]
[0,0,67108864,0,0,0,0,0,65536,0,0,0,1048576,0,0,0]-[0,81920,0,16777216,1024]
[0,0,0,0,0,8192,0,0,0,0,33558528,0,0,0,0,0]-[0,32772,8388608,0,16384]
[0,0,0,0,0,0,0,0,0,0,0,0,1048576,0,32,0]-[16896,16777747,16,278816,12288]
[0,0,67108864,0,0,0,0,0,0,0,0,0,1048576,262144,0,0]-[0,32,0,5242884,64]
[0,0,67108864,0,0,64,0,0,1048576,0,0,0,0,0,0,256]-[2147483648,0,10272,0,0]
[0,0,16777216,0,0,256,0,0,0,0,0,0,0,0,0,0]-[8968,268435712,269681152,620761249,10144]
[128,0,0,0,0,0,0,8,1048576,0,0,0,0,128,0,0]-[0,0,0,268435474,524288]
[0,0,0,0,0,8192,65536,0,1048576,0,0,0,0,0,0,0]-[16,545259520,4194305,0,1]
[0,0,0,0,0,256,0,0,134217728,0,67108864,0,0,0,0,0]-[268435456,8388608,1073741840,0,0]
[0,0,16384,0,0,0,0,0,1048576,0,0,0,0,536870912,0,0]-[4,0,0,1077936128,128]
[0,0,536870912,0,0,0,0,0,0,0,4194304,0,1048576,0,0,0]-[1073741824,0,0,1,131073]
[0,0,0,0,0,32,0,16,134217728,0,0,0,1048576,0,0,0]-[0,9439240,0,0,128]
[0,0,134217728,0,0,320,0,0,1048576,0,0,0,0,0,0,0]-[65552,512,8388608,0,0]
[0,0,0,0,0,16777216,0,0,0,0,0,0,0,0,67108864,0]-[16384,8192,0,0,768]
[8388608,0,1073741824,0,0,0,0,0,1048576,0,0,0,0,0,0,0]-[0,0,8192,2304,131072]
[0,0,0,0,4,0,0,0,0,4096,0,0,0,0,0,0]-[0,2147483648,16777216,0,65537]
[0,0,67108864,0,0,0,0,0,256,0,0,0,1024,0,0,0]-[0,512,67108864,1024,2048]
[0,0,0,0,0,0,0,0,0,0,0,0,1049088,0,0,0]-[2147747840,0,69206016,268435456,1026]
[0,0,67108864,0,0,0,0,0,0,64,4096,0,0,0,0,0]-[0,16785440,0,33817472,128]
[0,0,67108864,0,0,0,524288,0,16777216,0,0,0,0,0,0,0]-[0,268436480,4194304,2097152,0]
[0,0,0,0,0,0,0,0,0,0,33554432,0,0,1048576,0,0]-[0,536870912,0,1589248,0]
[0,0,67108864,0,0,2147483648,0,0,1048576,0,4096,0,262144,128,0,0]-[0,0,0,2097184,655360]
[0,0,134217728,0,0,0,0,0,0,0,65536,0,0,0,0,0]-[264,0,0,2147549184,0]
[0,0,0,0,0,0,0,0,1048576,0,2147487744,0,0,0,0,0]-[262400,4194304,128,0,0]
[0,128,0,0,0,0,0,0,0,0,0,32,0,0,0,0]-[536870912,2147500048,67141696,3163136,128]
[1073741824,0,67108864,0,0,0,0,1073741824,0,0,0,0,0,0,0,0]-[0,285212672,2048,65536,0]
[0,0,16777216,0,0,0,0,0,0,0,0,0,262144,4,0,0]-[268435456,4098,32768,0,0]
[0,0,0,0,0,67141632,0,0,0,0,0,0,0,0,0,0]-[4194304,134217728,256,2097152,0]
[0,0,0,0,0,0,0,0,2048,0,0,0,0,0,0,4]-[134217728,0,2097216,0,2097152]
[0,1048576,0,0,0,0,8192,0,0,0,4096,0,262144,0,0,0]-[0,553648128,0,67109120,0]
[0,0,67108864,0,0,0,4194304,0,268435456,0,0,0,0,0,0,0]-[2147483648,0,0,32768,2621440]
[0,0,0,0,0,0,0,16,0,0,0,0,0,128,8192,0]-[0,67108864,2147483648,268435456,32]
[0,0,67108864,0,0,256,0,0,0,0,0,0,0,35651584,0,0]-[65536,4096,2097152,2097152,0]
[0,536870912,0,0,0,0,0,1024,1048576,0,0,0,0,0,0,0]-[262144,512,0,2,1]
[0,0,67108864,0,0,0,0,0,1048576,16777216,0,0,0,0,536870912,0]-[0,48,0,33554432,131072]
[0,0,0,0,0,0,0,0,0,0,4096,8388608,0,0,4096,0]-[65536,0,1073741824,131200,0]
[0,0,0,0,67108864,0,64,0,1048576,0,4096,0,262144,536870912,0,0]-[16384,4,128,256,0]
[0,0,67108864,0,0,268435456,0,0,0,0,0,0,0,0,0,0]-[40374282,874852469,3261637420,2170944,657415]
[0,0,0,0,0,0,0,256,0,0,0,0,262144,0,0,0]-[268566800,1179650,540020736,64,1052674]
[8388608,0,0,0,0,0,8196,0,0,0,0,0,0,0,0,0]-[1024,32,2097152,0,2]
[0,0,67108864,4194304,0,0,0,0,0,0,4096,0,0,0,0,0]-[1,132116,0,33591556,2097154]
[0,0,0,0,0,0,0,0,0,0,524288,0,16777216,0,524288,0]-[525312,4,0,0,4096]
[0,0,0,0,0,64,0,0,0,0,0,0,0,0,266240,0]-[0,0,2097216,1048576,524288]
[0,0,67108864,0,0,0,0,0,0,0,0,0,131072,0,0,0]-[2299002884,2149592944,3559412532,2150695584,2162833]
[0,0,67108864,0,0,0,0,0,0,0,0,2097152,0,0,0,0]-[2619867683,2149844037,18372372,3226055845,3671232]
[0,0,67108864,0,0,0,0,0,1048576,0,0,0,0,0,0,262144]-[16777216,65536,1074266112,448,256]
[2147483648,0,0,0,0,0,0,0,1048576,0,0,0,0,0,0,0]-[33554688,8454416,570433744,369098753,9233]
[33554432,0,0,0,0,0,0,0,0,0,4096,0,0,0,0,0]-[8389120,0,128,0,32768]
[0,0,0,0,0,0,8192,0,0,0,0,0,0,65536,0,0]-[67118080,285245442,551559168,0,0]
[0,0,0,0,16384,0,0,16,0,0,512,0,0,0,0,0]-[1048576,0,524288,4195328,0]
[0,0,0,0,0,0,0,0,524288,0,0,0,0,0,268435456,0]-[4194304,16384,2,0,32768]
[0,0,0,16777216,0,0,0,0,537919488,0,0,0,0,0,0,0]-[128,16,32768,128,0]
[128,0,67108864,0,0,0,0,0,0,1073741824,0,0,0,128,8,0]-[0,0,0,65536,524356]
[0,0,0,0,0,0,0,0,0,0,4096,0,262160,0,0,0]-[0,131076,1,67108864,0]
[0,0,67108864,0,0,64,0,0,1048576,0,0,0,0,536871040,0,0]-[2048,0,0,64,196]
[0,0,0,0,0,0,0,0,1048576,0,0,134217728,8,0,0,0]-[33554432,16,1073741952,0,0]
[0,0,67108864,0,0,0,0,0,0,0,4096,0,0,1,0,0]-[2112,2151678016,0,0,0]
[0,134217728,67108864,0,0,0,0,134217728,0,0,0,0,0,0,0,0]-[8388608,2048,2147483648,0,16384]
[0,0,67108864,0,0,264,0,0,134217728,0,0,0,0,128,0,0]-[64,65536,1073741828,0,0]
[0,0,0,0,0,0,0,8,0,0,0,0,0,128,33554432,0]-[2560,0,524288,2359296,0]
[0,1,0,0,0,0,0,536870912,0,2048,0,0,0,0,0,0]-[4198400,0,0,268437504,0]
[0,0,0,0,0,256,1073741824,0,0,0,0,0,0,128,0,0]-[512,65536,393217,67371008,0]
[0,0,16777216,32,0,0,0,0,0,0,0,0,0,0,0,0]-[32,2147483648,16777216,4096,0]
[1073741824,0,67108864,0,0,256,0,0,134217728,0,0,0,0,0,0,0]-[65600,0,1073741824,0,64]
[0,0,0,0,0,0,0,0,1048576,0,16384,0,1048576,2147483648,0,0]-[0,0,8388608,536903712,0]
[0,0,67108864,0,0,0,0,0,1048576,0,33554432,0,0,0,0,0]-[2097152,302071812,4229136,5768384,1216]
[0,0,67108864,0,0,8192,0,0,0,0,4096,0,0,0,0,0]-[229179402,2705764620,627220,17663642,50566]
[128,0,67108864,0,0,8256,0,0,0,0,0,0,0,0,0,0]-[65536,4096,524288,0,2]
[0,0,0,0,0,16777216,0,0,0,0,0,0,1048576,0,0,0]-[1281,2654210,2147781248,553910272,197632]
[0,0,0,0,0,0,0,0,0,128,0,0,0,128,0,0]-[3293397,0,8945796,2363520,303172]
[0,0,67108864,0,0,0,0,0,1048576,0,4096,0,4096,0,0,0]-[134217730,2048,2147483648,0,0]
[128,0,0,0,0,0,4194304,0,1048576,0,0,0,0,0,0,0]-[0,0,536870912,4194336,4]
[0,0,0,0,0,0,0,0,134217728,0,1024,0,0,0,0,0]-[8405000,1048576,0,0,0]
[0,0,0,0,0,32768,0,0,0,1048576,0,0,0,536870912,0,0]-[0,8194,2147745792,0,0]
[0,0,0,0,0,64,0,8,1048576,0,0,0,0,0,0,0]-[0,128,160,0,4]
[0,0,0,0,0,0,0,0,1048576,0,0,0,0,8192,0,0]-[16384,896,786560,1077971456,0]
[0,0,0,0,0,0,0,0,16777216,0,0,0,32768,0,0,0]-[536870912,4096,0,2048,4]
[0,0,0,0,0,0,0,0,0,8388608,0,0,0,128,0,0]-[131154,2818572320,10502274,1074266689,1082372]
[0,0,67108864,0,0,0,64,0,0,0,0,0,0,0,67108864,0]-[0,268435456,6291456,0,131072]
[0,0,0,0,0,0,0,0,0,0,0,0,268697600,0,33554432,0]-[0,128,134218756,0,0]
[4224,0,0,0,0,0,0,0,0,0,0,0,0,0,0,0]-[33554432,0,0,1094729728,4096]
[0,0,67108864,0,0,0,8192,0,0,0,0,0,0,0,0,8]-[2147483648,0,268435456,4096,1048576]
[0,0,0,0,0,0,16384,0,0,0,0,0,0,128,0,0]-[2097281,131104,2692890625,337643586,98336]
[0,0,0,0,0,0,0,134217728,0,0,0,0,16384,0,0,0]-[1048576,2147483648,0,64,64]
[0,0,16,0,0,0,0,0,0,0,0,0,1048576,0,0,0]-[16842884,8388608,1073741826,0,32]
[0,0,0,0,0,512,0,0,0,0,0,0,0,512,0,0]-[33554432,262144,0,8388608,1]
[0,0,0,0,0,2147483648,32,0,0,0,0,0,0,0,0,0]-[0,2147483648,65537,2097152,0]
[0,0,0,0,32768,0,0,0,0,0,0,0,1048576,0,0,0]-[1207959680,3305123922,738206056,3022281285,14336]
[128,0,0,0,0,0,0,0,1048576,0,0,32,0,0,0,0]-[33685504,262144,32768,3524272128,16]
[0,0,67108864,0,0,256,0,0,1048576,0,0,0,67108864,0,0,0]-[0,32,8192,1,524288]
[128,0,0,0,0,0,0,536870912,0,0,0,0,0,128,0,0]-[131072,0,131072,0,131104]
[0,0,0,0,0,0,0,512,0,0,0,0,1048584,0,0,0]-[33554944,0,512,0,1]
[0,0,0,0,8388608,0,0,0,0,0,0,0,262144,0,0,0]-[0,16,262144,16777217,0]
[0,0,0,0,0,8192,0,0,1048576,0,0,0,0,128,0,0]-[35700884,1887764736,546086945,1879055090,9220]
[0,0,67108864,0,0,0,0,3072,0,0,0,0,8,0,0,0]-[32832,8192,0,128,0]
[2,0,0,0,0,0,0,0,1048576,0,0,0,0,0,0,0]-[12255376,37,58730736,537404672,0]
[0,0,67108864,0,0,0,64,0,0,0,0,0,0,1073741824,0,0]-[0,266241,0,16777216,0]
[0,0,0,0,0,2097152,16384,0,0,0,0,0,0,0,0,0]-[0,544,268435456,131072,0]
[0,33554432,0,0,32768,0,0,0,0,0,0,0,0,0,0,0]-[262144,0,4096,0,17]
[0,0,0,0,0,0,0,0,1048576,1048576,0,0,0,0,0,0]-[256,545259520,8388609,1073742336,16]
[0,0,67108864,0,2,0,0,0,0,0,4096,0,0,0,33554432,0]-[0,0,512,32768,2097280]
[1024,0,0,0,0,0,0,0,0,0,0,0,0,0,33554432,0]-[134217728,128,1024,134217728,0]
[128,0,67108864,0,0,8192,0,0,0,0,0,0,0,262144,0,0]-[8388640,0,0,0,32769]
[0,0,0,0,0,0,0,0,134217728,0,0,0,0,0,0,1]-[0,0,2097152,268435456,2304]
[0,0,2,0,0,256,0,0,0,0,0,0,0,0,0,0]-[2052,16384,0,0,32]
[0,0,67108864,0,0,0,0,0,0,512,0,0,0,33554432,0,0]-[278528,524288,0,0,262144]
[0,0,0,512,1,0,0,0,0,0,0,0,1048576,2,0,0]-[536870912,2,69632,0,0]
[0,0,0,4096,0,4194304,0,0,0,0,0,0,0,0,0,0]-[16,8192,64,512,0]
[0,0,0,0,0,0,8192,0,1048576,0,0,0,0,32,0,0]-[32768,269484032,0,1024,0]
[0,0,128,0,0,0,0,0,1048576,0,0,0,1048576,0,0,0]-[131200,4,0,1048576,0]
[0,0,0,0,0,0,0,0,0,0,0,0,0,34078720,0,0]-[1073745920,0,8388608,0,1]
[0,0,0,0,0,0,64,0,16777216,0,0,0,0,0,0,0]-[547390721,1342309956,570627240,570689600,29092]
[33554432,0,0,0,0,0,0,16777216,0,0,0,0,0,0,0,0]-[2056,0,64,0,8]
[0,0,0,0,0,64,0,0,0,0,2048,0,0,0,0,0]-[2147516928,2097152,2176,8192,0]
[0,0,0,0,0,0,8192,8388608,0,0,4096,0,0,128,0,0]-[0,67108865,0,268435456,32]
[0,0,0,0,0,0,8192,16,134217728,0,0,0,1048576,0,0,0]-[16384,1048584,2097152,0,0]
[0,0,67108864,0,0,8208,0,0,0,0,0,0,0,0,0,0]-[8,4,0,16777216,256]
[0,128,0,0,67108864,8192,0,0,0,0,0,0,0,128,0,0]-[12,0,262144,1073741824,0]
[0,0,67108864,0,0,0,4096,0,134217728,0,0,0,0,0,0,0]-[33,0,40960,0,0]
[0,0,0,0,0,0,0,0,0,0,0,8388608,262144,0,0,0]-[16640,8196,259,4194560,131072]
[0,0,0,0,0,64,0,0,0,0,0,0,0,8,0,0]-[2415919120,2048,1024,545259584,0]
[0,0,0,0,0,0,0,32,0,0,0,0,0,134217728,0,0]-[0,0,1536,1082130432,0]
[0,0,67108864,0,0,0,0,0,1048576,0,0,0,256,0,67108864,0]-[0,16384,0,576,1024]
[0,0,0,0,0,0,8192,0,1048576,0,0,131072,0,0,0,0]-[0,16384,0,2684354560,8192]
[128,0,0,0,0,256,0,0,0,524288,4096,0,16777216,0,0,0]-[64,1024,0,268435456,4096]
[0,0,67108864,0,0,262144,0,16,1048576,0,0,0,0,0,0,0]-[0,16,0,2147483904,1]
[0,0,0,512,0,2,0,0,1048576,0,0,0,0,128,0,0]-[32768,0,262144,67110912,0]
[0,0,0,0,0,0,8192,0,0,0,0,0,0,4096,0,0]-[37748801,524416,0,65536,131072]
[0,0,0,0,0,0,0,33554448,0,0,0,0,0,128,0,0]-[80,0,2147483648,4096,0]
[0,0,67108864,0,8192,256,0,0,0,0,0,0,0,0,0,0]-[64,0,0,262144,257]
[0,0,67108864,0,0,0,0,268435456,0,0,0,0,0,131072,0,0]-[16777216,16777216,4718592,0,0]
[0,0,67108864,0,0,0,64,0,0,0,0,0,1048576,0,0,0]-[2199947329,2214703629,308353564,17830661,3197062]
[0,0,67108864,0,0,0,64,0,0,32768,0,0,0,0,0,0]-[0,131072,1073741824,2097408,0]
[0,260,0,0,0,0,0,0,1048576,0,0,0,262144,0,0,0]-[256,0,536870912,33554432,1048576]
[128,134217728,0,0,0,0,0,0,0,0,0,0,0,0,0,0]-[512,0,0,1107296320,0]
[0,0,0,0,32,8192,0,0,0,0,0,0,0,0,0,0]-[0,1073741824,0,1090519040,32]
[0,0,67108864,0,0,0,0,0,1048576,2097152,0,0,0,0,0,0]-[1,537149952,4227072,37748755,1049604]
[0,0,1,0,0,0,0,0,0,8,0,0,536870912,0,0,0]-[536870912,16384,64,131072,0]
[0,0,0,0,0,256,2097152,16,0,0,0,0,0,0,0,0]-[0,0,134217728,2214592512,1]
[0,0,67108864,0,0,0,0,16,0,0,0,0,0,128,128,0]-[0,0,2147483648,2097168,2097152]
[0,0,67108864,0,0,8192,0,16777216,0,0,0,0,0,0,0,0]-[0,17039368,4194304,0,0]
[0,0,0,0,0,0,0,0,1048576,0,0,0,1048576,0,67108864,0]-[33028,4210688,2048,1677721600,132096]
[0,0,0,0,0,32,0,0,0,0,4096,0,0,0,0,0]-[540928,1028,33570816,301990272,2129920]
[0,0,0,0,0,0,0,0,0,0,4096,8192,0,0,0,0]-[256,33685520,65664,268566656,16384]
[0,0,0,0,0,0,0,0,16384,0,0,1073741824,0,0,0,0]-[0,4112,0,536872960,0]
[0,2147483648,0,0,0,0,0,0,0,0,0,0,0,4194304,0,0]-[0,150994944,1073741824,0,131072]
[0,0,0,0,0,0,0,0,1048576,0,1,0,8,0,0,0]-[0,0,16777217,1,128]
[0,128,0,0,0,8192,0,0,0,0,0,0,262144,0,0,0]-[2621440,38912,553680896,0,0]
[0,0,0,0,0,256,0,16,8,0,0,0,0,0,0,0]-[0,0,136314880,0,8193]
[0,0,0,0,0,0,0,20,0,0,4096,0,1048576,0,0,0]-[0,0,4096,33570816,32]
[0,0,0,0,0,8192,33554432,0,0,0,0,0,0,0,0,0]-[2151743496,0,17040384,1074003969,0]
[0,0,67108864,0,32768,0,0,24,1048576,0,0,0,0,0,0,0]-[0,0,2048,16,17]
[0,0,67108864,0,1048576,0,0,0,0,0,4096,0,0,0,0,0]-[2097152,4194312,16,256,0]
[0,0,0,0,512,0,0,0,135266304,0,0,0,0,0,0,0]-[0,0,16777216,640,131072]
[0,0,67108864,0,0,0,0,8,0,268435456,0,0,0,0,0,0]-[2,4456448,4096,0,0]
[0,128,0,0,0,0,0,0,1048576,0,0,0,0,1048576,0,0]-[0,32,8388672,0,256]
[0,0,67108864,0,0,0,0,0,0,0,64,0,512,0,0,0]-[134217728,0,0,33558530,0]
[0,0,67633152,0,0,0,0,0,0,0,0,0,64,0,0,0]-[32,0,33554432,528,0]
[0,0,67108992,0,0,0,0,0,1048576,0,0,0,0,0,0,0]-[29362176,4198916,16,1081379,3088]
[0,0,0,0,0,0,0,0,0,0,4096,0,262146,0,0,0]-[268435456,0,33554432,4195328,0]
[0,0,0,0,32768,0,0,0,0,0,0,65536,0,0,0,0]-[0,64,262144,2147483648,2048]
[0,128,0,0,0,0,0,0,1048576,0,0,0,65536,0,0,0]-[0,32,64,1048578,0]
[128,0,0,32,0,0,0,0,1048576,0,0,0,1048576,128,0,0]-[33556480,0,545259520,0,0]
[0,0,0,0,0,8192,0,0,1048576,0,0,0,0,1048704,0,0]-[2097152,1073741824,545259520,0,0]
[0,0,0,0,0,0,0,0,0,134217728,4096,0,0,0,0,0]-[286790144,436207936,134218306,407454080,266372]
[0,1,67108864,0,0,0,0,0,0,0,0,0,0,0,0,0]-[536875057,338256148,2218789684,134349912,655363]
[0,0,67108864,0,0,33554688,0,0,1048576,0,0,0,0,0,0,0]-[65536,268435968,0,0,131072]
[0,0,0,0,0,256,8192,0,0,0,0,0,0,134217728,0,0]-[67174400,128,64,0,0]
[0,0,0,0,0,0,0,0,134217728,0,0,0,0,2147483648,0,0]-[131200,524288,0,131078,512]
[0,0,0,0,0,16,2147483648,0,0,0,0,0,0,8388608,0,0]-[512,0,0,16777216,262146]
[0,0,0,8388608,0,0,0,0,0,0,0,0,262144,128,0,0]-[64,65536,0,2560,0]
[0,0,0,0,0,0,0,0,144,0,0,0,0,0,0,0]-[268435456,134479936,0,8388608,524288]
[0,0,1024,0,0,0,0,0,16777216,0,0,0,0,0,0,0]-[2181038084,337641472,77725697,131328,8244]
[0,268435456,67108864,0,0,0,0,0,0,0,0,0,0,0,33554432,0]-[32,256,2148007936,0,2048]
[0,0,0,0,0,0,8192,0,128,0,0,0,0,0,0,0]-[0,0,10487808,0,256]
[0,128,0,0,0,0,8192,0,0,0,0,0,0,128,33554432,0]-[131072,67108864,4,64,0]
[0,0,0,0,33554432,0,0,0,0,0,0,32,0,128,0,0]-[0,16777216,655360,0,32768]
[0,0,0,0,0,0,0,2147483648,0,0,0,0,0,0,512,0]-[64,0,1152,0,65536]
[128,0,0,0,0,2147483648,0,0,0,0,4096,0,1048576,0,1073741824,0]-[16384,0,33554432,65536,4096]
[0,0,0,0,0,0,0,0,0,0,16,0,0,0,8388608,0]-[2,8388608,1024,8192,0]
[0,0,0,0,0,0,8192,0,0,0,0,0,1048712,0,0,0]-[33554432,0,576,0,1]
[0,128,67108864,0,0,0,0,0,1074790400,0,0,0,67108864,0,0,0]-[2097152,16,0,2147484672,0]
[0,0,0,0,0,0,0,0,0,0,0,134217728,0,8192,0,0]-[33554432,0,128,0,8194]
[0,0,0,262144,0,1,0,0,0,0,67108864,0,0,0,0,0]-[16384,8192,1,0,4]
[0,0,0,0,0,0,0,0,16777216,0,0,0,0,0,16384,0]-[2,512,64,16777216,0]
[0,0,0,0,0,64,0,536870912,0,0,0,0,0,0,0,0]-[2952790016,144,4104,0,128]
[0,0,67108864,0,0,0,0,262144,0,0,0,0,0,2097152,0,0]-[0,538968072,32768,0,0]
[0,0,16777216,0,0,0,0,4194304,0,0,0,0,262144,0,0,0]-[268435456,1024,2,1024,0]
[0,0,0,0,0,0,0,1073741824,0,0,0,0,0,128,0,0]-[270925895,67108928,537427968,1216413896,32992]
[0,256,67108864,0,0,0,0,0,0,0,0,0,131072,0,0,0]-[524292,0,2149580800,0,0]
[0,4194336,0,0,0,0,0,0,0,0,0,0,0,128,0,0]-[512,32,0,201326592,0]
[0,0,0,0,0,0,0,0,1048576,0,0,8,1048576,128,0,1024]-[393217,0,0,0,1024]
[1073741824,0,67108864,0,0,0,0,8192,0,0,0,0,0,0,0,0]-[0,776,268435456,0,0]
[0,0,0,0,0,0,0,0,33554432,0,4096,0,1048576,0,0,0]-[1,32768,0,33554432,32]
[0,0,67108864,0,0,524288,0,0,0,0,0,0,0,128,0,0]-[0,16777472,2097156,0,0]
[0,0,67108864,0,0,256,0,0,1048576,8192,0,0,0,0,0,0]-[0,0,0,136314880,1025]
[0,0,0,0,0,0,0,0,0,0,0,0,0,0,67108864,4]-[0,1207959552,2048,16777216,0]
[0,0,67108864,0,0,16793600,0,0,1048576,0,0,0,0,0,0,0]-[1,33619968,0,1024,0]
[0,0,67108864,0,0,0,0,0,0,0,0,0,1048576,0,16384,0]-[134217728,0,1073758212,0,0]
[0,0,0,0,268435456,0,0,0,0,0,0,0,1048576,0,0,0]-[1024,16,0,2049,0]
[8388608,0,0,0,0,0,0,0,0,0,0,0,0,0,268435456,0]-[2147500032,2097152,0,16777216,0]
[0,0,0,0,0,0,0,16,0,0,4096,32,0,128,0,0]-[0,0,2,134217744,8192]
[0,0,0,0,0,8192,0,0,0,0,8192,0,0,0,0,0]-[0,0,9175040,16777216,16640]
[0,0,0,0,0,0,0,0,0,2,0,0,0,128,0,0]-[4,0,536870912,0,393216]
[0,0,0,0,0,8192,0,0,0,0,0,0,0,0,4,0]-[17301504,0,64,1082130432,0]
[0,0,0,0,0,0,256,0,1048576,0,0,0,0,0,0,0]-[8192,0,6,0,4096]
[0,0,67108864,0,0,0,64,0,0,0,0,65536,0,0,0,0]-[0,64,0,6324224,2048]
[0,0,0,0,0,2147483648,0,0,1048576,0,4096,0,0,128,0,0]-[0,8388608,0,2097152,532480]
[0,0,69206016,0,0,0,0,0,4456448,0,0,0,0,0,0,0]-[0,2048,1073741824,8192,1024]
[0,0,67108864,0,0,0,4,0,0,0,4096,0,0,0,0,0]-[19398656,0,268435456,33555840,49152]
[0,0,0,0,0,4,0,0,0,0,0,0,0,128,0,0]-[35651600,131104,538050566,1140850820,1081440]
[0,0,0,0,0,0,0,0,0,0,0,0,262144,536871040,0,0]-[16400,2048,536871043,67108864,656384]
[0,0,0,0,67108864,0,0,16,0,0,524288,0,0,0,0,0]-[67108864,16777216,128,536870912,0]
[2048,0,0,0,0,8192,0,0,0,0,0,0,0,0,0,0]-[34078976,34816,0,32768,4224]
[0,0,67108864,0,0,16384,0,0,0,0,4096,0,0,128,0,0]-[2099201,32,0,262276,65536]
[0,0,67108864,0,0,0,0,0,1073741824,0,0,0,0,0,33554432,0]-[0,8192,512,0,32832]
[134217856,0,0,0,0,0,0,0,0,0,0,0,0,0,0,0]-[512,0,33685504,8,0]
[0,0,0,0,1024,128,0,0,0,0,0,0,0,0,0,0]-[2147483648,4194304,0,131072,8192]
[0,0,0,512,0,0,0,16,0,0,0,0,0,0,0,0]-[2147483648,32,134217728,2147483648,0]
[0,4,67112960,0,0,0,0,0,0,0,0,0,1048576,0,0,0]-[0,16,67108864,32,1]
[0,0,67117056,0,0,0,2097152,0,0,0,524288,0,0,0,0,0]-[2097152,0,0,128,131074]
[0,0,0,0,0,2,0,0,0,64,0,0,0,0,0,0]-[134217728,537919488,0,4,0]
[0,0,0,0,0,0,0,16,0,0,0,0,0,128,0,64]-[0,1048576,1081346,144,0]
[0,0,64,0,0,0,0,0,0,0,0,0,0,0,268435456,0]-[67108928,0,0,8388612,0]
[0,0,0,0,0,16,0,0,0,0,0,0,0,0,1073741824,0]-[131072,134217728,0,16416,0]
[0,0,0,0,0,512,0,268435456,0,0,0,0,0,0,0,0]-[16,8,32800,0,0]
[0,0,0,0,0,0,0,0,0,524288,0,0,0,536870912,0,0]-[2181079040,134217728,32,1024,512]
[0,0,0,0,67108864,0,0,0,0,0,4096,0,0,134217728,0,0]-[0,4,268501120,0,0]
[0,0,0,0,0,0,0,0,2147483648,0,0,0,1048576,0,0,0]-[262144,18432,65537,1064960,53344]
[128,128,0,8192,0,0,0,0,0,0,0,0,32,0,33554432,0]-[131584,0,1024,64,0]
[0,0,0,0,0,256,0,0,134217728,0,0,0,0,128,0,0]-[269877840,9502976,1084620804,405018628,1088]
[0,33554432,0,0,0,0,0,0,1048576,0,0,0,1048576,0,0,0]-[0,1048576,33554432,33554432,64]
[0,0,0,0,0,33554432,0,0,0,0,1073741824,0,0,0,0,0]-[1073741824,1048584,2,0,0]
[0,0,67108864,0,0,0,0,1073741832,0,0,0,0,0,0,0,0]-[0,4194304,512,2097156,0]
[0,0,67108864,131072,0,0,0,8,0,0,0,0,65536,128,0,0]-[0,0,0,134479876,128]
[0,128,67108864,0,0,0,0,0,0,0,0,0,0,0,262144,0]-[0,262144,4194304,294912,0]
[128,0,2147483648,0,0,0,0,0,0,0,0,0,262144,2176,0,0]-[0,256,8388608,8,4]
[0,0,67108864,0,0,0,0,0,0,0,0,0,256,0,0,4]-[0,512,67117072,64,0]
[0,0,67108866,0,0,256,0,0,1048576,0,0,0,0,0,0,0]-[2097153,0,8,8192,0]
[0,0,0,0,0,0,64,0,4096,0,4096,0,0,0,0,0]-[0,131072,65680,0,0]
[0,128,0,0,1,0,0,0,0,0,0,0,0,0,0,0]-[0,4,1343226048,16908288,2048]
[0,0,67108864,0,1073741824,8192,0,0,0,0,0,0,0,0,0,0]-[67108864,0,2048,2,131072]
[0,0,0,0,2048,0,0,0,1048576,0,0,0,0,0,0,0]-[344064,537920036,546078728,1107296256,1284]
[0,0,0,0,0,0,0,0,0,1,0,0,1048576,128,65536,0]-[536870912,4108,0,0,0]
[0,0,0,0,0,0,0,0,0,0,0,0,536870912,2,0,0]-[32768,4194368,0,0,8]
[0,0,0,0,0,0,0,0,1048576,0,0,0,1048592,0,0,0]-[65536,128,1073741832,2176,16]
[0,0,0,0,67108864,0,0,0,0,0,0,1073741824,0,0,0,0]-[1073741856,512,0,16,1049088]
[0,0,67108864,0,0,0,0,0,0,2097152,0,134217728,0,0,0,0]-[1,0,67108864,1,2097152]
[0,0,0,0,0,0,0,8,0,0,0,33554432,0,536870912,0,0]-[262150,0,512,0,0]
[16384,0,0,0,0,0,0,0,1048576,0,0,0,0,0,0,0]-[0,2164260866,0,0,2097152]
[0,0,67108864,0,67108864,0,0,16,0,0,4096,0,0,0,0,0]-[65536,71565392,0,384,0]
[0,1048576,0,0,0,0,0,0,4194304,0,0,0,0,0,0,0]-[2,2,16384,64,0]
[0,0,67108864,0,0,256,0,0,0,0,0,0,0,512,0,0]-[4,262144,1050624,0,0]
[0,0,67108864,0,0,2147483648,0,0,0,0,0,0,0,0,16,0]-[0,16,1028,128,1048576]
[0,0,0,0,0,0,0,0,0,0,0,0,1048576,0,0,4]-[512,67108866,262149,2560,16]
[0,0,0,0,0,0,0,0,0,0,4096,0,0,0,1,0]-[2304,20971528,33554432,1024,2097152]
[0,0,0,0,0,0,8192,0,0,0,4096,0,0,0,0,0]-[3557653313,4016480617,462164549,1044897708,2644010]
[0,0,0,0,0,0,0,16777232,17825792,0,0,0,0,0,0,0]-[0,0,64,402653312,0]
[0,0,8192,0,0,0,0,0,0,0,8,0,0,0,0,0]-[272629760,0,0,1073741824,4]
[0,0,0,0,0,64,0,2097152,0,0,0,0,0,0,0,0]-[0,2097152,8388736,1,0]
[0,0,67108864,135168,0,0,0,0,0,0,4096,0,0,0,0,0]-[0,536870912,0,32772,2097152]
[128,0,67108864,16777216,0,0,0,0,0,0,0,0,0,0,0,0]-[0,536870912,67108880,0,2097152]
[128,0,0,0,0,0,0,0,0,0,0,32,537919488,0,0,0]-[536870913,33570816,0,0,0]
[0,0,0,0,67108864,0,0,0,0,0,0,0,0,0,8388612,0]-[262144,0,9437696,0,0]
[0,0,0,0,0,0,0,16,0,0,4096,0,0,0,16,0]-[4096,262144,0,4194304,8]
[0,0,0,0,0,0,64,0,0,0,0,0,8,0,32768,0]-[0,67108868,0,536903680,0]
[0,0,0,0,0,0,0,0,0,512,0,0,8,0,0,0]-[0,33554432,17301504,133120,0]
[0,0,0,0,0,0,0,0,1048576,0,0,65536,1048576,0,0,0]-[16777216,33554432,262144,2097152,0]
[0,0,67108864,0,2048,0,1024,0,1048576,0,0,0,0,0,0,0]-[2147485696,0,16,2,0]
[128,0,0,0,0,0,0,0,0,268435456,0,0,0,0,0,0]-[67125312,2048,8,1111523330,4100]
[0,0,67108864,524288,0,0,0,0,8388608,0,0,0,1048576,0,0,0]-[0,67109376,8192,16,0]
[0,0,67108864,0,0,64,0,0,0,0,0,0,0,0,0,1024]-[0,512,1024,2147491840,0]
[0,0,0,0,0,0,0,0,67108864,0,0,16384,0,0,0,0]-[0,100663300,0,1073741824,0]
[0,0,67108864,0,0,0,8192,0,0,0,0,2,0,0,0,0]-[4194304,264192,2147483648,0,0]
[0,0,67108864,0,0,0,0,0,4194304,0,0,0,0,0,0,0]-[134219777,859835205,3222841864,17039489,131344]
[0,0,0,0,0,0,0,0,1048576,0,0,16777216,1048576,0,0,0]-[65536,16,8388640,0,131072]
[0,0,0,0,0,0,0,16,0,0,0,0,512,0,0,0]-[0,8,16777216,33554432,2097152]
[0,0,67117056,0,0,0,0,0,0,0,0,536870912,0,0,0,0]-[0,8,4096,64,256]
[0,0,0,0,4194304,0,0,0,0,0,0,0,0,128,0,0]-[148034,1702887424,10616832,1610618948,2105344]
[0,0,1024,0,0,0,0,16,0,0,0,0,0,0,1024,0]-[0,0,131328,4128,0]
[128,0,67108864,131200,0,0,0,0,0,0,0,0,0,0,0,0]-[134217728,1024,33554432,32,0]
[0,0,67108864,65536,0,0,0,0,0,0,0,0,0,32,0,0]-[0,0,0,17039360,2228224]
[0,0,0,0,0,0,0,0,4096,0,0,32,1048576,0,0,0]-[0,2147483664,64,8192,0]
[0,0,0,0,67108864,0,0,16,1048576,0,0,0,0,128,0,0]-[32768,32,536870912,32,0]
[0,0,0,0,0,0,0,0,0,0,1073741824,0,0,4096,0,0]-[131072,0,8,8192,512]
[16,0,536870912,0,0,0,0,0,0,0,0,0,0,0,0,0]-[9437184,256,8192,0,0]
[0,0,0,0,0,0,0,0,0,0,4096,16384,8,0,0,0]-[262144,16,576,0,0]
[0,0,0,262144,0,0,0,16,0,0,0,0,0,0,0,0]-[0,8388608,165888,0,20480]
[134217728,0,67108864,0,0,0,0,0,0,0,0,0,0,16384,0,0]-[2048,0,1040,32,0]
[0,0,0,0,0,0,0,0,8,0,0,0,65536,0,0,0]-[4096,0,65536,2048,64]
[0,0,0,0,0,0,0,16,0,0,4096,0,64,0,0,0]-[0,268435456,0,2147483680,262144]
[0,0,0,0,0,0,0,0,1048576,0,512,0,0,0,0,0]-[2183413781,8389120,788560,138456065,320]
[8,0,67108864,131072,0,0,0,0,0,0,0,0,0,0,0,0]-[4718592,17408,0,0,0]
[0,0,67108880,0,0,0,0,0,0,0,0,0,2048,0,0,0]-[0,3072,2048,16,0]
[0,0,67108864,4194304,0,2048,0,0,0,0,0,0,0,0,0,0]-[524288,2105360,0,0,0]
[128,67108864,0,0,0,0,0,0,0,0,0,0,0,0,0,0]-[65664,36880,16,0,8]
[128,0,67108864,0,0,0,0,0,0,8,0,0,0,0,0,0]-[65536,2214592512,0,0,1]
[0,0,67108864,0,0,8256,0,0,1048576,524288,0,0,1048576,0,0,0]-[0,16,0,524352,4]
[0,0,0,0,0,0,0,0,0,16384,4096,0,0,0,0,0]-[8650752,2214633480,1073741953,82952,0]
[0,0,0,0,0,0,0,0,1048576,0,0,0,1048576,0,0,128]-[16777216,0,8192,0,9216]
[0,0,0,0,0,0,134217728,0,1048576,0,0,0,0,0,0,0]-[50430352,545276160,571211776,3221230594,1048592]
[0,0,67117056,0,0,0,0,0,0,0,0,0,0,128,0,0]-[1048704,0,8388736,0,0]
[0,0,0,0,0,0,8192,256,1048576,0,0,0,0,0,0,0]-[0,536871040,536870912,0,1048576]
[0,0,0,0,0,0,64,0,0,0,0,262144,0,0,0,0]-[0,0,1073741824,537919488,4096]
[0,0,0,0,0,256,0,0,0,0,0,0,0,524288,0,0]-[0,0,525056,131072,0]
[128,0,0,0,0,1,0,0,0,0,0,0,0,0,0,0]-[0,2048,8388616,306315264,131072]
[0,0,0,0,0,0,0,33554432,1048576,0,0,0,0,0,0,0]-[4195328,524290,0,65536,0]
[0,0,0,0,2147483648,0,0,0,2048,0,0,0,1048576,0,0,0]-[0,1024,25165824,8192,0]
[0,0,0,0,0,0,0,16,1048576,0,0,0,262144,0,0,0]-[16400,1048580,553680896,102760736,1056768]
[0,268435456,0,0,67108864,0,0,0,0,0,0,0,0,0,0,0]-[8192,294912,16777730,4096,524288]
[0,0,0,0,0,0,0,16,1048592,0,0,0,0,0,0,0]-[262145,4194304,0,8192,0]
[0,128,67108864,0,0,0,64,0,0,0,4096,0,0,0,0,0]-[0,131136,1073741824,256,0]
[0,0,0,0,0,0,0,0,1048576,0,0,0,1048576,0,0,524288]-[269484096,130,0,2050,131072]
[0,0,0,0,0,0,0,0,0,0,67108864,0,256,0,0,0]-[1048576,16384,524288,327712,20481]
[128,0,0,0,0,128,0,0,0,0,0,0,1048576,128,0,0]-[0,0,16384,1073742016,0]
[128,0,16777216,0,0,0,0,0,0,0,0,0,0,0,0,0]-[1082196640,335806480,33685506,2420572257,2625585]
[0,0,67108864,0,0,0,0,4096,0,0,0,0,0,0,0,0]-[2166886440,285288308,2148103940,4231973,1704065]
[0,0,0,0,0,256,0,1048576,0,0,0,0,0,0,0,0]-[0,0,8,49152,128]
[0,0,67108864,0,0,0,0,0,0,0,0,0,262144,8388736,0,0]-[0,16780288,0,2097152,0]
[0,0,0,0,0,0,0,0,1048576,0,1048576,8388608,1048576,0,0,0]-[262144,1048608,0,1048576,0]
[0,0,0,0,0,64,0,0,0,0,67108864,0,0,128,0,0]-[268451840,0,8388736,0,1060]
[0,0,0,0,0,0,0,0,0,0,0,0,0,8388608,0,8]-[131336,8388608,0,0,0]
[128,0,0,0,0,256,0,0,0,0,256,0,0,0,0,0]-[1073741824,0,536879104,32768,0]
[0,0,67108864,0,4,0,0,0,1048576,0,0,0,0,128,0,0]-[33554433,0,0,544,131072]
[2097152,0,0,0,0,0,64,0,0,0,0,0,0,0,0,0]-[2129921,0,67108880,131072,2048]
[0,0,0,524288,0,64,0,0,0,0,0,0,2147483648,0,0,0]-[268435456,2147483648,0,64,2]
[0,0,67108864,0,0,32768,0,8,0,0,4096,0,0,0,0,0]-[0,17170432,4096,0,0]
[0,0,0,0,0,0,0,0,524288,0,0,524288,8,128,0,0]-[0,1,0,2064,524288]
[1073741824,0,0,0,0,0,0,0,0,0,0,0,0,0,67108864,0]-[1074266112,1073741856,133120,8192,4096]
[0,0,0,0,0,0,0,1024,0,0,536870912,0,0,128,0,0]-[0,65536,131072,2097152,65536]
[0,0,0,0,0,0,0,131072,0,0,4096,0,0,0,134217728,0]-[0,4227072,33554432,0,8]
[0,0,0,0,0,0,0,0,0,0,0,0,0,32,67108864,0]-[0,33554432,66,67108864,0]
[0,0,0,0,0,0,0,256,0,0,0,4096,0,0,0,0]-[0,4096,33558528,536870912,0]
[0,0,67108864,0,131072,0,0,0,1048576,0,0,0,0,128,0,0]-[0,536870912,0,16,1048704]
[0,0,67108864,0,0,0,0,16,0,0,0,0,0,16512,0,0]-[4194304,0,1040,524288,0]
[0,0,0,0,0,0,0,0,1048576,0,0,134217728,1048584,0,0,0]-[128,4,1,0,128]
[0,0,67108864,0,0,0,2147483648,0,1048576,0,4096,0,0,0,0,0]-[1,570425344,0,512,0]
[0,8,0,0,0,0,0,16,0,0,0,0,0,0,0,0]-[8192,64,1074003968,4228096,0]
[0,0,0,0,0,0,0,0,0,1073741824,0,0,0,0,131080,0]-[4,1,8192,0,512]
[0,128,0,0,0,0,64,0,1048576,0,0,0,0,128,0,0]-[33554432,0,262144,1073745920,0]
[0,0,0,0,0,256,0,0,16,0,0,0,0,0,0,0]-[256,0,65536,67108864,256]
[0,1048576,16384,0,0,0,0,0,0,0,0,0,0,0,0,0]-[268435456,776,0,0,0]
[0,0,0,0,0,0,0,4,0,0,0,32768,1048576,0,0,0]-[1048576,0,4096,1064960,0]
[0,0,0,0,0,0,0,0,0,0,4224,0,262144,128,0,0]-[270532608,0,128,67108864,0]
[256,0,67108864,0,0,0,0,0,0,0,0,0,0,8388608,0,0]-[0,2048,2147549184,4096,0]
[128,0,67108864,0,0,0,0,0,0,0,131072,0,0,0,0,0]-[167772160,0,8192,1048576,0]
[0,0,0,0,0,0,0,256,2048,0,0,0,0,0,0,0]-[68157440,0,0,16416,0]
[0,0,67108864,0,0,0,0,0,0,0,0,0,0,268435456,0,0]-[2317353005,2802066036,2251328272,134316241,590848]
[0,0,0,0,0,64,0,0,1048576,0,0,0,0,0,4194304,0]-[33554432,4194304,16,2048,0]
[0,0,1073741824,0,0,0,0,0,0,0,0,0,0,0,128,0]-[33554436,0,131072,32768,0]
[0,1024,0,0,0,0,0,16,1048576,0,0,0,0,128,0,0]-[1,9437184,1074003968,536873088,0]
[0,0,67108864,0,0,0,0,0,4,0,0,0,256,0,0,0]-[0,16777216,0,16777216,16385]
[0,0,0,0,1073741824,0,0,0,0,0,4096,0,0,128,0,32768]-[0,67108864,8388608,0,32800]
[0,0,67108864,524288,0,256,0,16,0,0,0,0,0,0,0,0]-[0,32,256,128,2048]
[0,128,67108864,0,16,0,0,0,0,0,0,0,0,128,0,0]-[33554432,262144,2121728,4096,0]
[0,0,2097152,0,0,536870912,0,0,0,0,0,0,0,0,0,0]-[512,0,262144,1028,0]
[0,0,0,0,0,64,0,0,1048576,2147483648,0,0,0,0,0,0]-[0,0,2048,536870976,192]
[0,0,0,0,0,0,32,0,0,0,0,0,0,128,0,0]-[12,269615104,536870914,268500992,1048576]
[0,0,0,0,0,0,0,0,8454144,0,4096,0,1048576,0,0,0]-[0,4,134217729,0,8]
[0,0,0,0,0,0,32,24,0,0,0,0,8,0,0,0]-[0,1048576,2048,0,4097]
[0,0,0,0,0,256,0,16,1048576,0,0,0,0,2147483648,0,0]-[0,8388608,8388608,2147483648,8192]
[0,0,0,0,0,0,0,0,0,0,4096,0,1048576,0,0,16384]-[16777216,8,1,4194304,0]
[0,0,67108864,0,0,128,0,0,0,0,0,0,256,0,0,0]-[16777216,8192,32768,0,1048576]
[0,0,0,0,0,0,0,8192,0,0,0,0,0,128,0,0]-[16465,75694144,539885601,813957128,532608]
[131072,0,0,0,0,0,0,0,0,0,0,0,0,128,0,0]-[1048648,1082131520,537133184,1073741962,262368]
[0,0,0,0,0,0,0,0,8,16777216,0,0,0,0,0,0]-[65792,0,524544,0,0]
[0,0,67108864,0,0,0,134217728,0,0,0,0,0,0,0,0,2]-[2,4194304,20,0,0]
[0,0,0,0,8,0,0,16,135266304,0,0,4194304,0,128,0,0]-[0,1048576,536870912,48,0]
[0,0,0,0,0,8192,0,0,0,0,0,0,0,8,0,0]-[671088640,0,0,129,0]
[0,0,67108864,0,0,2,0,0,0,0,0,32,0,0,0,0]-[32834,16400,0,1572864,2]
[0,0,0,0,0,0,0,0,4,0,0,0,1048576,0,0,0]-[268697728,83904512,2097152,2168586752,8194]
[0,0,0,0,0,1048576,0,0,0,0,0,0,1048576,0,0,0]-[134348801,1073778688,1077936128,84086784,8324]
[0,8388608,67108864,0,0,0,0,0,0,0,0,0,0,0,0,0]-[170203170,296172061,1109397366,50640686,672791]
[0,0,0,0,0,134225920,0,0,134217728,0,0,0,0,0,0,0]-[536870920,0,0,16777232,0]
[0,0,67108864,0,0,0,0,1073741824,0,0,0,0,0,536871040,0,0]-[2,2048,0,64,2097152]
[0,0,67633152,0,0,0,0,0,0,0,33554432,0,0,0,0,0]-[0,16384,0,524416,16384]
[0,0,67108864,0,0,512,0,16,0,0,0,0,8,0,0,0]-[0,4,2097152,134217729,0]
[0,0,1048576,0,0,0,0,0,0,1,0,0,1048576,0,0,0]-[512,16,16777216,8192,0]
[0,0,268435456,1,0,0,0,0,0,0,0,0,0,0,0,0]-[8388608,50855936,268435456,0,8192]
[128,0,67108864,0,0,0,0,0,0,0,1052672,0,0,0,0,0]-[0,604012576,0,0,0]
[0,0,67108864,0,0,8192,0,0,0,0,0,0,4096,0,0,0]-[136314882,34816,0,1,130]
[0,33554432,0,0,0,0,0,0,4,0,0,0,0,0,0,0]-[134217728,1140850688,0,0,1]
[0,0,0,0,0,0,0,0,1048576,4194304,0,0,0,128,0,0]-[0,536870912,8650752,536870912,0]
[0,0,0,0,0,0,0,0,1048576,0,0,0,0,536870912,0,0]-[2182471861,3687662527,1804065977,4017216881,943319]
[0,0,536870912,0,0,0,0,0,262144,0,0,0,1048576,0,0,0]-[1073741824,0,34,0,1]
[0,0,67125248,0,0,0,0,0,0,0,0,0,1048576,0,0,0]-[1,65544,0,0,1048576]
[0,0,0,0,0,8192,0,0,268435456,0,0,0,0,0,0,0]-[8,268435456,64,8388608,0]
[0,0,0,0,0,0,0,0,0,0,0,0,1048576,32,0,0]-[538050691,2416968728,563099664,136364104,2146312]
[2147483648,0,67108864,0,0,0,0,0,0,1048576,4096,0,1048576,0,0,0]-[16777216,0,33554432,0,49152]
[0,0,67108864,0,0,256,0,0,16384,0,0,0,0,0,0,0]-[67108864,768,0,256,0]
[0,0,0,0,0,134217728,8192,0,0,0,0,0,1048576,0,0,0]-[0,269516832,0,0,0]
[0,0,0,0,0,0,131072,0,0,0,0,0,1048576,0,0,0]-[131200,10,0,0,20480]
[0,0,0,0,0,0,33554432,16,134217728,0,0,0,1048576,128,0,0]-[16448,8388608,0,4096,0]
[1073741824,0,0,0,0,0,0,0,0,0,0,0,1048576,0,0,0]-[2148794880,294672416,33820932,2692841600,282689]
[0,0,0,1024,0,0,0,0,8,0,0,0,0,0,0,0]-[256,0,0,18,2097152]
[0,0,67108864,0,0,0,0,16,0,0,0,0,0,134217728,0,0]-[524288,0,32768,64,2097152]
[0,0,0,0,0,0,0,0,134217728,64,0,0,0,0,0,0]-[80,8388672,0,256,0]
[128,0,67108864,0,0,0,0,2048,0,0,0,0,0,128,0,0]-[64,0,32768,128,524288]
[0,0,67108864,1073741824,0,0,0,0,0,0,67108864,0,0,0,0,0]-[4,0,6815744,0,0]
[0,0,67108864,0,32,0,0,0,0,0,536870912,0,0,0,0,0]-[32,8,2048,8192,0]
[0,32,0,0,0,0,0,0,0,0,0,16,0,128,0,0]-[2049,0,0,1073741824,2097152]
[0,0,0,0,0,0,0,0,0,0,0,0,0,128,0,16]-[0,263168,2684354560,0,0]
[0,0,67108864,0,0,0,0,0,1048576,0,1048576,0,0,0,0,0]-[0,536870912,0,1048704,16]
[0,33554432,67125248,0,0,0,0,0,0,0,0,0,0,0,0,0]-[524288,520,0,0,256]
[0,0,67108864,0,0,512,0,0,0,0,0,0,0,2147483648,0,0]-[0,1088,33280,0,0]
[0,0,0,0,0,0,0,0,1048576,0,0,0,0,0,0,64]-[2377872,65696,1099434112,1343270913,1179648]
[0,0,0,0,0,0,0,0,16384,0,0,0,0,0,262144,0]-[0,4,4,536870912,524288]
[0,0,0,524288,0,0,0,0,0,0,4096,0,0,0,0,0]-[19136576,0,268451840,2048,32]
[0,0,0,0,1024,256,0,0,1048576,0,0,0,0,0,0,0]-[2147483648,0,96,0,8192]
[0,0,0,0,0,0,0,0,1048576,0,64,0,0,0,0,0]-[9439232,2684355072,65664,268435459,64]
[0,0,0,1024,0,0,0,0,1048576,0,0,0,0,0,33554432,0]-[16,0,0,1572880,0]
[0,0,0,0,0,0,0,0,0,0,4096,1,0,128,0,0]-[512,67239936,129,2048,2097152]
[0,0,67108864,0,2,0,0,16,0,0,0,0,0,0,0,0]-[536871424,2114050,524320,135169,16384]
[0,0,0,0,0,0,0,0,0,0,131072,16,0,0,0,0]-[1,0,0,1073741824,2097168]
[0,0,0,0,0,256,0,0,0,0,0,0,0,0,134217728,0]-[16384,0,524288,16386,0]
[0,0,67108864,0,0,0,8192,0,0,67108864,0,0,0,0,0,0]-[0,16384,2147483648,4,131072]
[0,0,0,0,0,256,4194304,0,0,0,0,0,0,128,0,0]-[8,64,0,536870912,262144]
[0,0,67108864,0,67108864,64,0,0,134217728,0,0,0,0,128,0,0]-[0,65,2097152,0,524288]
[0,0,0,0,0,4,0,8,0,0,0,0,0,0,0,0]-[16384,0,1073741824,134217728,8]
[0,0,0,0,0,8192,0,536870912,0,0,0,0,0,0,0,0]-[258,32768,0,0,4096]
[0,0,0,0,0,256,0,64,0,0,0,0,0,0,0,0]-[1073873409,268444160,1090785321,1,1]
[0,0,2214592512,0,0,0,0,0,16384,0,0,0,0,0,0,0]-[2,0,4,33554496,0]
[0,0,67108864,0,0,0,0,0,0,0,0,65600,0,0,0,0]-[524288,16777224,32,0,0]
[0,0,64,0,0,0,0,0,0,0,0,0,268435456,0,0,0]-[16,0,134217734,0,0]
[0,0,67108864,0,0,0,0,64,0,0,0,0,0,128,0,0]-[33554439,256,2150137860,156,0]
[0,4194304,0,0,0,0,0,0,1048576,0,0,0,262144,0,0,0]-[8,0,4096,0,266240]
[0,0,0,65536,0,0,0,0,0,0,0,0,0,128,0,0]-[34612936,813964297,2490386,335874128,2826372]
[0,0,0,0,0,4096,0,0,1048576,0,0,0,0,536870912,0,0]-[0,512,0,536871936,8192]
[0,0,0,0,67108864,0,0,0,134217728,0,0,0,1048576,0,0,0]-[0,65539,0,16777216,136]
[0,0,67108864,0,0,0,0,0,1048576,1048576,0,0,1048576,0,0,0]-[16777216,0,33554432,2147483648,1048576]
[2048,0,67108864,0,131072,0,0,0,0,0,0,0,0,0,0,0]-[34078720,0,0,256,128]
[0,16777216,0,0,0,64,0,16,0,0,0,0,0,0,0,0]-[0,1052672,8388608,0,128]
[0,0,0,0,0,64,4096,0,0,0,0,0,0,0,0,0]-[65552,524288,0,8192,0]
[0,0,0,0,0,256,0,0,0,0,0,32,0,128,0,0]-[1552,269485056,0,402917380,139328]
[0,0,0,0,0,0,0,0,0,0,0,0,0,8320,0,0]-[1179648,0,802949,1350568448,2105536]
[0,0,0,0,1073741824,0,8192,0,0,0,0,0,0,0,0,0]-[0,67108992,262144,4096,0]
[128,0,2,0,0,0,0,0,0,0,0,0,0,0,0,0]-[0,67109120,128,289406976,262146]
[0,0,67108864,0,268435456,64,0,0,135266304,0,0,0,0,0,0,0]-[0,67108865,4,16777216,0]
[0,0,1024,0,0,0,32,16,0,0,0,0,0,128,0,0]-[32768,0,536870912,268435456,262144]
[0,0,0,0,0,0,0,2,1048576,0,0,0,0,0,0,0]-[4522020,6,16777344,16777488,0]
[0,0,0,0,16,0,0,0,262144,0,0,0,1048576,0,0,0]-[0,8388611,0,0,2]
[0,0,67108864,0,0,0,0,0,1048576,0,0,0,0,0,2097152,0]-[2097152,81920,8,576,0]
[67108864,0,0,0,0,0,0,0,0,0,0,0,0,0,33554432,0]-[0,67108872,0,8388608,2]
[0,0,0,0,0,0,0,0,2164260864,0,4096,0,0,0,0,0]-[524288,2147483648,65600,0,0]
[144,0,0,0,0,0,0,0,0,0,0,0,1048576,0,0,0]-[1073741824,0,536870912,2,4]
[0,0,0,0,0,0,1048576,0,0,0,0,0,1048576,128,0,0]-[131072,32,0,0,262208]
[1073741824,0,0,0,0,0,0,0,0,0,0,16777216,0,0,0,0]-[1209008128,2415919104,262144,2048,20480]
[0,0,0,0,2048,0,0,33554432,0,0,4096,0,0,0,0,0]-[1073742336,32,0,262144,0]
[0,0,0,0,0,0,0,0,0,0,2,0,0,128,0,0]-[17408,2048,0,67110920,524288]
[0,0,0,0,0,0,0,16,1048576,32768,0,0,0,0,0,0]-[0,0,8388608,2147487744,1048576]
[0,0,0,0,0,0,0,0,0,0,4096,0,0,2147483776,0,0]-[512,1088,0,4,0]
[0,0,0,0,0,0,0,0,0,0,4096,512,0,0,0,0]-[16384,131088,1073741824,147460,2101376]
[0,0,0,0,0,0,0,2147483648,4096,0,0,0,0,0,0,0]-[0,131584,16,16384,0]
[2097152,0,0,0,0,0,0,0,64,0,0,0,0,0,0,0]-[0,0,1024,2147483664,262144]
[0,0,67108864,0,0,0,64,0,0,0,4096,0,0,0,33554432,0]-[0,67117064,1073741824,4198400,2113536]
[0,0,67108864,0,0,0,67108864,0,0,0,0,0,0,0,0,0]-[2149580898,2416070752,3523330308,35693729,1574983]
[0,0,0,0,0,0,0,0,2,0,0,0,0,0,33554432,0]-[0,541589632,0,0,0]
[0,0,0,0,0,0,0,0,0,0,268435456,0,1048576,0,0,0]-[553648128,32,65536,0,0]
[256,0,0,0,0,0,0,0,0,0,0,0,262144,0,0,0]-[3146000,16785408,536871040,256,1026]
[0,0,67108864,0,0,0,8192,0,0,0,0,0,1048576,4096,0,0]-[0,0,544,64,1]
[0,0,67108864,0,0,0,16777216,0,0,0,4096,0,0,0,0,0]-[16777216,0,33570816,256,0]
[0,0,67108864,16,0,0,0,0,0,0,4096,0,0,0,0,0]-[4096,67371008,0,4,0]
[0,0,67108864,0,0,32,0,0,0,0,4096,0,1048576,0,0,0]-[0,12,33554432,33554432,32896]
[0,1,67108864,0,0,0,0,0,16777216,0,0,0,0,0,0,0]-[524288,2147483648,0,3,0]
[0,0,0,0,0,8192,0,524288,0,0,0,0,0,0,8388608,0]-[0,258,0,536871424,0]
[0,0,67108880,0,0,0,0,0,0,0,0,0,0,128,0,0]-[8,536871936,0,16,0]
[0,0,0,0,0,8388608,0,0,134217728,0,0,0,0,0,0,0]-[268435464,10494016,8519680,4352,4352]
[0,0,0,2147483648,0,0,0,16,0,0,0,0,0,0,0,0]-[1074790400,67108880,134217728,2228224,8]
[0,0,0,32,0,0,0,0,0,0,0,0,0,0,134217728,0]-[0,1073741832,0,0,65544]
[0,0,0,2,0,0,0,0,0,0,0,0,1048576,0,0,0]-[0,2,0,4,1056768]
[0,0,0,0,0,0,0,0,0,0,0,134217728,0,536870912,0,0]-[20,134,18432,0,16384]
[0,0,67108864,0,32768,0,0,0,512,0,0,0,0,0,0,0]-[8,541065216,1024,0,0]
[0,0,0,0,0,0,0,0,16777216,0,0,0,0,0,1024,0]-[1073741824,1,0,2048,4]
[0,0,0,0,0,256,0,0,0,0,4096,0,1024,32,0,0]-[256,33554432,268435456,67108864,0]
[0,536870912,0,0,4,0,0,0,0,0,0,0,0,0,0,0]-[0,65536,541065216,0,8]
[0,0,0,0,0,0,64,0,8,0,0,0,0,128,0,0]-[0,1310720,262146,0,0]
[0,1024,0,0,0,0,0,0,134217728,0,0,0,1048576,0,0,0]-[536870912,0,0,16400,64]
[0,0,0,0,0,0,0,0,16,0,0,2048,0,0,0,0]-[67371008,0,1048576,8192,0]
[0,1048576,67108864,0,67108864,0,0,0,0,0,0,0,0,128,0,0]-[0,67108864,8192,512,4]
[0,0,0,0,0,256,0,0,1048576,0,0,0,0,33554432,0,0]-[0,1074020352,0,67637248,131328]
[0,0,0,262144,0,8192,0,0,0,0,4096,0,0,0,0,0]-[2097152,2147483648,0,0,34]
[0,0,0,0,0,0,0,0,0,0,2097152,0,1048576,0,0,0]-[134254592,4196354,0,285902848,395424]
[0,0,67108864,0,0,0,0,0,0,134217728,4096,0,1048576,0,0,0]-[2,0,4194304,2097168,0]
[0,0,67108864,0,0,32768,0,0,0,0,4096,0,0,128,0,0]-[0,16908320,0,4096,0]
[0,0,67108864,0,0,0,0,0,0,0,0,0,0,0,256,0]-[16777226,2197954660,100663300,1053216,1048576]
[0,0,67108864,0,0,0,0,8,0,0,0,0,0,524288,0,0]-[4096,131072,524800,33554436,0]
[0,0,0,0,4,0,0,0,0,0,0,0,536870912,0,0,0]-[32,0,4194304,2048,8]
[0,0,0,0,0,536870912,0,8,1048576,0,0,0,0,128,0,0]-[1,1048576,0,536870928,0]
[0,0,67109120,0,0,0,0,0,0,0,4096,0,0,0,0,0]-[0,40,268435456,0,65536]
[0,0,67108864,0,67108864,256,0,0,0,0,0,0,0,0,0,0]-[67108864,2181042688,269553700,3411968,4]
[0,0,0,16,0,0,0,0,1048576,0,0,0,0,128,0,0]-[2228224,0,524416,67108960,1024]
[0,0,0,0,0,0,0,0,1048576,0,134217728,0,0,0,0,0]-[0,33554432,80,0,4]
[0,0,0,0,0,0,0,0,0,0,0,0,0,262273,0,0]-[536870912,4104,1024,0,0]
[0,0,1,0,32,0,0,0,0,0,65536,0,0,0,0,0]-[2147483648,0,2147483648,8388608,512]
[0,0,4,0,0,16777216,0,0,0,0,0,0,0,0,0,0]-[0,134235136,0,2048,2130688]
[0,0,0,0,32,0,0,0,0,0,4096,0,0,128,0,0]-[0,0,1073758208,67108864,32]
[0,0,0,0,0,0,0,16,0,0,0,0,128,0,33554432,0]-[524288,8388608,2560,0,0]
[0,0,0,0,0,256,0,0,0,0,0,0,0,0,16,0]-[262144,1024,16777216,268435456,1]
[0,0,32776,0,0,0,0,0,1048576,0,0,0,0,0,0,0]-[16,65536,0,1073741825,0]
[0,0,67108864,0,2,0,0,0,0,0,0,1024,0,0,0,0]-[67108864,1,512,32768,0]
[0,0,0,0,0,0,2097152,0,0,0,4096,0,1048576,0,0,0]-[1073741824,2147483648,1073741824,262144,0]
[0,0,67108864,0,0,0,0,0,0,0,0,0,0,128,16,0]-[2097220,100663296,564,3145888,32772]
[0,0,67108864,0,0,0,0,0,256,0,0,0,0,128,0,0]-[0,335545344,524288,520,131076]
[0,0,67108864,0,0,0,0,1073741824,0,0,0,0,1048576,128,0,0]-[0,67108864,0,134217728,192]
[0,1048576,0,0,0,0,0,0,0,0,4194304,0,0,134217728,0,0]-[0,2099204,0,0,8192]
[0,0,0,0,0,2048,8192,0,0,0,0,0,0,0,0,0]-[100794369,256,134217796,0,0]
[0,0,0,0,0,64,0,16,0,4096,0,0,0,0,0,0]-[0,67108896,64,32,0]
[0,0,0,128,0,0,0,0,0,0,4096,0,0,0,0,0]-[277420608,163956,268505793,133120,2]
[0,0,67108864,262144,0,0,0,0,0,0,8388608,0,1048576,0,0,0]-[8388608,0,8192,768,0]
[0,0,67108864,2048,0,0,0,0,134217728,0,0,64,1048576,0,0,0]-[0,516,33554432,8,0]
[0,0,0,0,0,0,0,0,0,0,0,0,0,8388736,0,0]-[516,352322560,2685665441,1344278608,262144]
[0,0,0,0,0,0,0,0,1048576,0,0,0,8388608,128,0,0]-[35930113,0,9175040,536870912,532480]
[128,8192,67108864,0,0,0,0,0,1048576,0,0,0,1048576,0,0,0]-[0,65536,33554432,2148532224,0]
[4,0,0,0,0,0,0,0,0,0,0,0,0,1048576,0,0]-[8,2048,0,524288,32]
[0,0,67108864,0,0,0,0,0,0,0,0,16384,0,0,0,131072]-[67174432,0,0,1024,0]
[8388608,0,0,0,0,320,0,0,0,0,0,0,0,0,0,0]-[1280,0,65536,67108864,0]
[0,0,67108864,0,0,16384,2,0,0,0,0,0,0,0,0,0]-[65,2147483648,4194304,0,0]
[0,0,2097152,0,0,0,0,0,0,0,4096,0,0,0,0,0]-[2304,2147524616,128,67592,4096]
[128,0,0,0,0,0,0,0,0,0,4096,1,262144,0,0,0]-[0,67248128,128,0,0]
[0,0,0,0,4096,256,8192,0,0,0,0,0,0,0,0,0]-[65536,128,4100,0,0]
[0,0,67108864,0,0,256,0,0,0,0,0,524288,0,0,0,0]-[0,1280,2097168,0,0]
[0,0,67108864,0,0,0,0,0,0,0,0,0,64,128,0,0]-[33554432,262144,0,262146,0]
[0,0,67108864,0,0,0,0,0,1048576,32,0,0,0,0,0,0]-[0,0,2048,33024,4]
[0,0,0,0,0,0,0,0,0,0,0,0,256,128,0,0]-[269485133,1077936130,79470608,1151600680,655488]
[2147483648,0,67108864,0,0,0,0,0,4,0,0,0,0,0,0,0]-[0,32768,1073741824,64,4]
[0,128,0,0,0,0,0,0,1048576,0,2097152,131072,0,0,0,0]-[128,262144,0,1077936128,0]
[0,0,2214592512,0,67108864,0,0,0,0,0,0,0,0,0,0,0]-[0,67239952,0,0,4]
[0,0,0,0,0,0,0,16,0,65536,0,0,0,0,0,0]-[0,1,1073741952,16777216,0]
[0,128,67108864,0,8,0,0,0,0,0,0,0,0,0,0,0]-[8,0,33554432,512,16384]
[0,0,0,0,0,0,0,0,0,0,268435456,16777216,0,0,0,0]-[0,2155872256,0,0,16392]
[0,0,0,0,0,0,65536,0,1048576,0,0,0,8,0,0,0]-[0,536870912,1073741824,1073741824,16]
[0,0,0,1048576,0,256,0,0,0,0,0,0,0,0,0,0]-[0,512,134217728,264192,0]
[0,0,67108864,0,0,0,0,0,134217728,0,0,32,0,0,0,0]-[134250499,805322760,622876,1123360,134144]
[0,0,0,0,0,0,0,0,0,0,0,0,1048584,0,536870912,0]-[128,32768,0,134217744,1032]
[0,0,83886080,0,0,0,33554432,0,0,0,0,0,0,0,0,0]-[4194304,0,0,262144,2097153]
[0,0,0,0,0,8192,0,0,0,0,67108864,0,0,128,0,0]-[268435456,64,16384,0,4]
[0,0,67108864,0,0,0,0,134217728,1048576,16777216,0,268435456,0,0,0,0]-[0,0,33554432,33280,524288]
[0,0,67108864,0,262144,0,0,0,0,0,0,0,1048576,0,0,0]-[4,8208,8,32771,0]
[128,0,0,0,0,0,0,0,134217728,0,0,0,0,128,0,0]-[150080,329984,545390592,1342177330,524356]
[0,0,0,0,16384,0,0,1073741824,0,0,0,0,0,0,0,0]-[0,0,67178496,67108864,0]
[0,0,524288,0,0,0,0,0,0,0,4096,0,1048576,0,0,0]-[8404992,0,0,4,65536]
[0,0,67108864,0,0,0,8192,0,0,0,0,0,0,33554560,0,0]-[1,67108864,32,32,0]
[0,0,0,0,0,0,32,8,0,0,0,0,0,0,0,0]-[264196,0,0,524288,66184]
[0,0,0,0,0,0,0,0,0,0,0,0,1024,536870912,0,0]-[134217760,0,262144,0,512]
[0,1048576,0,0,0,0,0,0,67108864,0,0,0,0,0,0,0]-[0,67108864,128,1048576,262144]
[0,0,0,0,0,0,0,0,0,2048,0,0,0,2097152,33554432,0]-[288,67108992,0,0,0]
[0,0,0,262144,0,0,64,0,0,0,0,0,1048576,0,0,0]-[65540,16,2,0,0]
[1048576,0,0,0,0,0,0,0,0,0,0,0,4096,0,0,0]-[0,32768,0,268443712,0]
[0,0,0,0,0,0,2,0,1048576,0,67108864,0,0,0,0,0]-[4,512,0,603979776,0]
[0,0,71304192,0,0,0,0,0,0,0,0,0,0,0,0,0]-[0,2560,16384,4096,0]
[0,0,2,0,0,0,0,0,0,0,0,0,1064960,0,0,0]-[8388672,0,0,0,1048608]
[0,0,67108864,32,67108864,0,0,0,0,0,0,0,0,0,0,0]-[67108864,2214592512,268438048,1048576,0]
[0,0,0,0,0,0,0,0,134217728,0,2147483648,0,0,0,0,0]-[8192,268435584,32768,0,0]
[0,0,128,0,0,0,0,0,0,0,0,8388608,0,0,0,0]-[536870913,131072,0,0,128]
[0,0,67108864,0,16777216,0,0,0,256,0,0,0,0,0,0,0]-[2147483656,1024,0,0,131072]
[0,0,0,0,0,0,0,0,0,0,128,1073741824,0,0,0,0]-[1073741824,528384,0,16,0]
[0,0,0,0,0,0,0,0,1048576,0,0,0,262144,64,0,0]-[0,536870912,33554433,0,524288]
[0,0,0,0,0,0,8192,0,0,0,0,0,4096,0,0,0]-[1026,0,0,2097152,2]
[0,0,67108864,0,0,0,0,24,0,0,4096,0,0,0,0,0]-[16777216,17041408,1048576,24,2048]
[1073741824,0,67108864,268435456,4,0,0,0,0,0,0,0,1048576,0,0,0]-[4096,512,16,16777216,0]
[0,0,524352,0,0,0,0,0,0,0,4096,0,0,0,0,0]-[262144,16777232,0,262144,0]
[2,0,0,0,0,0,0,64,134217728,0,0,0,0,0,0,0]-[16384,67108864,0,0,524289]
[0,0,0,0,0,0,0,0,0,131072,0,0,0,128,0,0]-[33570832,132160,8650754,270532616,1048576]
[0,0,0,0,0,0,0,256,0,0,0,0,1048576,0,0,0]-[554860800,3277026,537923584,131072,6152]
[0,0,67108864,0,0,0,0,0,1074790400,0,0,0,0,0,0,0]-[2162688,262160,0,2147485057,1048576]
[0,0,67108864,0,67108864,0,0,2048,16777216,0,0,0,1048576,0,0,0]-[134217728,0,544,128,0]
[0,0,67108864,0,0,0,0,0,67108864,0,0,0,0,0,0,0]-[2286422086,369418564,3221302284,2152793873,1638528]
[0,0,0,0,0,0,0,8,0,0,262144,0,0,128,0,0]-[16384,262144,0,134479872,0]
[0,0,0,0,0,0,8192,0,16777216,0,4096,0,0,0,0,0]-[0,16785409,576,268437760,0]
[0,0,67108864,0,0,0,8192,0,0,0,4096,0,1048576,0,0,0]-[2155872257,16777217,4128,33624352,84096]
[0,0,67108864,0,0,16777216,0,0,0,0,0,0,0,536870912,0,0]-[0,4194304,1536,0,128]
[0,0,0,0,0,0,64,0,65536,0,0,0,0,0,0,0]-[1048576,536870912,1073741824,0,4096]
[0,0,0,0,33554432,0,0,0,0,0,0,0,0,128,268435456,0]-[0,0,524288,67108864,33792]
[0,0,67108864,0,0,0,0,0,1048576,0,0,0,0,0,0,16384]-[0,262148,4202496,1057025,4]
[0,0,0,0,0,0,0,0,4096,0,0,0,1048576,2,0,0]-[0,512,0,67190784,0]
[2097152,0,67108864,0,0,8192,0,0,0,0,4096,0,0,0,0,0]-[0,16777472,528,0,0]
[128,0,0,0,0,536870912,0,0,0,0,4096,0,0,0,0,0]-[64,0,8404992,131072,0]
[134217728,0,0,0,0,0,0,0,0,0,0,0,0,0,2097152,0]-[2097152,8,262144,262144,0]
[0,0,67108864,0,67108864,0,2048,0,0,0,0,0,0,0,0,0]-[0,16384,268435968,0,2097152]
[0,0,67108864,0,0,0,0,0,1048576,0,0,0,2147483648,0,0,0]-[2097152,512,0,9216,0]
[0,0,0,2048,0,0,8192,0,0,0,0,0,0,0,0,0]-[8192,67108864,0,0,544]
[0,0,0,0,0,0,0,0,0,0,4096,0,0,128,4,0]-[0,0,1048576,1612709888,0]
[0,0,0,16,0,0,0,0,0,0,8192,0,0,0,0,0]-[256,64,0,65536,1048576]
[0,0,0,0,67108864,0,64,0,0,0,4096,0,0,0,0,0]-[262144,67239940,70272,256,0]
[0,524288,0,0,0,0,0,0,134217728,0,4096,0,1048576,0,0,0]-[262144,36,0,8,0]
[0,0,67108864,0,0,0,0,0,0,0,4096,0,8,0,0,0]-[76091456,654352481,1375818240,38637976,2637954]
[0,0,0,0,0,256,0,0,1048576,0,4096,0,0,0,0,256]-[327680,0,8388672,0,0]
[0,0,0,0,0,0,0,131072,1048576,0,0,0,1048576,0,0,0]-[256,0,0,268435456,524304]
[0,0,67108864,0,0,0,64,65536,0,0,0,0,0,0,0,0]-[32768,536870912,33558528,32768,2]
[0,0,0,278528,0,0,0,0,0,0,0,0,0,536870912,0,0]-[18,0,0,256,4]
[524416,0,0,0,0,1,0,0,0,0,0,0,0,0,0,0]-[0,33554432,524288,0,32776]
[0,0,0,0,4194304,256,0,0,0,0,0,0,1048576,0,0,0]-[131136,0,65536,4096,0]
[0,0,0,134217728,0,0,0,0,134217728,0,0,0,0,0,0,0]-[268435456,0,0,1090519296,0]
[0,0,0,0,0,0,0,24,1048576,0,0,0,0,128,0,0]-[1,0,128,536870914,0]
[0,16777216,67108864,0,0,0,0,0,1048576,0,0,0,0,128,0,0]-[4,536870912,32,128,0]
[0,0,67108864,0,0,8192,0,32768,0,0,0,0,262144,0,0,0]-[524288,0,2097152,0,258]
[0,0,0,0,0,0,0,0,0,0,0,0,0,128,67108864,131072]-[0,67108928,262144,0,131072]
[0,32768,0,256,0,0,0,0,134217728,0,0,0,0,128,0,0]-[2056,536870912,0,1073741824,0]
[0,0,0,0,0,0,0,0,0,0,0,8388608,0,0,67108864,0]-[0,33554432,6,16384,0]
[512,0,67108864,0,0,0,0,0,0,0,0,0,0,0,0,0]-[104857632,262408,67141632,65536,65542]
[0,0,0,0,65536,0,0,0,1048576,0,0,0,0,0,0,0]-[49552,16,1073741840,5243409,140288]
[0,0,0,0,0,0,0,0,0,0,0,0,9437184,0,0,0]-[2435186688,72,65568,28311576,94208]
[0,0,67108864,8388608,0,0,0,0,0,0,0,0,0,0,0,32768]-[134217732,4194304,16,0,0]
[0,0,0,0,0,0,32,0,135266304,0,0,0,0,0,0,0]-[0,1048576,536870912,0,1025]
[2048,0,83886080,0,0,0,0,0,0,0,0,0,0,0,0,0]-[0,263168,0,2147483648,2]
[2,0,0,0,0,256,0,0,0,0,0,0,0,2097152,0,0]-[0,32,512,536887296,0]
[0,0,0,0,0,256,0,0,0,0,16777216,0,0,0,0,0]-[67117120,0,16777216,0,0]
[0,0,335544320,0,0,0,0,0,0,0,0,0,1048576,128,0,0]-[2097152,0,8192,4,128]
[0,16777216,0,0,0,256,0,0,1048576,0,0,0,0,0,0,0]-[0,0,16777281,67108864,0]
[128,0,0,0,0,0,0,0,1048576,0,0,0,0,128,0,8]-[262144,0,8192,1073741824,524288]
[32768,0,0,0,0,0,0,0,0,0,4096,0,0,0,0,0]-[4,1024,266242,268566536,6272]
[0,128,524288,0,4,0,0,0,1048576,0,0,0,0,0,0,0]-[0,0,4194304,1073754112,0]
[0,0,0,0,0,0,0,0,1048576,0,0,0,0,0,8192,0]-[2298497408,578814464,2169274368,3796638720,8228]
[0,128,0,0,0,0,0,0,0,0,0,0,268435456,0,0,0]-[0,17301504,1,147456,4]
[0,0,0,4194304,67108864,256,0,0,134217728,0,0,0,0,0,0,0]-[0,8192,262144,4,4096]
[0,0,67108864,1073741824,0,0,0,0,0,0,0,0,0,128,0,0]-[0,8192,100663304,0,0]
[0,0,67108864,0,0,0,0,0,0,0,16777216,0,0,128,0,0]-[0,67108864,0,4160,1024]
[0,0,67108864,0,0,0,0,0,134217728,0,0,0,1048832,128,0,0]-[1,0,8192,66048,0]
[0,0,0,0,8388608,0,0,0,0,0,0,0,1048576,0,0,0]-[9469952,0,0,20992000,64]
[0,0,0,0,0,0,0,0,1048576,0,0,0,8,128,0,0]-[129,262144,532480,671090706,664704]
[0,0,0,0,67108864,0,0,0,0,0,0,0,67108864,0,0,0]-[256,151552,4096,536870912,0]
[0,0,0,0,0,256,0,0,1048576,67108864,0,0,0,128,0,0]-[0,256,32,2097152,8192]
[0,0,67108864,0,0,0,0,0,0,0,0,0,0,128,0,4608]-[0,536870912,4,65536,131072]
[0,0,0,0,0,0,0,16,0,0,0,0,0,0,32,0]-[18432,16785410,134250496,537006464,4161]
[0,0,0,134217728,0,256,0,0,0,0,0,0,0,0,0,256]-[2147484672,0,0,268435712,0]
[0,131072,0,0,0,0,0,0,0,0,4096,0,1048576,128,0,0]-[268435456,32,0,65536,128]
[0,0,0,0,0,0,0,0,0,0,0,1090519040,0,0,0,0]-[8396800,0,0,2147483648,4]
[0,0,0,65536,0,0,0,8,0,0,0,0,0,0,0,0]-[33554432,130,16809984,73728,2048]
[0,0,67108864,0,0,0,2,0,1048576,0,0,131072,0,0,0,0]-[0,33554432,0,64,132]
[0,0,0,0,0,256,0,0,1048576,16777216,0,0,0,128,0,0]-[2113536,0,532480,0,0]
[0,0,67633152,0,131072,0,0,0,0,0,0,0,0,128,0,0]-[0,131136,0,16,1024]
[1048576,0,0,0,0,0,0,0,0,0,4096,0,0,0,0,0]-[0,0,0,16,534528]
[0,0,67108864,0,536870912,0,0,0,0,0,0,0,1310720,0,0,0]-[4194304,0,0,8192,2052]
[128,0,0,0,0,0,0,1048576,0,0,0,0,0,0,0,0]-[0,0,33800,49152,64]
[0,0,0,0,0,64,0,0,134217728,0,0,0,0,0,0,0]-[826359810,136854146,8535049,670022,82407]
[0,0,67108864,0,0,0,32,16,1048576,0,0,0,0,0,0,0]-[0,512,0,2097280,1048576]
[0,0,67108864,0,0,0,0,0,0,0,67112960,0,0,0,0,0]-[0,8256,1342181376,33555080,32896]
[8,0,0,0,0,0,0,0,0,0,4096,0,1048576,0,0,0]-[2147483648,0,16777216,8388608,2048]
[0,0,0,0,0,256,0,8,0,0,0,32,0,0,0,0]-[0,1048704,0,268435456,4096]
[0,0,0,0,0,0,0,0,0,0,0,0,5242880,128,0,0]-[262210,75497504,1,4096,0]
[0,0,0,0,0,0,0,0,134217728,0,0,0,3145728,0,0,0]-[0,68159488,0,16777216,0]
[0,0,0,0,0,0,0,1024,0,0,4096,0,67108864,0,0,0]-[262208,16785408,0,0,0]
[0,8192,67108864,0,0,0,0,0,134217728,0,0,0,0,0,0,0]-[1,33024,40960,18874368,256]
[0,0,67108864,0,0,0,0,0,1048576,0,0,0,0,536870912,67108864,0]-[0,272629760,0,256,64]
[0,0,0,0,67108864,0,0,0,0,0,0,0,0,128,0,512]-[16896,268566528,0,0,0]
[0,0,67108864,0,0,0,0,0,2097152,0,8192,0,0,0,0,0]-[0,8464,0,2147483648,0]
[0,0,67108864,0,0,0,0,0,0,4194304,0,0,4096,0,0,0]-[8,0,301989888,0,2097152]
[0,0,0,16384,0,4096,0,0,0,0,0,2147483648,0,0,0,0]-[256,0,131328,33554432,0]
[0,0,0,16,0,8192,0,0,0,0,0,0,0,0,8192,0]-[16777216,0,524288,8454144,0]
[0,0,0,0,0,0,0,0,1048640,0,0,0,0,1073741824,0,0]-[0,0,8272,0,524288]
[0,0,67108864,0,67108992,0,0,0,0,0,0,0,0,0,0,0]-[0,2147516416,0,1048704,0]
[0,0,603979776,0,0,0,0,0,1048576,0,0,0,1048576,0,0,0]-[0,0,32,8193,1]
[0,0,0,0,0,0,8256,0,0,0,0,0,0,0,0,0]-[3027265601,604127426,201331200,536873280,6154]
[0,0,67108864,0,0,0,0,0,0,0,0,0,0,1073741952,0,0]-[2097160,2304,8192,4,2097156]
[0,0,0,0,0,0,0,0,0,0,0,2048,0,0,16,0]-[131072,40960,33554432,0,0]
[128,0,0,0,0,0,0,0,16,0,0,0,0,0,0,0]-[134217728,0,131072,131072,16]
[0,0,0,0,0,0,0,0,0,0,0,8388608,1048576,0,0,0]-[537133824,2148541992,84213760,68173824,200833]
[0,256,67108864,0,0,0,0,0,0,0,0,0,0,128,16,0]-[0,0,4,144,1048576]
[0,0,0,0,0,0,0,0,0,0,0,0,1048576,128,0,131072]-[0,8390656,8192,4,0]
[0,0,67108864,0,0,0,64,0,0,0,4096,0,0,2147483648,0,0]-[0,262144,0,4096,49152]
[0,0,0,0,0,0,0,0,0,262144,0,0,1048576,0,0,0]-[268435585,1048576,4096,0,0]
[0,0,0,0,0,0,0,256,0,0,0,0,0,0,0,524288]-[8192,66,1048576,0,0]
[128,0,67108864,0,0,0,0,0,1048576,0,0,16,0,0,0,0]-[0,268435456,0,2148573344,256]
[0,0,0,0,0,256,0,0,8192,0,0,0,0,268435456,0,0]-[1048576,0,16,0,135168]
[1048576,0,0,0,0,0,0,0,0,0,0,0,0,0,0,1024]-[512,0,34603008,0,2]
[0,0,64,0,256,0,0,0,0,0,0,0,0,128,0,0]-[131072,0,2147483648,2064,0]
[131072,0,0,0,0,256,0,0,0,0,0,0,1048576,0,0,0]-[262144,4096,2097152,4,0]
[0,0,0,0,0,0,0,65536,1048576,0,0,0,1048576,0,0,0]-[4,128,0,1610612736,0]
[0,0,0,0,0,0,0,0,1048640,0,0,0,1048576,0,0,0]-[16793600,1048576,0,1048576,0]
[0,0,67108896,0,0,0,0,0,0,0,0,0,1048576,0,0,0]-[16777216,16384,8192,2169503744,32768]
[0,16384,0,0,0,64,0,16,0,0,0,0,0,0,0,0]-[536870912,0,9216,0,64]
[0,0,67108864,0,0,256,0,0,16777216,0,0,1073741824,0,128,0,0]-[1,0,16384,128,524288]
[0,0,8388608,0,0,2048,0,8,0,0,0,0,0,0,0,0]-[0,1024,16,16448,0]
[0,0,0,0,0,65536,0,0,0,8,0,0,0,0,0,0]-[0,256,0,16777728,4096]
[0,0,0,0,0,0,0,0,1048576,0,8392704,0,0,128,0,0]-[0,0,0,32,139268]
[0,0,0,0,0,0,0,0,0,0,0,0,1048576,0,0,256]-[5391360,2056,67112960,269484288,512]
[2147483648,0,1,0,0,0,0,0,0,0,4096,0,0,0,0,0]-[256,0,16,0,49152]
[0,4,0,0,0,0,0,0,1,0,4096,0,0,0,0,0]-[0,9216,0,131072,2]
[0,0,0,0,0,0,0,0,0,0,0,0,0,536871040,67108864,0]-[4,1073741824,131072,0,4]
[0,0,67108864,0,0,0,0,2147483648,0,0,0,0,0,0,33554432,0]-[0,2048,0,20971520,2048]
[1073741824,2097152,0,0,0,0,0,0,0,0,0,0,0,0,0,0]-[0,160,2048,0,262144]
[0,0,0,0,0,256,0,16,0,0,0,0,16777216,0,0,0]-[64,8388608,16781312,0,0]
[128,0,0,0,0,64,0,0,4,0,0,0,0,0,0,0]-[0,0,131072,16908296,0]
[0,0,0,0,0,0,0,0,32768,32768,0,0,0,0,0,0]-[580,0,0,131072,0]
[0,0,0,0,8388608,0,262144,0,0,0,0,0,1114112,128,0,0]-[0,0,8388608,276824064,524288]
[0,0,0,0,0,0,0,16,0,0,0,0,134217728,0,0,0]-[16384,1576960,4096,69224768,1323008]
[0,0,0,0,0,8388608,0,0,0,0,0,32,0,0,0,0]-[134217738,0,131072,0,1081344]
[0,0,4096,0,0,0,0,16,0,0,0,0,0,0,0,0]-[2147483648,528400,134382080,134234368,2105377]
[0,128,67108864,0,0,0,0,0,4,16777216,0,0,0,0,0,0]-[8,33554432,2097152,4096,0]
[0,0,0,0,0,0,0,0,0,0,2147487744,0,0,128,0,0]-[1,0,0,268435456,98304]
[0,0,0,0,0,0,0,0,134217728,0,0,0,0,67108864,0,0]-[8193,0,1024,65536,0]
[128,0,16777216,0,0,8192,0,0,0,0,0,67108864,0,128,0,0]-[0,0,32768,1073807360,32]
[0,0,0,8388608,0,0,0,0,0,0,0,0,1048576,128,0,0]-[268435521,65536,0,0,0]
[0,0,0,0,0,0,0,0,16777216,0,0,0,1048576,32,0,0]-[0,268435456,1,4,16384]
[0,0,67108864,0,0,0,0,262144,0,0,0,0,1048576,0,0,0]-[0,0,260,1,4]
[0,0,0,0,0,0,0,0,0,0,0,0,1048576,16,0,0]-[8388608,0,0,131076,1052672]
[0,0,67108864,512,1,0,0,0,0,0,4096,0,0,0,0,0]-[0,2147516448,69632,1024,65536]
[0,0,67108864,0,0,0,0,0,1048576,0,0,0,1048576,536870912,0,0]-[2181038080,268501012,8,2185232689,655429]
[128,0,67108864,0,0,0,0,0,67108864,0,0,524288,0,0,0,0]-[0,0,33554432,16785416,0]
[0,0,67108864,0,0,0,0,0,0,64,4096,0,1049600,0,0,0]-[64,0,33554432,768,0]
[0,0,67108864,0,0,0,0,0,0,0,4096,0,1073741824,0,0,0]-[0,0,16896,266240,2]
[0,0,67108864,0,0,0,0,1050624,0,0,0,0,0,0,0,0]-[134217728,0,2097152,4,65536]
[0,0,0,0,0,2147483648,0,16,0,0,0,0,262144,0,0,0]-[16384,0,258,67108864,0]
[0,0,0,0,0,16777216,0,16,0,0,0,0,0,0,0,0]-[1024,68681730,2147516416,16793601,135200]
[0,0,8,0,0,0,64,0,0,0,0,8388608,0,0,0,0]-[0,67633152,0,524288,2048]
[0,0,0,536870912,0,256,8,0,0,0,0,0,0,0,0,0]-[0,0,512,16777217,262144]
[8388608,0,0,1024,0,0,0,0,0,0,0,0,0,128,0,0]-[2097152,8388608,8388608,0,32]
[0,0,0,0,0,0,0,8,1048576,0,0,8192,1048576,0,0,0]-[0,128,2080,268435456,0]
[16777216,0,0,0,0,0,8192,0,0,0,0,0,0,0,0,0]-[1073741888,1073741888,524288,1152,266240]
[0,0,16,0,0,0,0,16,0,0,0,0,0,0,0,0]-[2147483648,4120,135266304,2583707648,144]
[0,0,0,0,0,0,0,0,2281701376,0,0,0,1048576,0,0,0]-[536870912,2048,0,16400,0]
[0,0,67108864,0,0,8192,0,2048,0,0,0,0,0,0,0,0]-[134217728,32768,32768,0,128]
[0,0,67108864,65536,0,0,0,16,1048576,0,0,0,0,0,0,0]-[0,16384,32,2,64]
[0,0,0,0,67108864,0,0,0,1048576,524288,0,0,0,0,0,0]-[5,0,262144,33554432,0]
[8,0,0,0,0,0,0,0,0,0,4096,16777216,0,0,0,0]-[0,131088,0,128,4096]
[0,0,0,0,0,134219776,0,0,0,0,0,0,0,0,0,0]-[528,49152,0,0,0]
[0,0,0,0,0,256,0,0,0,0,0,0,0,0,0,262144]-[268435456,4096,270663680,0,0]
[2147483648,0,0,0,0,0,0,0,0,0,0,0,0,128,0,0]-[10,537133057,539009028,612433920,435236]
[0,128,0,0,0,0,0,0,0,0,0,0,0,0,4096,0]-[134217728,1048578,0,0,262144]
[0,0,0,0,0,256,0,0,2,0,0,0,0,128,0,0]-[131584,0,131072,0,8192]
[0,0,67108864,0,0,0,0,0,1048576,0,0,0,0,0,128,0]-[4,768,0,16,0]
[0,0,201326592,0,0,0,0,0,0,0,0,0,262144,0,1073741824,0]-[0,268435456,2147485696,512,0]
[0,0,67108864,0,0,0,2097152,0,1048576,0,0,0,0,0,0,0]-[2147483648,272646144,1111490560,37749376,131073]
[0,0,67108864,0,0,0,0,0,0,0,0,0,0,0,67108864,32768]-[67108864,0,2147549184,1048576,0]
[0,0,1,0,0,0,0,0,1048576,0,0,0,0,0,0,0]-[262161,537396224,0,524304,14592]
[0,0,0,0,0,0,0,0,1048578,0,0,0,0,128,0,0]-[2130049,545259520,0,128,68]
[0,0,0,0,0,0,8192,0,0,0,0,0,1048576,0,4,0]-[0,0,335544320,64,512]
[0,0,0,0,0,0,0,0,1048576,0,0,0,1073741824,128,0,0]-[131072,262176,0,1210059264,1581056]
[0,0,0,0,0,134217728,0,0,64,0,0,0,0,0,0,65536]-[0,524288,1024,2147483648,32768]
[0,0,67108864,16384,0,0,0,0,0,0,0,0,0,0,0,0]-[41975855,2487368768,3490781988,171217229,163911]
[0,0,67108864,0,0,0,33554496,1,134217728,0,0,0,0,0,0,0]-[32,4096,1024,1024,0]
[0,1048576,0,0,0,0,8192,0,17825792,0,0,0,0,0,0,0]-[0,0,537133120,64,0]
[1024,0,0,0,0,0,0,0,1048576,0,4096,0,0,0,0,0]-[0,33554432,1073741952,1024,0]
[0,0,0,512,1,0,0,0,1048576,0,0,0,0,128,0,0]-[16,32,0,1612709888,524288]
[0,0,0,0,0,0,64,0,1048576,0,0,0,16777216,0,0,0]-[0,0,33554432,537919744,0]
[0,0,0,0,0,0,0,0,0,0,33554464,0,0,0,0,0]-[4,0,134742016,131072,0]
[0,0,67108864,0,0,0,0,0,1048576,0,0,0,1048576,0,0,64]-[0,36,0,2147483648,1024]
[0,0,0,0,0,0,0,0,16777216,0,0,16384,0,0,0,0]-[138412032,0,2,2147483648,0]
[0,0,67108864,0,524288,0,0,0,0,0,67108864,0,0,0,0,0]-[0,64,1342177280,0,1024]
[0,0,0,0,0,256,0,0,1048576,0,0,0,0,128,0,32]-[131072,8388608,1073741824,268435456,0]
[0,0,67108864,0,0,0,0,0,0,0,4096,0,1,0,0,0]-[524352,4194336,0,0,0]
[0,0,67108864,0,0,0,8256,0,0,0,0,40,0,0,0,0]-[0,536870912,0,320,2048]
[0,0,0,0,0,0,0,0,0,0,0,0,8,0,4,0]-[0,131074,0,2147483648,8192]
[0,0,67108864,0,0,0,0,16,0,0,0,0,32768,0,0,0]-[0,8,0,2147483968,0]
[0,0,0,0,0,0,64,0,0,0,0,0,0,134217728,0,0]-[8413184,2483028096,2281701376,68157441,0]
[0,0,0,128,0,0,0,0,1048576,0,0,0,0,536871040,0,0]-[0,1073741824,0,1073741888,64]
[0,0,67108864,0,0,0,0,0,0,0,0,0,16384,0,1073741824,0]-[4096,20480,1024,0,0]
[0,0,4096,0,0,524288,0,0,1048576,0,0,0,0,0,0,0]-[0,128,2048,2148532224,0]
[0,0,67108864,0,0,0,0,0,0,0,33554432,0,0,128,0,0]-[67,131328,0,68,2097152]
[0,0,0,0,0,256,0,0,0,0,33554432,0,0,0,0,0]-[67174928,8,0,16448,32768]
[128,0,0,0,0,0,0,64,0,0,0,0,0,0,0,0]-[1111490560,0,33685504,1073741840,64]
[0,0,0,0,0,256,0,0,16777216,0,0,32,0,128,0,0]-[1024,269484032,0,2048,0]
[0,0,0,0,0,0,0,0,0,0,0,0,1048576,536871040,0,0]-[1327170,285280257,0,16,2097344]
[0,0,67108864,0,0,0,0,0,0,0,4096,0,4096,128,0,0]-[2,2048,2147483652,0,0]
[0,0,0,0,0,64,0,8,0,0,0,0,0,128,0,0]-[514,256,0,0,64]
[0,0,0,0,0,0,64,0,0,4,0,0,0,0,0,0]-[2,0,2,0,16416]
[4,0,0,0,0,0,0,0,0,0,4096,0,1048576,0,0,0]-[266240,12,1,67108868,16384]
[640,0,0,0,0,0,0,0,0,0,0,0,0,0,0,0]-[1048576,1,0,262144,8]
[0,0,67108864,0,0,0,0,0,536870912,0,4096,0,0,0,0,0]-[0,16,0,4198404,0]
[0,0,67108864,0,0,0,8192,0,0,0,0,0,1048576,65536,0,0]-[0,268468232,4194304,0,0]
[16777216,0,0,131072,64,0,0,0,0,0,0,0,0,0,0,0]-[4194304,0,0,4224,262144]
[0,128,67108864,0,0,0,16384,0,0,0,0,0,8,0,0,0]-[0,0,33619968,786432,0]
[0,0,67108864,0,0,0,0,0,32,0,0,0,0,0,0,0]-[67587,28680,338174212,4202693,573649]
[0,0,0,0,134217728,0,0,0,1048576,0,0,16777216,1048576,0,0,0]-[2304,0,0,1073741856,0]
[0,0,0,0,0,0,0,0,1048576,0,4096,0,1048576,0,8388608,0]-[0,8,65536,16384,2097152]
[128,0,0,0,0,0,0,0,0,0,0,32,0,128,0,0]-[33554944,268700672,8413184,268501144,131136]
[0,0,67108864,65536,0,0,0,0,0,0,0,0,1048576,128,0,0]-[0,33558536,16,0,0]
[524288,0,0,0,262144,0,0,0,0,0,0,0,1048576,0,0,0]-[516,16,0,1,0]
[0,0,0,128,0,256,0,0,0,0,0,0,32768,0,0,0]-[65552,0,4100,0,0]
[0,0,67108864,0,67108864,0,64,0,0,0,0,8,0,0,0,0]-[2097152,536870912,0,64,2048]
[0,0,0,0,0,0,0,0,0,0,32,0,0,0,33554432,0]-[0,2176,536870916,12582912,2]
[0,0,67108864,0,0,256,0,0,0,0,0,0,67108864,128,0,0]-[0,16779296,0,0,524288]
[0,0,0,0,0,0,0,0,0,0,0,524288,0,4,0,0]-[65536,0,536936448,0,2]
[0,0,0,0,2048,0,0,0,1048576,0,8,0,0,0,0,0]-[2113536,512,524288,0,0]
[0,0,0,512,1073741824,64,0,0,0,0,0,0,0,0,0,0]-[0,524304,8192,0,1024]
[0,0,0,0,0,0,0,33554432,0,0,67108864,0,0,0,0,0]-[0,2048,9,1024,0]
[4,0,1024,0,0,0,0,0,0,0,0,0,0,128,0,0]-[0,67108864,2097184,1073741824,0]
[0,0,67108864,0,0,0,64,16,0,0,0,0,0,0,0,0]-[2147516480,67185245,2149596688,6820176,1067137]
[0,0,0,0,0,0,32768,0,0,0,0,256,0,0,0,0]-[0,0,524416,8421376,0]
[2147483776,0,67108864,0,0,0,0,0,0,0,65536,0,0,0,0,0]-[0,0,33563648,8,0]
[536870912,0,0,0,0,0,0,16,0,0,0,0,1048576,0,0,0]-[0,8392704,0,2113536,0]
[0,0,67108864,0,0,256,8192,0,0,0,0,0,131072,0,0,0]-[2147483648,0,268439584,0,0]
[0,0,16777216,1,0,64,0,0,0,0,0,0,0,0,0,0]-[0,33554434,0,0,10240]
[0,0,67108864,0,0,8192,64,0,134217728,0,0,0,0,536870912,0,0]-[6,4096,1024,0,0]
[0,0,0,0,16,0,1048576,0,0,0,0,0,0,0,0,0]-[0,256,2,1,262144]
[0,0,67108864,0,0,0,0,0,0,0,4096,0,32,0,0,0]-[0,8192,1073741824,32768,16384]
[0,0,67108864,0,2,64,0,0,0,0,4096,0,0,0,0,0]-[2147483648,2097152,524320,0,0]
[2,0,0,0,0,0,0,0,0,0,0,0,0,128,0,0]-[278538,1835104,524352,536969476,655360]
[0,16777216,0,0,0,0,0,0,0,0,0,0,536870912,0,0,0]-[536871937,2112,0,2147549184,128]
[0,0,67108864,0,0,4096,0,0,0,0,0,0,0,0,0,0]-[142606370,16802320,1073808392,4456465,16402]
[0,0,0,0,0,0,0,16,0,0,4096,0,268435456,128,0,0]-[262657,1024,0,0,0]
[0,0,0,0,0,0,0,0,0,262144,0,0,0,0,0,524288]-[0,0,272,131076,0]
[0,0,0,0,0,0,0,0,0,1048576,0,0,0,128,0,0]-[16,0,2,1073741832,0]
[0,0,0,0,0,0,0,0,1048576,0,4096,32,0,0,0,0]-[268451840,2181038080,33554641,16384,130]
[0,0,100663296,0,0,0,0,1073741824,0,268435456,0,0,0,0,0,0]-[32,67108864,0,16,64]
[0,0,0,0,0,0,0,268435456,0,0,0,16,0,0,0,0]-[0,134217728,16842752,2147483648,0]
[0,0,67108864,0,16384,8192,0,0,1048576,0,0,0,1048576,0,0,0]-[0,16,2048,2,4]
[0,0,0,0,0,0,2,0,1048576,0,0,0,0,128,0,0]-[131072,256,0,603979840,132]
[0,0,0,0,0,0,0,0,0,0,0,131072,1048576,0,0,0]-[0,0,2359296,1048576,8192]
[0,0,0,256,0,0,0,0,1048576,0,0,0,262144,0,0,0]-[16,536870916,0,4194304,0]
[0,0,67125248,0,0,0,8192,0,0,0,0,0,0,128,0,0]-[33554433,1,0,16,0]
[0,0,16777216,0,0,16384,0,0,0,0,0,0,0,0,0,0]-[268435456,2,268468224,0,0]
[0,0,0,0,0,0,0,0,1056768,0,0,0,262144,0,0,0]-[0,0,33554432,1280,139264]
[1048576,0,0,0,0,0,0,0,0,0,0,131072,0,128,0,0]-[512,0,262144,16,128]
[0,0,67108864,0,0,0,0,0,0,0,0,0,1048576,0,0,32768]-[8388610,335544832,6291456,0,32768]
[0,0,67108864,0,0,131072,0,0,0,0,4096,0,0,0,0,0]-[0,8,16384,1024,2097152]
[0,0,0,0,0,0,0,0,1048576,4194304,4096,0,0,0,0,4096]-[0,1073741824,524288,2621440,0]
[0,0,67108864,0,0,0,0,0,0,16384,0,0,0,536870912,536870912,0]-[0,256,67108864,16,128]
[0,0,0,0,32,0,0,0,0,0,1073741824,0,1048576,0,0,0]-[0,128,2560,8192,0]
[0,0,2048,0,0,0,0,0,2147483648,0,0,0,0,0,0,0]-[64,0,0,0,32801]
[0,0,0,0,0,0,0,0,1048576,0,0,0,32,128,0,0]-[16385,8388608,0,32,0]
[0,0,67108864,0,0,0,128,0,0,0,4096,0,0,0,0,0]-[526337,0,0,256,0]
[1073741824,0,0,0,0,0,8192,0,0,0,0,0,0,128,0,0]-[0,268435456,1048576,262144,262144]
[0,8,0,0,0,0,0,8388608,0,0,0,0,0,0,0,0]-[8200,64,0,32768,0]
[0,0,0,0,0,256,0,0,1048576,0,4096,0,1048576,128,0,0]-[0,276824064,262144,0,9216]
[0,0,16842752,0,0,0,0,0,1048576,0,0,0,262144,0,0,0]-[0,536870912,33554432,0,1056768]
[64,0,0,0,0,256,0,0,0,0,0,0,0,128,0,0]-[262144,0,1073741828,0,1024]
[0,0,67108864,0,0,0,0,0,0,2097152,0,0,0,128,0,0]-[4,1024,1048576,128,128]
[0,0,0,0,33554432,0,0,0,33554432,0,0,0,0,0,0,0]-[570425344,134217738,2147750016,69468160,2359584]
[0,0,0,0,0,256,0,0,0,2097152,0,0,0,0,0,0]-[139796,1375731720,1073741828,268836864,33312]
[0,0,16777216,0,0,0,0,0,0,0,0,0,0,65536,0,0]-[67108864,4096,2105344,553779456,0]
[0,4,0,0,0,0,0,0,0,0,0,0,262144,0,0,0]-[0,9216,553648128,33554432,1026]
[0,0,0,0,0,0,0,0,33554432,0,0,0,0,131072,0,0]-[2147483648,0,1048576,536870912,32832]
[0,0,0,0,8192,0,0,0,0,0,0,0,0,0,536870912,0]-[67108864,0,2147483650,0,16384]
[0,0,67108864,0,0,256,0,0,0,0,0,0,0,16384,0,0]-[524288,67108864,0,65537,0]
[128,0,67108864,0,67108864,0,0,0,0,0,0,0,0,0,0,0]-[4196352,67840,33611776,17825936,0]
[1073741824,0,0,536870912,0,0,0,0,0,0,0,0,0,0,0,0]-[0,2147483648,0,0,20544]
[0,0,67108864,0,0,0,0,16,0,0,0,0,16384,128,0,0]-[0,67108864,2147516416,2097152,0]
[0,0,0,0,0,0,0,0,0,2097152,4096,0,0,64,0,0]-[0,71303168,512,0,8]
[0,128,0,0,0,0,0,0,536870912,0,0,0,262144,0,0,0]-[256,3,256,0,0]
[0,0,67108864,0,67108864,256,0,0,16777216,0,0,0,0,0,0,0]-[0,0,16384,16777217,128]
[0,0,32768,0,0,0,0,0,0,0,0,0,1048576,64,0,0]-[0,0,0,0,28736]
[0,0,67108864,0,0,0,0,16,1048576,0,0,0,256,0,0,0]-[0,4211200,524288,524400,0]
[0,0,0,0,0,256,0,0,0,0,0,0,0,128,268435456,0]-[268436496,0,4,67108864,1024]
[0,0,0,0,0,8192,0,0,0,0,0,0,1048576,0,33554432,0]-[134217988,0,4,8650752,0]
[0,0,67108992,0,0,0,0,0,0,0,0,0,0,128,0,0]-[83886080,4194308,1074315264,2149617672,524306]
[0,0,0,0,0,0,0,0,0,0,67108864,0,0,536870912,0,0]-[1048596,0,67072,16,16384]
[0,0,0,0,32768,0,0,0,0,0,0,1024,0,0,0,0]-[0,4160,0,536870976,0]
[128,0,0,0,0,0,0,0,0,0,0,0,0,0,16,0]-[1048704,307264,2048,4210752,0]
[0,134217728,0,0,0,0,0,0,0,0,4096,0,0,0,0,0]-[201326592,0,0,524288,262144]
[0,0,0,0,0,0,8192,0,0,0,256,0,0,0,0,0]-[8192,67117056,4,4096,0]
[1073741824,0,0,0,0,0,0,0,0,16384,0,0,0,128,0,0]-[64,8650752,0,0,2097152]
[0,0,0,1,33554432,0,0,0,0,0,0,0,0,0,0,0]-[0,0,128,100663296,262144]
[0,0,0,0,0,0,0,0,0,0,0,0,1048576,128,67108864,0]-[0,0,8192,67108868,1024]
[0,0,0,0,0,0,0,1073743888,0,0,0,0,0,0,0,0]-[0,524288,512,128,1048576]
[0,0,67108864,0,0,64,0,0,0,8192,0,0,0,0,0,0]-[65536,2064,0,1,0]
[0,0,67108864,0,67108864,0,0,0,0,0,0,0,1048576,0,262144,0]-[0,16777220,65536,1048576,0]
[0,0,67108864,0,0,0,0,0,2147483648,0,134217728,0,0,0,0,0]-[0,8192,16,32768,256]
[0,0,16777216,0,0,0,0,0,1048576,0,0,0,262144,128,0,0]-[2097152,536870912,32896,32,8192]
[0,0,0,1,0,0,0,16,0,0,4096,0,0,0,0,0]-[512,1024,0,32768,8]
[0,0,0,0,0,0,0,16,1048576,0,0,0,1048576,0,0,0]-[278183937,277938740,25438288,2388793841,8336]
[0,32,0,0,0,0,8192,0,0,0,0,0,0,0,0,0]-[536875008,134348928,536903680,4096,1048680]
[0,0,0,0,0,0,0,528,0,0,0,0,0,0,0,0]-[1082130496,0,1074921760,2684356864,16392]
[0,0,0,0,0,0,8192,0,0,0,0,0,0,0,32768,0]-[131072,1,67113024,0,2561]
[0,0,8,0,0,0,0,0,1048576,0,0,0,0,0,0,0]-[3223388176,138477581,545489042,1715511297,65665]
[0,0,67108864,128,0,0,0,0,0,0,4096,0,1048576,0,0,0]-[0,16777248,0,512,130]
[128,0,0,0,0,0,0,0,0,2,0,0,1048576,0,0,0]-[512,0,536870920,8192,0]
[0,0,0,0,0,64,0,0,0,0,0,32,0,0,0,0]-[2952954059,2150109712,9053536,2157453312,2097314]
[0,16,0,0,0,0,0,0,0,131072,0,0,0,0,0,0]-[0,131074,268435456,0,2048]
[128,0,67108864,0,0,0,0,0,0,0,0,524288,0,0,0,0]-[134217728,0,33562624,16850978,0]
[0,0,0,4194304,0,0,0,0,134217728,0,0,0,0,0,0,0]-[0,2105348,0,0,4096]
[0,0,0,0,0,0,0,17,1048576,0,0,0,0,0,0,0]-[0,269484048,0,33554432,0]
[0,0,67109120,0,0,0,0,0,1048576,0,0,0,1048576,128,0,0]-[4,0,0,192,524288]
[8,0,67108864,0,0,0,0,0,1048576,0,0,0,0,0,0,0]-[2147551232,268517652,1073741848,536722,131088]
[0,1073741824,67108864,0,0,0,0,0,0,0,0,0,0,0,0,0]-[2149580800,8427553,335548992,1207968258,3107]
[0,0,0,0,0,0,544,0,0,0,0,0,0,0,0,0]-[327680,134217728,0,0,4096]
[0,0,0,0,0,384,0,0,1048576,0,0,0,8,0,0,0]-[256,1049088,1073741824,0,0]
[0,16384,0,0,0,256,0,0,1048576,0,0,0,0,0,0,0]-[256,0,262145,0,64]
[0,0,0,0,0,0,0,16,2147483648,0,0,0,0,0,0,0]-[32848,134217728,134217728,2449489936,33]
[0,0,0,0,0,0,0,0,134217728,0,0,0,0,1,0,0]-[8192,20480,64,640,0]
[0,0,67108864,0,0,0,0,0,1048576,1073741824,0,0,0,0,0,0]-[0,33554448,0,2149580803,524356]
[0,0,0,0,0,0,0,8,0,0,0,256,1048576,0,0,0]-[0,2097216,0,536870912,1]
[0,0,67108864,0,0,1048576,0,0,0,0,0,0,0,536870912,0,0]-[4,16781316,67108864,64,132]
[0,0,0,0,67108864,0,0,0,0,32,4194304,512,0,0,0,0]-[134217728,8388608,0,640,0]
[0,0,67108864,0,1073741824,0,0,0,0,0,0,0,1073741824,0,0,0]-[0,4,8,2147745792,2]
[0,0,67108864,0,0,0,0,0,0,0,4096,0,1048584,0,0,0]-[1,67141637,33554432,8,2097282]
[0,0,0,0,0,8192,0,0,134217728,0,0,0,0,0,0,0]-[680591390,1889114426,230196310,1216563346,19212]
[0,0,67109120,0,131072,256,0,0,17825792,0,0,0,0,128,0,0]-[1,0,0,66,524288]
[0,256,67108864,0,0,0,0,0,0,0,0,0,0,0,0,0]-[715725166,2520935737,304261382,35239889,1329235]
[0,0,0,268435456,0,0,8192,0,0,0,0,0,0,0,0,0]-[1073743872,0,34603008,2098176,0]
[0,0,0,0,0,8448,0,0,0,4096,0,0,0,128,0,0]-[0,1024,0,6144,1024]
[0,0,67108864,0,0,0,0,0,0,1073741824,0,0,8,0,8,0]-[67108864,32768,0,262160,524288]
[16,8388608,0,0,0,0,0,0,1048576,0,0,0,0,0,0,0]-[16,262160,0,0,16]
[0,0,0,0,0,0,0,0,134217736,0,0,0,0,0,0,0]-[512,0,2097152,16,16448]
[0,0,0,0,0,0,0,16,0,0,0,0,0,0,0,4]-[2214627856,142606336,2099270,134217856,2097168]
[0,0,67108864,0,0,64,0,8,0,0,0,0,0,16,0,0]-[8,32,256,1048576,0]
[1048704,0,67108864,0,0,0,0,134217728,1048576,0,0,0,0,0,0,0]-[0,0,33554432,18,524288]
[1073741824,0,67108864,0,0,0,0,0,0,0,0,0,0,536870912,0,0]-[32,8200,268435456,0,0]
[0,32,0,0,0,0,0,0,0,0,0,0,4194304,0,0,0]-[0,2097152,1024,16777216,32]
[0,0,0,0,0,16,0,0,1048576,0,0,0,0,0,0,0]-[257,1073807360,25690184,939524480,1048592]
[0,0,0,0,67108864,0,0,4194304,0,0,0,0,0,0,0,0]-[2147483656,0,0,0,8208]
[0,2048,67108864,16777216,0,0,0,0,0,0,0,0,0,0,0,0]-[64,2097152,0,266240,0]
[0,256,0,0,0,0,0,0,1048576,0,0,0,0,536870912,0,0]-[0,256,128,256,64]
[0,0,0,0,0,0,0,0,0,0,0,0,0,33554432,33554432,0]-[0,0,134742016,4194304,8]
[0,0,0,0,0,8192,0,0,1024,0,0,0,0,0,0,0]-[570425856,8192,37952,10368,1024]
[0,8,67108864,1024,0,64,0,0,0,0,0,0,0,0,0,0]-[0,256,10240,0,2]
[0,0,0,0,0,0,0,0,1048576,1,0,0,1048576,0,0,0]-[262144,4,0,0,1048768]
[0,0,0,0,0,0,8192,2048,0,0,0,0,0,0,0,0]-[268435520,16384,0,536870912,0]
[128,32768,0,0,0,0,0,0,0,0,4096,0,0,0,0,0]-[0,2147614720,0,0,2097160]
[0,0,0,65536,0,0,0,0,0,0,0,0,0,0,4194304,0]-[136,0,2097664,0,0]
[0,0,0,0,0,0,0,0,0,0,4096,0,1048576,0,524288,0]-[64,0,65536,0,65544]
[0,0,0,0,2048,0,0,0,0,0,0,0,0,128,0,0]-[3293696,18220128,11436038,1745092624,295972]
[4,0,268435456,0,0,0,0,0,0,0,0,0,0,0,0,0]-[136314880,0,1,268435456,0]
[0,0,0,0,0,0,0,0,1048576,0,0,0,1048584,128,0,0]-[0,0,8193,16,128]
[16384,0,0,0,0,0,0,0,0,0,0,0,0,128,0,0]-[0,131136,0,1073741824,65536]
[0,0,67108864,0,67108864,0,64,0,0,0,4096,0,1048576,0,0,0]-[0,4,69632,256,0]
[0,0,0,0,0,0,0,0,1048576,0,0,0,0,128,512,0]-[33554576,8388608,8192,1073741824,68]
[0,0,67108864,0,0,0,0,16,134217728,0,0,0,0,0,33554432,0]-[2048,0,1073741828,16777216,0]
[128,0,8192,0,0,0,0,0,0,0,524288,0,0,128,0,0]-[16384,0,0,128,131104]
[0,0,67108864,0,0,0,0,0,134217728,0,0,0,0,0,268435456,0]-[8388608,0,1073741824,0,525312]
[0,0,67108864,0,0,256,0,0,0,0,0,0,1310720,0,0,0]-[0,64,16384,8192,2048]
[0,0,83886080,0,0,4194304,0,0,0,0,0,0,0,0,0,0]-[0,1024,0,64,66]
[0,0,0,0,0,0,0,16,1048580,0,0,0,0,0,0,0]-[262144,16384,0,4202496,0]
[0,0,0,0,0,0,0,134217744,0,0,0,0,0,0,0,0]-[335549441,0,525344,0,0]
[0,0,0,0,0,1073741824,64,0,0,0,0,0,0,0,0,0]-[4227088,2147483778,131072,2281998336,0]
[524288,0,0,16384,0,0,0,0,0,0,0,0,0,0,0,0]-[16384,16401,0,0,0]
[0,0,0,0,0,0,0,0,0,0,0,128,8,0,0,0]-[0,1048576,1073742336,1024,0]
[128,0,0,1073741824,0,0,0,0,0,0,0,0,0,0,0,0]-[128,12320,0,0,0]
[128,0,0,0,0,0,0,0,0,0,16777216,0,0,0,0,0]-[201345088,0,1024,131074,0]
[0,0,67109892,131072,0,256,0,0,0,0,0,0,0,0,0,0]-[0,2112,256,0,524288]
[0,0,0,0,0,0,0,0,0,0,0,32,0,0,8,0]-[268435456,0,0,1107296256,2]
[0,0,67108864,0,0,0,0,0,0,0,0,2147483648,1048576,0,0,0]-[4194306,268437504,1107298304,134217856,1081344]
[0,0,16777216,0,32768,0,0,0,1048576,0,0,0,0,0,0,0]-[0,268435456,0,1073742080,1048576]
[0,0,67108864,16777216,0,0,0,0,0,0,4096,0,0,0,0,0]-[16842816,67118344,268505600,33854980,32770]
[0,0,0,0,0,0,0,0,0,0,0,0,2048,8192,0,0]-[0,133248,0,0,2048]
[0,0,0,0,0,0,0,0,0,0,0,33554432,134217728,0,0,0]-[0,2097152,0,263168,4096]
[0,0,67108864,131072,0,0,8,0,0,0,0,0,0,0,0,0]-[2147483648,33792,0,4096,0]
[0,536870912,0,0,0,0,0,0,0,0,4096,0,1048576,128,0,0]-[268435521,0,1,0,0]
[0,1024,0,0,0,0,0,0,0,0,0,0,0,128,1073741824,0]-[131073,0,0,8388608,64]
[0,0,0,0,0,0,0,16,1048576,0,0,0,0,0,0,524288]-[8192,1090,0,0,0]
[0,0,0,0,0,0,0,0,512,0,0,0,0,128,0,0]-[1049096,545521664,2148007940,1075839556,335904]
[67108864,0,0,0,0,0,0,0,0,0,262144,0,0,0,0,0]-[1048576,2149580800,0,536903680,8]
[0,0,67108864,0,0,0,0,0,0,0,0,0,1048640,0,0,0]-[4096,268435456,2097152,2147483648,0]
[0,0,67108864,0,262144,0,8192,0,0,0,0,0,0,128,0,0]-[33554433,16777216,0,65600,0]
[4194304,0,0,0,0,0,0,0,0,0,4096,0,134217728,0,0,0]-[0,9216,1,0,8]
[0,0,0,0,128,0,0,16777216,0,0,0,0,1048576,0,0,0]-[0,131072,0,276824064,512]
[0,8192,0,0,0,64,0,0,0,0,0,0,0,0,0,0]-[2,1048576,526336,0,0]
[4,0,67108864,0,0,0,0,0,1048576,0,0,0,0,0,0,0]-[4,4,8192,1,655360]
[0,0,0,0,1048576,0,0,0,134217728,0,0,0,0,0,0,0]-[545259520,536870914,0,0,524288]
[0,0,0,0,0,0,0,16,0,2097152,4096,0,0,0,0,0]-[0,0,142606336,4096,2097152]
[0,0,0,0,0,0,0,0,1048576,0,0,33554432,262144,0,0,0]-[0,536870912,16777216,67109888,256]
[0,0,67108864,0,0,0,0,0,0,0,268435456,0,0,536870912,0,0]-[2,4194320,1024,2147483664,0]
[0,0,0,0,0,0,0,0,0,0,0,4096,0,0,0,512]-[18,2,0,4194304,0]
[0,0,0,0,262144,0,0,0,0,0,0,0,0,262144,0,0]-[1288,0,128,0,0]
[0,0,0,0,0,0,0,0,0,268435456,4096,0,0,0,0,0]-[9179200,20979712,4160,71598208,4096]
[0,0,0,0,0,0,0,0,0,0,512,0,0,128,0,0]-[305397783,0,1310720,67584,2106432]
[128,0,67108864,0,0,0,0,0,1048576,0,0,0,0,0,536870912,0]-[0,268435456,0,40960,16]
[0,0,67108864,0,40,0,0,0,0,0,0,0,0,128,0,0]-[0,0,0,4,1048708]
[0,0,0,0,0,0,0,0,0,0,0,0,1048576,128,0,128]-[538968065,1048578,6291456,0,8]
[0,0,0,0,0,0,0,0,32768,0,0,0,262144,0,0,0]-[0,1073741824,16777216,1024,2]
[0,0,0,0,0,256,131072,0,0,0,4096,0,0,128,0,0]-[268697664,0,0,262144,0]
[0,0,67108864,1024,0,0,8,0,0,0,0,0,262144,0,0,0]-[0,0,2147483648,17825793,0]
[0,0,0,0,0,0,0,0,2,0,262144,0,0,0,0,0]-[17891328,4,0,0,0]
[0,0,67108864,0,0,0,0,0,135528448,0,0,0,1048576,0,0,0]-[0,0,0,4352,1152]
[0,0,0,0,0,0,0,0,1048576,0,0,0,2,0,0,0]-[2097408,0,553656320,541067552,0]
[0,0,0,0,0,0,0,33554432,0,0,0,0,0,128,0,0]-[1690,1610615072,3223486629,606404696,73856]
[0,0,0,0,0,0,0,16,0,0,0,0,262144,128,0,0]-[4210704,71305216,540050434,69206048,1056776]
[0,0,0,0,0,0,32768,0,0,0,0,0,1048576,0,0,0]-[512,131092,603987994,2147614976,137220]
[0,0,0,16777216,0,0,0,0,1048576,0,0,0,0,128,0,0]-[128,0,536870912,201326592,0]
[128,0,0,0,0,8,0,0,524288,0,0,0,0,0,0,0]-[0,16777224,4194304,2048,0]
[0,0,0,0,0,0,0,0,0,0,0,0,1048576,128,0,524288]-[512,0,0,8390784,0]
[0,0,0,0,0,0,2,0,0,0,0,0,262144,0,33554432,0]-[32,4194312,0,0,8]
[0,0,0,0,0,0,0,0,0,0,8,0,0,0,0,32768]-[268435456,262144,2147483648,1048576,0]
[0,131072,0,0,0,0,0,0,1048576,0,0,2048,0,0,0,0]-[33554448,0,64,4096,0]
[0,0,0,0,0,0,134217728,0,0,0,0,0,0,128,0,0]-[0,0,536870912,4616,0]
[0,0,0,0,0,0,0,0,0,0,0,0,262144,134217856,0,0]-[16384,536870912,3,0,0]
[0,0,0,0,0,1,0,0,0,0,4096,0,0,0,0,0]-[270549248,33563648,1082196480,151552,32776]
[0,0,0,0,0,0,0,0,83886080,0,0,0,0,0,0,0]-[68,101711888,134875136,131076,544]
[0,0,0,0,0,0,0,16,4,0,0,0,0,0,0,0]-[1328128,591872,143655490,134231120,268296]
[0,128,67108864,0,0,0,0,16,0,0,0,32,0,0,0,0]-[0,0,32768,2183135232,2097152]
[0,67108864,0,0,0,0,0,0,0,0,4096,0,0,0,0,0]-[524544,32768,16,34820,98312]
[256,0,0,0,0,0,0,0,0,0,0,0,1048576,0,0,0]-[2155905025,17826368,402735104,1140916224,8320]
[0,0,0,0,0,0,0,0,0,0,4096,0,0,67108864,0,2]-[0,4194304,8388608,1024,2097152]
[0,0,67108864,0,0,0,0,0,0,0,0,0,0,4160,0,0]-[72,4,2147483648,0,0]
[0,0,67108864,0,0,0,0,0,0,0,4096,4,0,128,0,0]-[1,16777217,0,262144,0]
[0,0,0,0,0,1048576,0,16,0,0,0,0,0,0,0,0]-[64,16,4096,0,262144]
[0,0,67108864,0,0,0,0,0,0,8,4096,0,0,0,0,0]-[0,2147483652,0,4194304,2]
[0,0,0,0,0,0,0,0,0,0,1073741824,0,0,0,32768,0]-[0,262144,0,524288,135168]
[0,0,67108864,0,0,0,0,262144,0,0,4096,0,0,0,33554432,0]-[0,67108864,1342177280,0,2]
[0,0,0,268435456,0,0,0,16,0,0,16777216,0,0,0,0,0]-[0,134217728,0,2149580800,1048576]
[128,0,0,0,0,256,0,16,0,0,0,0,0,8,0,0]-[0,0,1024,139266,0]
[0,0,0,0,0,0,0,0,0,0,0,0,1048584,0,4,0]-[1073741824,64,268435456,64,0]
[0,0,0,0,0,64,0,0,0,2147483648,0,0,0,128,0,0]-[128,2048,0,536870912,192]
[0,0,0,131072,0,0,0,0,0,0,0,0,262144,0,0,0]-[524288,1065984,2,0,132096]
[0,0,0,0,0,0,8192,0,0,532480,0,0,0,128,0,0]-[262144,1074003968,0,4,0]
[0,0,67108864,0,0,0,2097152,0,0,0,4096,0,0,536870912,0,0]-[0,2147483648,1073741824,65536,2]
[128,0,67108864,0,0,64,0,0,1048576,0,0,0,0,536870912,0,0]-[0,256,0,2147483712,4]
[0,0,16777216,0,0,0,0,0,0,0,4096,0,0,0,0,0]-[3500212736,2986642689,437584530,3490385288,47394]
[0,0,67125248,0,0,0,0,16,0,0,0,0,0,0,0,0]-[524288,66048,0,16,0]
[0,256,0,0,0,0,0,0,0,0,0,67108864,1048576,0,0,0]-[256,0,17825792,8192,0]
[0,1048576,0,0,0,0,0,0,16777216,0,0,0,0,0,0,0]-[536870912,0,147520,2112,16392]
[0,0,0,0,0,0,0,16,0,0,0,0,0,32,0,0]-[2147483648,526848,151128130,203440128,1312768]
[0,0,1073741824,0,0,0,0,0,0,0,0,0,16384,0,0,0]-[128,64,0,65536,2048]
[1073741824,0,0,0,0,0,0,16,0,0,0,0,0,0,0,0]-[557120,134742064,2159182400,1,1323008]
[0,0,0,2097152,0,0,0,0,16777216,0,0,0,0,0,0,0]-[134217728,2147483648,536870912,8,0]
[0,0,67108864,0,0,0,0,0,1048576,0,0,0,0,8388608,0,0]-[40,2684420608,525312,2147517472,144]
[0,0,0,0,0,8192,0,0,135266304,0,0,0,0,128,0,0]-[144,546636064,0,402655264,4]
[0,0,0,0,0,0,8192,16,1048576,0,0,0,0,128,256,0]-[0,0,0,268439584,1048576]
[0,32,0,0,0,0,1,0,0,0,0,0,0,128,33554432,0]-[0,536871168,0,10485760,0]
[0,0,67633152,0,0,0,2097152,0,0,0,0,0,0,0,0,0]-[0,16793600,512,33554432,0]
[0,0,0,0,0,0,0,16,0,0,0,131072,0,0,0,0]-[67108864,16384,262144,8,0]
[0,0,0,0,0,0,0,0,0,0,0,536870912,0,536870912,0,0]-[0,8388608,0,16809984,32]
[0,0,0,0,0,0,131072,16,0,0,0,0,0,0,0,0]-[0,24577,0,536870912,0]
[0,1048576,67108864,0,0,0,0,0,0,0,0,0,1048576,0,0,0]-[8421378,100663816,73744,5243392,2097154]
[0,0,0,0,0,0,0,0,1048576,8,0,0,0,128,0,0]-[0,262144,33,0,128]
[0,0,0,0,4,0,0,0,16777216,0,0,0,0,0,33554432,0]-[131072,4196354,0,0,0]
[0,0,0,0,0,0,4,0,134217728,0,0,0,0,0,0,0]-[0,0,393728,0,4096]
[0,0,0,0,0,0,0,0,0,0,0,0,0,0,8193,0]-[256,16777216,0,128,1024]
[0,0,0,0,0,0,0,0,1048576,0,0,0,0,67108864,16777216,0]-[281018368,0,131076,0,4096]
[0,0,67108864,0,0,0,0,0,2,0,0,32,0,0,0,0]-[2097152,0,268435456,128,64]
[0,0,8192,0,0,0,64,0,0,0,0,0,0,0,0,0]-[1048576,0,4224,4,0]
[0,0,67108864,0,0,0,0,0,16777216,0,0,0,0,0,0,0]-[3219758959,3210985461,3329357628,2335686639,3927543]
[0,0,0,0,0,256,0,0,1048576,0,1048576,0,1048576,536870912,0,0]-[262144,268500992,0,256,0]
[0,0,1073741824,0,0,0,0,0,0,0,0,0,0,128,33554432,0]-[0,262145,9437184,0,0]
[0,0,0,0,134217728,0,0,0,0,0,0,0,0,0,2,0]-[2305,0,2147483648,0,0]
[0,0,67108864,0,0,0,16384,16,0,0,0,0,0,128,0,0]-[0,32,1048576,80,0]
[0,0,0,0,128,0,0,0,0,0,0,0,4,0,0,0]-[0,1,1073741824,67117056,0]
[0,0,0,0,0,0,0,0,0,0,0,8,0,128,33554432,0]-[512,32,1073741824,0,524288]
[0,0,8388608,0,67108864,0,0,0,0,0,0,0,67108864,0,33554432,0]-[0,4196354,0,0,524288]
[0,0,67108864,0,0,0,8192,65536,0,0,4096,0,0,0,0,0]-[0,536871168,268439552,0,0]
[0,0,67108864,0,0,64,0,0,0,0,0,0,0,0,262144,0]-[20971520,0,16,0,32769]
[0,0,0,0,0,256,0,0,8192,0,0,0,0,0,0,0]-[1048576,0,4,260,12288]
[0,0,0,0,0,64,0,0,1048576,0,0,8,0,0,0,0]-[65536,128,128,0,64]
[8388608,0,0,0,0,256,0,0,1048576,0,0,0,0,0,0,0]-[0,33554432,8388609,2097152,0]
[0,0,0,256,0,0,0,0,0,0,0,0,0,0,0,2]-[0,16777216,0,268435456,262146]
[0,128,0,0,8388608,2048,0,0,0,0,0,0,0,0,0,0]-[0,4210704,0,16384,0]
[0,0,0,0,0,8192,4194304,0,0,0,0,0,0,0,0,0]-[4,0,16777280,0,4096]
[0,0,0,0,67108864,0,0,16,134217728,0,0,0,0,0,0,0]-[2048,262147,0,0,0]
[0,0,0,4194304,0,0,0,0,0,0,0,32,0,0,0,0]-[128,2097152,8388608,0,1]
[0,0,0,0,0,0,0,512,0,0,128,0,0,0,0,0]-[1064960,0,0,2105344,0]
[0,131072,67108864,0,0,0,0,33554432,0,0,4096,0,0,128,0,0]-[0,32,1073741824,8,128]
[0,0,0,0,0,0,0,0,1048576,0,0,0,17825792,0,0,0]-[16777216,128,537135104,1581312,0]
[128,0,0,0,0,0,0,0,0,0,33554432,0,0,0,0,0]-[576,0,131072,1124073472,4112]
[0,512,0,0,0,0,0,0,1048576,0,0,256,0,0,0,0]-[32,0,131072,131072,2048]
[0,0,67108992,0,0,0,0,134217728,0,0,0,0,0,0,0,0]-[67108896,0,0,2147745792,0]
[0,0,0,0,0,0,0,16,0,0,0,0,0,4194304,0,0]-[134217760,19005440,1073741952,132096,131584]
[256,0,0,0,0,0,0,0,0,0,0,16777216,0,0,0,0]-[32,0,537001984,536870912,0]
[0,0,67108864,0,0,0,8192,0,0,0,0,0,0,0,0,2048]-[2147483648,131072,67108864,16,0]
[128,0,67108864,0,0,0,0,0,0,0,0,0,67108864,128,0,0]-[64,2048,8192,0,524288]
[0,0,0,0,0,33554432,0,0,134217728,0,0,0,0,128,0,0]-[16,1048576,1073741826,0,0]
[0,0,0,0,0,16777472,0,0,1048576,0,0,0,1048576,0,0,0]-[0,512,0,2147483648,8256]
[0,0,0,0,0,8388608,0,0,0,0,0,0,0,0,268435456,0]-[69206016,0,4097,0,0]
[0,128,0,0,0,128,0,0,0,0,0,0,0,0,0,0]-[268435744,2,256,16777216,0]
[0,1048576,0,1,0,0,0,0,0,0,0,0,0,128,0,0]-[0,67109120,0,268435456,262144]
[0,0,67108864,0,0,0,0,0,33554432,0,0,0,0,128,0,0]-[33554441,536870912,2149580800,128,32768]
[0,0,0,0,0,0,0,0,0,0,0,0,0,128,0,64]-[268451856,538116128,1074790534,1610879120,2139136]
[0,0,67108864,0,0,0,0,0,0,0,0,0,1048584,64,262144,0]-[0,4,33619968,134217728,0]
[0,0,0,0,0,0,0,0,0,0,64,0,0,128,0,0]-[64,612368384,536871040,2058,4]
[0,0,67108864,0,0,0,0,16,0,0,0,0,2097152,0,0,0]-[32832,8,256,1,0]
[0,0,0,0,0,0,33554432,0,0,8,0,0,0,0,0,0]-[131072,134217728,0,262144,262144]
[0,1073741824,0,0,0,0,0,0,512,0,0,0,0,128,0,0]-[0,131072,524288,2048,1048576]
[0,0,0,0,0,64,0,0,0,0,32,0,0,0,0,0]-[0,0,8388608,8396800,2]
[0,0,0,0,0,0,0,0,4096,0,33558528,0,0,0,0,0]-[0,131072,8388624,0,32768]
[0,0,0,0,0,0,1073741824,0,0,0,4096,0,0,128,0,0]-[0,262144,1,67108864,32768]
[0,0,0,0,0,8192,0,0,0,0,0,32,0,0,0,0]-[3147890698,3489955864,139034691,1075060912,6314]
[128,0,0,65536,0,0,0,0,0,0,0,0,1048576,0,0,0]-[0,0,33554432,16408,0]
[0,0,0,0,0,524288,0,0,0,0,0,0,0,4096,0,0]-[0,33792,0,0,12]
[0,0,0,16777216,0,0,0,0,0,0,0,0,0,0,4,0]-[16777216,0,512,8388624,0]
[0,0,0,0,0,0,0,0,8388608,0,0,0,64,0,0,0]-[512,0,0,131104,2]
[0,0,67108864,1,0,0,0,0,0,0,0,0,0,128,0,0]-[2,67240192,0,262160,0]
[0,0,0,0,32768,64,0,0,0,0,4096,0,0,0,0,0]-[512,2147483904,0,0,2]
[0,0,0,0,0,0,0,0,32768,0,0,0,1048576,0,0,0]-[16778368,1,8388644,268476416,656]
[0,0,0,1,0,256,0,0,0,0,0,0,0,0,0,0]-[2147484160,1024,0,4,0]
[0,0,0,0,0,0,0,0,1048576,0,0,0,0,131200,0,0]-[4,0,8396801,0,0]
[0,134217728,0,0,0,2048,0,0,0,0,0,0,0,0,0,0]-[514,16384,262144,0,0]
[0,0,67108864,0,0,0,0,0,0,0,0,0,16,0,0,0]-[104857602,2179084,3292529688,17596642,559109]
[0,0,0,0,0,64,0,0,0,0,0,4128,1048576,0,0,0]-[2,0,0,2147483648,34]
[524288,256,0,0,0,0,0,0,0,0,0,0,0,0,0,0]-[0,33554432,6,0,2048]
[0,0,0,0,0,0,139264,0,0,0,0,0,0,0,0,0]-[1024,0,33554432,1536,0]
[0,0,0,0,0,0,0,16,0,0,268435456,0,0,0,0,0]-[1052672,0,524304,0,0]
[0,0,67108864,0,128,0,0,0,1048576,0,0,0,0,0,0,0]-[524288,4096,65536,0,2]
[0,0,8192,0,0,0,0,0,0,0,0,0,0,0,16384,0]-[524288,0,0,6,8192]
[0,0,0,0,0,0,0,16,0,0,131072,0,0,2,0,0]-[0,4096,2048,128,8192]
[0,0,0,0,0,8192,8192,0,0,0,0,0,16777216,0,0,0]-[1056768,0,0,4096,512]
[0,0,0,0,0,0,0,0,0,4096,0,0,0,0,33554432,0]-[786432,2147483680,262148,134234112,0]
[0,0,67108864,0,0,0,0,16,0,0,0,0,262144,0,0,256]-[8388608,4194304,1073741824,8192,0]
[0,0,0,33554432,0,0,0,0,1048576,0,0,0,1048576,0,0,0]-[16777216,0,0,1048576,1056768]
[0,0,67108864,0,0,1073741824,0,0,262144,0,0,0,0,0,0,0]-[33,0,0,2097160,0]
[0,0,8,0,0,0,0,0,1048576,8,4096,0,0,0,0,0]-[2097152,4194304,0,67110912,0]
[0,0,0,0,0,0,0,0,1048576,0,0,33554432,1048576,0,0,0]-[0,144,0,33,0]
[0,0,67108864,0,0,0,0,0,8388608,1024,0,0,0,0,0,0]-[67108864,8,0,524288,32768]
[0,0,0,0,0,256,0,16777216,0,0,0,0,0,0,32768,0]-[0,0,8650752,0,135168]
[0,0,67108864,0,0,0,0,0,0,0,4096,0,0,0,33554432,32768]-[4,0,0,136314880,2048]
[0,0,67108864,0,0,0,8192,0,1048576,0,0,8,0,128,33554432,0]-[0,536871168,0,96,0]
[0,0,0,0,0,0,0,16,0,32768,0,0,0,128,0,0]-[1024,262144,786432,0,0]
[0,0,67108864,0,4,0,0,0,134217728,0,0,0,0,0,0,0]-[0,49152,0,65664,0]
[0,2048,0,0,0,256,0,0,0,0,4096,0,0,262144,0,0]-[67108864,0,262144,0,139264]
[0,0,0,2,0,0,0,16,0,0,0,0,0,0,0,0]-[0,2048,2,0,8208]
[0,0,0,0,2048,0,0,8,0,0,0,0,0,0,0,0]-[1073758210,262144,524288,786432,262144]
[0,32768,0,0,0,0,0,0,0,268435456,0,0,0,0,0,0]-[0,2097152,1073741952,67108864,0]
[0,0,0,0,0,67108864,0,0,0,268435456,0,0,0,0,0,0]-[536870912,2048,1073741952,0,0]
[0,0,0,0,16777216,0,0,0,0,0,0,0,0,536870912,0,0]-[2181038080,167772160,0,0,0]
[64,0,67108864,0,0,0,0,0,0,0,0,32,0,0,0,0]-[2147483712,16384,67108864,33554432,0]
[0,0,0,0,0,0,0,2,0,0,0,0,0,128,0,0]-[140,0,128,268697600,786432]
[0,0,0,0,67108864,0,0,0,0,33554432,0,0,0,0,0,0]-[0,8192,1024,8,32]
[0,0,2,0,0,0,0,0,0,0,0,0,1048576,0,536870912,0]-[64,16384,327680,0,0]
[0,0,67108864,524288,0,8448,0,0,0,0,0,0,0,0,0,0]-[8,0,0,65553,0]
[0,0,0,0,33554432,0,0,0,0,0,0,0,0,0,128,0]-[33554432,512,131072,0,32]
[0,0,67108864,0,0,2147483648,0,0,0,0,0,0,0,0,128,0]-[0,2147483648,65536,2097152,16384]
[0,0,67108864,0,0,0,0,0,0,0,0,0,0,128,2097152,0]-[0,285212736,557056,0,2654272]
[268435456,0,67108864,0,0,0,0,0,0,0,0,0,0,0,2147483656,0]-[134217728,0,0,2147483904,64]
[0,0,67108864,0,0,0,0,0,134217728,0,0,0,268435456,0,0,0]-[65536,0,4,2097152,16384]
[0,0,0,0,0,32768,0,0,0,0,0,32,0,128,0,0]-[1048576,0,163840,0,32]
[0,0,2,0,0,0,0,0,0,0,4096,0,0,0,0,0]-[768,32768,1073741824,0,0]
[0,0,0,0,0,0,0,16,0,0,4096,0,1048576,536870912,0,0]-[16448,4,0,33554432,0]
[0,0,67108864,0,0,0,0,0,1048576,0,0,0,0,0,524288,0]-[0,537133312,0,1056770,1024]
[0,0,0,0,0,32,0,16,1048576,0,0,0,0,128,0,0]-[16384,1048576,0,268435584,0]
[0,0,0,0,0,256,0,0,0,0,0,0,0,0,2097152,0]-[0,0,131072,0,13312]
[0,0,0,0,0,64,0,0,2,0,0,0,0,0,0,0]-[268501122,2148008064,8390656,2147483648,64]
[0,0,0,0,0,0,0,16,0,0,2097152,0,0,0,0,0]-[0,1048576,66,128,0]
[0,0,0,0,0,0,1,16,0,0,0,0,0,128,0,0]-[0,1050624,8388608,0,2097152]
[128,0,0,0,0,0,0,0,0,2097152,0,0,0,0,0,0]-[0,2228258,67108866,0,2097153]
[0,0,67108864,0,0,0,0,0,0,0,0,16,0,0,33554432,0]-[0,32,0,20971584,0]
[0,0,536870912,0,0,0,0,0,0,0,0,0,1048576,0,0,0]-[3373268996,33920,8396834,537001984,2098307]
[0,0,67108864,0,0,0,0,0,134217728,0,536870912,0,0,0,0,0]-[67108900,0,0,8192,0]
[0,262272,0,268435456,0,0,0,0,0,0,0,0,0,0,0,0]-[0,0,67108880,16777216,262144]
[0,0,0,0,8,0,0,0,0,0,128,0,0,0,0,0]-[536870912,524288,0,2621440,0]
[0,0,67108864,0,8192,0,0,0,0,0,4096,0,0,0,0,0]-[16842752,16777256,0,0,0]
[0,0,0,0,0,0,0,0,2,1,131072,0,0,0,0,0]-[0,0,67584,301989888,0]
[0,0,0,0,0,0,0,0,134217728,4194304,0,0,0,0,0,0]-[262144,2105348,0,0,0]
[0,0,67108864,0,0,8192,0,0,0,0,134221824,0,0,0,0,0]-[0,8,65536,1032,0]
[536870912,0,0,0,0,8192,0,0,17825792,0,0,0,0,0,0,0]-[50331904,1073741824,0,0,0]
[0,0,0,0,0,0,0,0,0,0,0,0,1048576,0,2147483648,0]-[65536,65538,1,1318944,164504]
[0,0,0,0,0,256,0,0,2048,0,0,0,0,536870912,0,0]-[65536,0,270532608,2048,0]
[0,0,268435456,0,67108864,0,0,0,1048576,0,0,0,1048576,0,0,0]-[16384,1073741844,1,1048704,4]
[0,128,0,0,0,0,0,0,524288,0,0,0,0,0,0,0]-[256,131072,0,1048576,262144]
[0,0,0,0,0,0,64,0,0,0,8192,0,0,2147483648,0,0]-[0,134479872,0,0,49152]
[0,0,0,0,0,0,0,0,1048576,0,0,0,1,128,0,0]-[0,1082130432,524288,67108864,0]
[0,0,0,0,0,0,0,0,0,0,134217728,0,0,128,0,0]-[2049,16777248,2147614848,4,0]
[0,0,67108864,0,0,0,64,0,131072,0,0,0,0,0,0,0]-[2147483648,8,32,6291456,0]
[0,2097152,0,0,0,0,0,0,0,0,0,0,1048576,128,0,0]-[0,32,0,67108864,263296]
[0,0,0,0,0,0,0,0,0,0,4096,0,1048576,0,2048,0]-[0,0,33619968,16384,2097152]
[0,128,0,0,0,0,0,16,0,0,0,0,0,0,8,0]-[524288,0,32768,16384,2097152]
[128,0,0,0,0,0,0,0,0,0,0,0,262144,536870912,0,0]-[0,0,8,1048577,32]
[0,0,0,0,0,0,0,1048584,1048576,0,0,0,0,0,0,0]-[131072,8388624,536870912,0,0]
[0,0,0,0,0,0,0,0,1048576,0,0,0,0,0,0,4096]-[33570816,836583844,1082654917,2687049760,655377]
[1024,0,0,0,0,64,0,0,0,0,0,0,0,0,0,0]-[0,1572880,0,8192,0]
[0,0,0,0,0,0,0,0,0,0,71303168,0,0,32,0,0]-[0,2048,268566529,0,0]
[128,16384,0,0,0,0,0,0,1048576,0,0,0,0,0,0,0]-[131072,0,8192,1,4]
[0,0,67108864,0,0,0,0,0,0,262144,0,0,0,0,0,64]-[67108864,196608,0,128,0]
[0,0,0,0,512,0,64,0,0,0,0,0,0,128,0,0]-[128,0,16384,335544320,0]
[128,0,0,0,0,64,0,0,0,0,0,0,1048576,128,0,0]-[1,67108864,0,0,2359296]
[0,0,67108864,0,262144,0,0,16,0,0,0,0,0,0,0,0]-[4096,8,2147524628,64,0]
[0,0,67108864,0,0,64,0,0,0,0,0,0,0,128,0,512]-[4,536870912,16384,4096,0]
[0,0,0,0,0,0,0,0,0,128,0,0,65536,0,0,0]-[4096,0,128,262144,64]
[0,0,32,0,0,0,32768,0,0,0,0,0,0,0,33554432,0]-[16,0,8404992,131072,0]
[0,0,0,0,0,2147483648,0,0,0,0,4096,32,0,0,0,0]-[0,536903680,1,0,8]
[128,0,0,0,0,0,0,0,0,0,4096,0,0,0,0,1024]-[1073742336,0,33554432,16384,0]
[0,0,0,0,0,0,536870912,0,134217728,0,0,0,1048576,0,0,0]-[805306368,2,0,16,0]
[0,0,0,0,16,0,0,0,0,0,0,0,1048576,0,0,0]-[128,0,2097152,1118468,69640]
[0,0,67112960,0,67108864,0,0,0,134217728,0,0,0,0,0,0,0]-[65536,256,0,16777216,128]
[0,0,1024,2147483648,0,0,0,0,0,0,0,0,1048576,0,0,0]-[134217732,2097152,536870912,0,0]
[0,0,67108864,0,0,8192,0,0,134217728,0,0,0,1048576,0,0,0]-[2,268439552,0,65536,0]
[0,0,67108864,0,0,64,0,0,1048576,0,4096,0,256,0,0,0]-[0,0,524288,524288,1028]
[0,0,67108864,0,0,0,2048,131072,0,0,0,0,0,0,134217728,0]-[8388608,256,0,512,524288]
[0,0,67108864,0,0,0,0,24,16777216,0,0,0,4096,0,0,0]-[0,0,2147483648,4161,0]
[0,0,0,524320,0,0,0,0,0,0,0,0,0,0,0,0]-[0,0,268435488,2048,2]
[0,0,0,0,0,0,0,0,0,0,0,0,1048576,0,0,512]-[272629826,2,268435456,2421424128,327680]
[0,0,0,0,67108864,4,0,8,0,0,4096,0,0,0,0,0]-[0,33554688,1073741824,0,8]
[0,0,0,0,0,0,0,0,1048576,0,8388608,16777216,0,0,0,0]-[32772,128,0,2097152,0]
[0,0,0,0,0,0,0,0,1048576,0,0,0,262272,0,0,0]-[0,0,262208,1048576,64]
[0,0,0,0,0,256,0,0,0,32,0,0,0,0,0,0]-[0,0,4,67108864,8448]
[0,0,2147483648,0,0,0,0,0,1048576,0,0,0,1048576,0,0,0]-[131072,16416,0,138412032,0]
[0,0,67108864,0,0,0,0,0,0,0,0,262144,0,0,0,0]-[2296414208,2969871104,38281220,184583430,3145877]
[0,0,0,0,0,524288,0,0,0,0,4096,0,0,0,0,0]-[0,1029,0,0,8]
[0,0,0,0,0,0,8192,0,0,0,0,0,0,8192,33554432,0]-[516,0,1073741824,16384,0]
[0,0,67108864,0,0,0,8388608,0,0,0,0,0,0,0,0,0]-[155189252,0,1073807616,2130948,1048576]
[0,0,0,0,0,0,8192,0,0,0,0,1073741824,0,0,0,0]-[0,8192,17039904,335609856,0]
[0,0,0,0,0,0,0,8,0,0,0,0,0,2176,0,0]-[512,0,540672,262144,0]
[0,0,83886080,0,0,8388608,0,0,0,0,0,0,262144,0,0,0]-[0,32768,33554432,1024,1024]
[0,0,67108864,0,0,0,0,16,0,0,0,0,1048576,0,0,4]-[0,16,256,0,2049]
[0,0,0,0,0,0,0,0,1073741824,134217728,0,0,0,0,0,0]-[2147491968,0,131072,0,0]
[0,0,67108864,0,134217728,0,0,0,0,0,0,0,0,0,0,0]-[2686977,2218885440,2516590092,2164789860,65669]
[0,0,67108864,0,0,0,0,0,0,2097152,0,0,0,32768,0,0]-[0,2147483648,0,4128,2097152]
[0,0,0,0,0,0,0,0,0,0,4112,0,1048576,0,0,0]-[2097152,0,4096,67108864,2097152]
[0,0,1024,0,0,64,0,0,1048576,0,0,0,0,128,0,0]-[32768,0,8912928,0,0]
[0,0,67108864,0,0,0,0,0,0,0,4097,0,0,0,0,0]-[524288,17178624,301989888,33554432,2179202]
[64,0,0,0,0,64,0,0,0,0,0,0,0,0,0,0]-[0,2048,8328,0,0]
[0,0,0,0,0,128,0,0,0,0,0,0,0,0,33554432,0]-[288,2,1761607680,0,0]
[0,0,0,0,0,0,0,0,0,0,0,8388608,0,0,65536,0]-[16384,0,64,20,0]
[0,0,67108864,0,0,0,0,0,0,0,0,536870912,2147483648,0,0,0]-[64,0,65536,32,128]
[0,0,0,0,0,64,0,16,0,0,0,0,0,0,33554432,0]-[32768,512,8392704,0,0]
[0,131072,0,0,536870912,0,0,0,0,0,0,0,0,128,0,0]-[512,0,2097152,65536,128]
[2097152,0,0,2097152,0,0,0,0,0,0,0,0,0,0,0,0]-[1207959552,16777216,16,0,0]
[0,0,268435456,0,0,0,0,0,0,0,0,0,16777216,0,0,0]-[8192,524288,0,524288,8]
[128,0,0,0,0,8192,0,0,16777216,0,0,0,0,32,0,0]-[4194304,0,1024,32768,4096]
[0,0,0,0,67108864,64,0,0,0,0,0,0,0,536870912,0,0]-[16384,4096,128,0,4]
[0,0,0,0,0,256,0,0,0,0,0,0,0,0,0,16384]-[1048576,0,8392704,256,0]
[1048576,0,0,0,0,0,0,16,1048576,0,0,0,0,128,0,0]-[16384,0,0,32,8320]
[0,0,0,0,0,0,0,16,135266304,0,0,0,262144,0,0,0]-[16400,0,536870912,288,0]
[0,0,0,65536,0,0,0,0,0,0,4096,0,262144,0,0,0]-[268435456,1028,33554432,67108864,0]
[0,0,67108864,0,0,0,0,0,0,0,0,0,0,128,0,16384]-[64,1088,8192,0,0]
[2048,0,0,0,0,1,0,0,2048,0,0,0,0,0,0,0]-[524544,33554432,0,32,0]
[0,0,67108864,0,0,0,0,16,32,0,0,0,1048576,0,0,4]-[0,16,256,1,1]
[0,33554432,67108864,0,64,0,0,0,134217728,0,0,0,0,128,0,0]-[72,0,1073741824,0,524288]
[0,0,67108864,256,0,0,64,0,0,0,0,0,0,0,0,0]-[2097152,65536,528384,0,0]
[0,0,0,0,0,0,8192,16,1048576,0,0,0,0,128,0,0]-[49152,0,545259520,335548656,1048576]
[0,0,0,0,0,0,0,16,1048576,0,0,0,0,128,1,0]-[32768,65536,0,270532608,0]
[0,0,67108864,0,0,0,0,0,0,0,0,0,262152,0,0,0]-[8388608,0,302006272,0,525318]
[0,0,0,0,0,0,0,0,134217728,0,4096,0,0,128,0,0]-[268716608,612698465,1082130438,1342443568,590976]
[2097152,0,67108864,0,0,0,0,0,0,0,0,0,0,0,0,0]-[136872013,2770632961,3288344116,2185244757,723154]
[128,0,67108864,0,0,0,0,0,0,0,0,0,1310720,0,0,0]-[0,53248,0,0,2]
[134217728,0,0,0,128,0,0,0,0,0,0,0,0,0,0,0]-[0,16777216,0,75497472,512]
[16,0,0,0,0,0,0,0,1048576,0,0,0,0,0,0,0]-[81920,262544,534656,34320,532497]
[1048576,0,0,0,0,0,0,0,0,2147483648,0,0,0,32,0,0]-[68222976,0,0,0,128]
[524288,0,0,0,0,0,0,0,16777216,0,0,0,0,0,0,0]-[2068,2,0,0,0]
[0,0,0,0,0,256,0,0,0,524288,0,0,0,0,33554432,0]-[131072,128,16777216,262144,0]
[0,0,67108864,0,0,0,0,0,0,0,8,0,0,0,0,0]-[248021057,2215036989,2517746180,2148533011,2244]
[0,0,67108864,0,0,0,0,0,0,0,0,0,2147483648,128,0,0]-[64,2147483656,73736,262176,0]
[0,128,67108864,0,0,0,0,0,1048576,0,0,0,0,128,0,0]-[33554432,0,8192,4672,131072]
[0,128,0,0,0,256,0,0,1048576,0,0,0,0,0,0,0]-[65792,1048704,25165889,2418018560,8448]
[0,0,0,0,0,0,0,8,0,0,0,0,0,536870912,0,0]-[294944,17040384,35668480,142740480,72]
[0,0,0,0,0,256,0,0,0,0,0,0,2147483648,0,0,0]-[8448,8448,0,0,0]
[512,0,0,16777216,0,2147483648,0,0,0,0,0,0,0,128,0,0]-[0,128,512,0,264]
[0,0,0,0,8388608,0,0,16,0,0,0,0,0,0,0,0]-[0,524296,134217728,256,0]
[0,0,67108864,0,0,64,0,0,1048576,524288,0,0,0,0,0,0]-[0,16,0,524352,64]
[0,0,65536,0,0,0,0,16,0,0,4096,0,0,0,0,0]-[524288,0,134217728,33556480,0]
[0,0,4096,0,0,0,0,0,0,0,0,0,131072,0,0,0]-[0,32,268435488,268435456,0]
[524288,0,67108864,0,0,0,0,0,0,0,0,0,1048576,0,0,0]-[2147483652,268436496,0,2147492352,2097153]
[1048576,268435456,0,0,0,0,0,0,0,0,0,0,0,0,0,0]-[0,134221824,268439552,0,0]
[0,0,0,4194304,0,0,0,0,0,0,4096,0,134217728,0,0,0]-[0,8208,1,16384,0]
[0,0,0,0,0,0,0,256,0,1,0,0,0,0,0,0]-[0,2097280,537002496,66,2]
[0,0,0,0,0,0,0,0,1,64,0,0,0,0,0,0]-[0,2097152,0,33554560,8]
[0,0,0,0,0,0,2,0,4096,0,0,0,256,0,0,0]-[536870916,256,0,0,8]
[0,512,0,0,0,0,0,0,33554432,0,4096,0,0,0,0,0]-[2,134217728,262144,0,2048]
[0,0,0,4194304,0,0,0,0,0,0,32,0,0,0,0,0]-[8192,8192,2,16384,0]
[0,0,83886080,0,0,0,0,0,134217728,0,0,0,0,0,0,0]-[813760512,262144,2,268435456,256]
[128,0,0,0,0,0,1048576,0,0,0,0,0,0,536870912,0,0]-[100663296,0,8388608,0,256]
[128,0,0,0,524288,0,0,0,0,0,0,0,0,0,0,0]-[546308096,155648,0,262144,262144]
[0,0,67108864,512,32769,0,0,0,0,0,0,0,0,0,0,0]-[0,32768,8704,2097152,0]
[0,0,67108864,0,0,0,64,0,262144,0,0,0,0,0,0,0]-[2147483648,0,4096,524544,0]
[0,0,67108864,0,1073741824,131072,0,0,16777216,0,0,0,0,0,0,0]-[0,0,256,16777217,64]
[65536,0,67108880,0,0,0,0,0,0,0,0,0,0,0,0,0]-[67108864,16,0,134250496,0]
[0,0,0,0,0,8192,0,0,1048576,67108864,0,0,0,0,0,0]-[0,0,8650816,32768,0]
[0,0,67108864,0,0,64,0,0,0,0,0,0,0,4,0,0]-[2147483648,2097152,8192,0,2]
[128,1024,67108864,0,0,0,0,0,1048576,0,0,0,0,0,524288,0]-[0,262400,0,8194,0]
[0,268435456,0,0,0,0,8192,0,0,0,0,0,0,0,0,0]-[0,67108864,4,256,32]
[0,0,0,0,65536,0,0,0,0,0,0,0,0,128,0,0]-[1048592,269748225,1610612896,22,2229248]
[0,0,0,0,0,0,1073741824,8,0,0,4096,0,0,0,0,0]-[512,0,4096,33816576,0]
[0,0,67108864,0,0,0,0,0,512,0,0,0,1048576,128,0,0]-[0,32,0,2162688,65664]
[0,0,67108864,0,0,0,0,0,1048576,0,0,0,16777216,0,0,0]-[98304,331776,98308,22556674,133]
[0,0,0,0,0,0,0,8,0,0,0,0,0,0,0,64]-[0,2048,160,0,4096]
[0,0,0,0,67108864,8192,256,0,0,0,0,0,0,0,0,0]-[67125248,0,1048576,1048576,0]
[0,0,0,0,0,0,0,8,0,0,0,1024,262144,0,0,0]-[4194304,138412032,0,0,512]
[0,0,0,0,0,0,64,0,1048576,0,0,0,1048576,0,0,131072]-[49152,0,0,3145728,0]
[0,0,0,0,0,0,0,0,1048576,0,0,0,524288,0,0,0]-[18939920,1048576,34080792,1813522178,532484]
[0,0,67371008,0,0,0,0,0,17825792,0,0,0,0,0,0,0]-[0,2147483648,17408,16777216,0]
[0,0,0,16,0,0,0,0,134217728,0,0,0,0,0,0,0]-[0,1,1180178,262400,0]
[0,0,67108864,0,67108864,16384,0,0,0,0,0,0,0,0,0,0]-[67108864,0,268443648,512,0]
[128,128,0,0,0,0,0,0,0,0,8388608,0,0,128,0,0]-[33554944,262144,8192,0,0]
[0,0,0,0,0,0,0,16,0,0,0,8388608,0,0,0,0]-[1611661313,4980800,20,17305632,1048576]
[0,131072,67108864,0,0,0,0,0,1048576,0,0,0,0,128,0,0]-[0,268435488,1073750016,32,1049728]
[0,0,0,0,0,0,0,0,0,0,0,0,0,128,8192,0]-[1064970,872415488,3758243844,268763138,393252]
[0,0,0,0,0,512,8192,0,0,0,0,0,0,0,0,0]-[4194304,134234112,524288,138412032,12288]
[0,0,0,0,0,0,0,0,1048576,0,0,0,0,0,0,278528]-[128,0,524288,4194304,128]
[0,0,0,0,0,0,0,16,0,0,0,256,0,128,0,0]-[0,16777216,528512,570441728,2048]
[0,0,128,0,0,0,32768,0,0,0,0,0,0,0,0,0]-[0,134217728,67141632,64,0]
[0,0,0,0,0,0,0,16,0,0,0,0,0,128,0,131072]-[0,8388608,2155872256,0,128]
[0,0,0,0,0,0,0,0,0,4096,0,0,0,2147483648,0,0]-[1048576,134217728,64,4,0]
[0,0,0,0,128,0,8192,0,0,0,4096,0,0,128,0,0]-[0,16777217,0,268439552,0]
[0,0,0,0,0,0,0,0,134217728,0,0,0,8388608,0,0,0]-[0,65537,16,268435456,0]
[0,0,8,0,0,0,0,0,0,0,67108864,0,0,0,0,0]-[0,8912897,131072,0,0]
[0,0,67108864,0,67108864,0,0,0,134217728,0,0,0,1,128,0,0]-[2048,65,0,2097152,0]
[0,0,67108864,0,4,0,0,0,0,0,0,32,0,0,0,0]-[134217728,16777728,0,0,2]
[0,0,0,0,0,0,0,8388608,1048576,0,0,0,1048576,0,0,0]-[2147551232,0,8388608,1073782784,524288]
[0,0,0,0,0,256,0,0,16777216,0,4096,4,0,0,0,0]-[256,0,1,262400,0]
[512,0,524288,0,0,256,0,0,0,0,0,0,0,0,0,0]-[1048576,128,4096,262144,0]
[8388608,128,0,0,0,0,0,0,0,0,0,0,0,0,0,0]-[536870912,16512,1140850691,18874368,0]
[0,0,67108864,0,0,8192,0,8,0,0,0,0,1048576,128,0,0]-[0,64,32,2,4]
[0,0,0,0,0,8192,0,0,0,0,32,0,0,0,0,0]-[0,2048,8388672,8388608,0]
[0,0,0,0,0,0,0,0,0,0,4096,0,0,524288,0,0]-[1350588416,426065,1082130961,100798468,2162696]
[0,0,0,0,0,0,0,0,0,2048,0,32,0,0,0,0]-[0,2148532224,134742272,18432,512]
[0,4,0,0,0,0,8192,0,0,0,4,0,0,0,0,0]-[2147483648,0,83886080,33554432,0]
[0,0,67108864,0,8388608,0,0,0,134217728,0,4096,0,0,0,0,0]-[8388608,536870913,0,256,0]
[0,0,0,0,0,0,0,16,0,0,0,0,0,0,0,256]-[524304,0,64,33554432,0]
[0,8388608,0,0,0,0,64,0,1048576,0,0,0,0,536870912,0,0]-[65536,262656,0,0,8192]
[0,0,0,0,67108864,134217728,0,0,0,0,0,0,0,0,0,0]-[134217728,8388608,16777728,0,0]
[0,0,0,0,0,0,0,1048576,0,0,4096,0,0,0,0,0]-[1092618240,0,4112,2048,16384]
[0,128,0,0,0,0,64,0,0,0,0,32,0,0,0,0]-[536870912,16384,32768,16384,0]
[0,0,67108864,0,67108864,0,0,0,0,0,0,0,0,65536,0,0]-[0,2049,32768,16777216,0]
[0,128,0,0,0,8192,0,16,0,0,0,0,0,0,0,0]-[0,524304,1050624,0,0]
[0,0,0,0,16384,0,0,0,0,0,512,0,0,0,0,0]-[1048576,0,524288,134218752,0]
[0,0,0,0,0,4,0,0,0,0,0,0,65536,0,0,0]-[1048576,0,64,262144,128]
[0,0,16777216,0,0,0,0,0,0,0,0,0,4096,0,0,0]-[270532608,0,1024,0,2]
[0,0,0,0,32768,8192,0,0,0,0,4096,0,0,0,0,0]-[0,8192,64,65536,2]
[0,0,67108864,0,0,0,0,67108864,1048576,0,0,0,0,0,0,0]-[65536,278528,524288,1048832,1280]
[0,0,0,256,0,0,0,0,1048576,0,0,0,1048576,0,0,0]-[0,0,64,34818,0]
[0,128,64,0,0,0,0,0,0,0,0,0,0,0,0,0]-[4,512,65536,1073741824,0]
[0,0,2,0,0,0,0,0,0,0,0,0,268435456,536870912,0,0]-[16,0,1024,4194320,0]
[0,0,0,0,67108864,0,0,0,0,0,0,0,1048576,0,4096,0]-[65536,0,1073741824,0,524800]
[0,0,0,512,0,0,0,0,67108864,0,0,0,0,0,0,0]-[0,557056,0,1073741824,524288]
[0,0,67108864,0,0,8256,2147483648,0,0,0,0,0,0,0,0,0]-[2,6144,0,1,0]
[0,4,0,0,0,0,0,0,0,0,0,0,1048576,0,0,0]-[176161024,17835024,620773376,16777248,1]
[0,0,0,0,0,0,64,256,0,0,0,0,262144,0,0,0]-[272,0,2097152,0,1048576]
[0,16,0,0,0,0,0,0,0,0,0,0,0,536870912,0,0]-[0,0,1073745920,0,266240]
[0,0,0,256,0,0,0,0,2147483648,0,0,0,0,0,0,0]-[32832,0,128,1024,0]
[0,0,0,0,0,0,0,0,1048576,0,0,1048576,0,0,0,0]-[1,512,1,32,0]
[0,0,67108864,0,0,0,0,16,0,0,0,0,1048576,32,0,0]-[32768,268437504,0,0,16384]
[128,0,67108864,0,0,256,0,0,4096,0,1073741824,0,0,0,0,0]-[0,2048,8,32769,0]
[0,0,67108864,0,0,0,0,16,1048576,0,0,0,0,536870912,0,0]-[0,65552,0,64,128]
[0,0,67108864,0,0,0,0,0,134217728,0,0,0,65536,128,0,0]-[0,32,0,134479876,0]
[0,0,0,1,0,0,0,0,262144,0,4096,0,0,0,0,0]-[576,0,0,32772,0]
[0,0,67108864,0,0,256,0,0,0,0,0,8192,0,0,0,0]-[8,131072,0,129,0]
[0,0,0,0,0,0,0,16,0,0,0,0,0,16,0,0]-[0,0,2164260864,4160,12288]
[0,0,0,0,0,0,0,256,0,0,4194304,0,0,0,0,0]-[0,0,16777216,1048577,2097152]
[0,0,0,0,0,0,0,16,2281701376,0,0,0,0,0,0,0]-[16,2048,0,16384,16384]
[0,0,0,0,0,0,0,0,1048576,0,0,0,262144,128,16,0]-[16,0,128,2097152,1048576]
[0,0,0,0,0,0,0,0,0,0,4608,0,0,0,0,0]-[268435457,16,4096,115968,2]
[67108864,0,0,0,0,8192,0,0,0,0,0,0,0,0,0,0]-[0,545390592,536870912,8388608,4099]
[0,0,262144,0,0,320,0,0,0,0,0,2048,0,0,0,0]-[64,512,8388640,0,0]
[0,0,67108864,0,0,0,64,0,0,0,0,2097152,0,0,0,0]-[0,262145,1024,0,1024]
[0,0,0,0,0,0,0,0,16,0,4096,0,0,0,0,0]-[17046272,2218786836,8454160,105190400,16384]
[0,0,67108864,0,0,0,0,0,16809984,0,0,0,0,0,0,0]-[524288,2147483648,16384,0,64]
[0,131072,67108864,0,0,0,0,67108864,0,0,0,0,1310720,0,0,0]-[0,34816,0,2097152,1024]
[0,0,67108864,0,0,0,0,16,0,0,0,0,0,128,0,16]-[0,2048,2147516416,128,0]
[0,0,0,0,0,8192,0,0,0,0,262144,0,1048576,0,0,0]-[0,0,134221824,16777232,0]
[0,0,1073741824,0,0,0,0,1073741824,0,0,0,0,0,0,0,0]-[0,1048576,16,8196,0]
[0,0,67108864,0,0,0,64,0,1048576,0,0,0,0,0,0,262144]-[0,0,1073741824,5242880,128]
[0,0,0,0,0,0,0,16777344,0,0,0,0,0,128,0,0]-[262160,2048,1,0,0]
[0,0,67108864,0,0,0,0,16,1048576,0,64,0,0,0,0,0]-[32768,32,2048,0,128]
[0,0,0,0,0,0,0,0,0,0,4096,0,536936448,0,0,0]-[4096,2147483648,65536,67584,128]
[0,0,0,0,0,0,0,0,1048576,0,0,0,136,0,0,0]-[33554432,0,2112,1024,0]
[0,0,0,0,0,8192,0,0,2,0,0,0,0,0,0,0]-[2097152,4,134807552,268436480,16]
[32,0,67108864,0,0,0,0,0,8192,0,0,0,0,0,0,0]-[4098,80,0,0,0]
[0,0,0,0,0,0,0,0,0,0,0,32768,0,0,33554432,0]-[0,32,1024,8388672,0]
[0,0,0,0,0,256,65,0,0,0,4096,0,1048576,32,0,0]-[0,0,65552,256,4096]
[0,0,0,0,0,0,0,0,4,0,0,0,1048576,1024,0,0]-[0,32768,0,16777216,8194]
[0,0,16777216,0,0,0,0,0,1048576,0,0,0,1048576,128,0,0]-[2097152,268435456,262144,0,9216]
[0,0,67108864,268435456,0,33554432,0,0,0,2147483648,0,0,0,0,0,0]-[0,266752,0,0,131072]
[0,0,67108864,0,0,0,0,0,1048576,0,0,0,0,0,2048,0]-[35653636,301990660,37781520,33587200,525377]
[0,0,67108864,0,0,0,64,0,1048576,0,33554432,0,0,0,0,0]-[0,536870912,0,1572928,0]
[0,0,0,0,0,64,0,0,1048576,0,0,0,0,536870912,536870912,0]-[16,256,0,2147483648,132]
[0,0,0,0,0,64,512,0,1048576,0,0,0,0,0,0,0]-[32768,512,524416,0,0]
[0,0,0,0,0,0,0,8,0,0,134217728,0,0,0,0,0]-[0,524288,8388608,0,49152]
[0,16777216,67108864,0,0,0,0,0,134217728,0,0,0,0,0,0,0]-[67108864,4096,32768,512,0]
[0,0,0,0,0,0,64,0,1048576,0,0,0,0,8192,0,0]-[35667968,1049232,33554432,1024,8192]
[0,0,0,0,0,0,0,16,0,0,0,0,0,536871040,0,0]-[16464,277415968,1085440,4208,2101296]
[128,0,0,0,0,0,0,0,8192,0,0,0,0,0,0,0]-[67109376,1024,33554432,2181038176,528384]
[2,0,67108864,0,0,0,0,0,0,0,0,0,0,0,2147483648,0]-[136314880,0,512,260,0]
[0,1024,0,0,0,0,0,0,17825792,0,0,0,0,536871040,0,0]-[16384,0,128,0,524352]
[128,0,67108864,0,0,0,0,0,0,0,33554432,0,1048576,0,0,0]-[64,0,0,20971520,64]
[0,0,67108864,0,0,0,0,16,0,0,0,16384,0,0,0,0]-[67176448,8,528384,64,1048576]
[0,0,0,0,0,8192,0,0,0,0,0,0,0,2,0,0]-[65536,4096,8388608,16777344,0]
[0,0,0,0,0,0,0,0,0,0,0,64,1048576,0,0,0]-[8388608,1082135104,1107296768,201327108,1315008]
[0,0,0,0,0,0,8192,0,134217728,0,0,0,1048576,0,0,0]-[536870912,0,0,272,8]
[0,8388608,67108864,0,0,0,0,0,0,0,0,0,0,2048,0,0]-[0,16777216,0,512,6]
[0,0,67108864,0,0,256,0,0,8192,0,0,0,1048576,0,0,0]-[0,33554432,2101248,0,64]
[0,0,0,0,0,0,0,0,0,67108992,0,0,0,0,0,0]-[0,67108880,8192,0,4096]
[0,4,67108864,0,0,0,8192,0,1048576,0,0,0,1048576,0,0,0]-[16777216,65540,0,0,1024]
[0,32768,0,0,0,0,0,0,134217728,0,0,0,0,128,0,0]-[528,257,4,4144,0]
[0,0,0,0,0,256,2097152,0,0,0,0,0,0,0,0,0]-[8192,8388672,4327426,2752513,32]
[0,0,67108864,0,0,262144,0,0,1048576,0,0,0,0,0,0,0]-[2147549184,512,1111492608,167817760,1024]
[0,0,0,0,0,0,0,0,0,512,4096,0,0,0,0,32]-[0,131072,0,268435456,16512]
[0,524288,0,8388608,67108864,0,0,0,0,0,0,0,0,128,0,0]-[2176,0,2,2097152,0]
[0,0,67108864,0,0,0,0,2048,536870912,0,0,0,0,0,0,0]-[134217728,0,0,4194436,0]
[0,0,67108864,0,0,0,32,0,16777216,134217728,16,0,0,0,0,0]-[134217728,0,1536,134217728,0]
[1024,0,0,0,0,0,0,0,0,0,4096,0,0,128,0,0]-[16448,67108864,128,0,0]
[0,0,67108864,0,0,0,2097152,0,0,0,0,0,0,128,0,0]-[2097154,16777216,1074790400,327888,131200]
[0,1,0,0,0,0,0,0,0,0,0,0,134217728,0,0,0]-[0,4198400,0,3072,0]
[0,0,67108864,0,0,8192,0,0,537919488,0,0,0,0,0,0,0]-[2048,0,0,1052736,0]
[0,0,67108864,0,0,0,0,0,134217728,67108864,0,0,0,128,0,0]-[32775,0,0,0,0]
[0,0,0,0,0,256,0,0,0,0,0,0,1048576,536870912,0,0]-[0,0,16777216,262144,257]
[128,0,0,0,0,0,0,16,1048576,0,262144,0,0,0,0,0]-[0,0,8421376,16,16]
[0,0,0,0,67108864,0,0,0,0,524288,0,0,0,128,0,0]-[0,8388608,0,128,2097156]
[0,0,1,0,0,0,0,0,0,0,0,0,0,128,0,0]-[34816,0,131072,536872960,524288]
[0,0,0,0,0,8192,0,16,1048576,0,16384,0,0,0,0,0]-[0,4456448,0,536871936,0]
[0,0,67108864,0,0,0,0,0,1048576,0,0,0,16384,0,0,0]-[2149580800,0,0,2147492097,0]
[0,0,0,0,0,0,0,0,134217728,0,0,0,8,0,0,0]-[545587353,739279424,1124140635,279600,4369]
[128,0,0,0,0,0,0,0,0,0,4096,0,0,0,131072,0]-[1073758208,0,0,268566528,0]
[0,0,0,0,0,0,2,0,0,0,0,0,32,536870912,0,0]-[2147483648,2097152,0,16384,32]
[0,0,0,0,0,256,0,0,0,0,64,0,1048576,0,0,0]-[1048576,512,4096,0,64]
[1073741824,0,0,0,0,0,0,0,0,0,32768,0,0,0,0,0]-[520,0,4,33554432,0]
[0,0,0,0,0,0,0,0,0,0,0,16777216,1048576,128,0,0]-[0,0,0,67108884,1048576]
[0,0,0,1,0,256,0,0,16777216,0,0,0,0,0,0,0]-[0,256,262144,268435456,4096]
[0,0,0,0,0,256,0,0,8,0,0,0,0,0,0,0]-[66304,0,539037696,2147483672,2048]
[0,0,0,0,0,0,0,0,0,0,2147483648,33554432,0,0,33554432,0]-[32,536870912,16777216,262144,0]
[0,0,67108864,0,0,0,0,0,16384,0,4096,0,0,0,0,0]-[16777216,16,0,512,16384]
[0,0,0,0,0,256,0,0,0,0,0,0,1048576,0,0,64]-[0,1152,16777216,268435456,0]
[0,0,2,0,0,64,0,0,1048576,0,0,0,0,2147483648,0,0]-[17039360,0,1,0,131072]
[0,0,0,1073741824,0,16384,0,0,0,0,0,0,0,0,0,0]-[2147483648,1073741824,2,0,2097152]
[0,131072,8,0,0,0,8192,0,0,0,0,0,0,0,0,0]-[1048576,0,4,65536,1]
[128,0,67108864,0,0,0,0,0,0,0,0,32,0,0,0,512]-[64,0,0,2148540416,0]
[0,0,0,67108864,0,32,0,0,0,0,0,0,0,0,0,0]-[8208,2147483650,0,0,0]
[0,0,262144,0,0,0,0,8,0,0,4096,0,0,128,0,0]-[0,2048,0,536870912,524292]
[0,1024,67108864,0,0,536870912,0,0,0,0,0,0,0,0,0,0]-[0,262144,0,524544,2]
[0,0,67108864,0,67108864,16777216,0,0,0,0,0,268435456,0,0,0,0]-[0,4194304,2097152,262144,128]
[0,0,67108864,0,0,0,8192,0,134217728,0,4096,134217728,0,128,0,0]-[0,536871169,0,4096,0]
[0,0,0,0,0,0,0,16,1048576,0,0,0,0,0,65536,0]-[16384,0,64,17,0]
[0,0,0,0,4,64,0,0,0,0,0,0,0,0,0,0]-[512,2147483648,8400896,1,1026]
[0,0,67108864,0,0,0,0,32,0,0,0,0,0,0,0,0]-[524354,268505352,2149646344,17040768,1114112]
[0,0,0,0,0,0,0,0,0,0,0,4194304,0,0,67108864,0]-[0,1074266112,33619968,0,0]
[0,33554432,0,0,0,0,0,0,0,0,0,64,0,0,0,0]-[0,512,18,0,1048576]
[0,0,67108864,0,0,0,0,0,134217728,16777216,0,0,0,128,0,0]-[2056,2048,4,0,128]
[268435456,0,0,0,0,256,0,0,0,0,0,0,0,0,0,0]-[65600,276824064,131072,0,4096]
[0,0,67108864,0,0,0,0,0,1048576,0,0,0,0,128,33554432,0]-[2052,536871200,1074266112,136314976,524288]
[0,0,0,0,0,0,0,0,0,524288,0,0,262144,0,0,0]-[64,16,262144,16777216,0]
[0,0,8192,0,0,0,0,0,0,0,0,0,0,1,4,0]-[262144,2097152,8388736,0,0]
[0,0,0,0,0,0,0,16777216,16,0,0,0,0,0,0,0]-[8,0,0,2415919104,2097152]
[0,0,0,0,0,0,64,0,0,0,0,0,2097152,0,0,0]-[16384,8,67108864,0,2048]
[0,0,0,0,0,256,0,0,1048576,0,0,0,0,0,33554432,0]-[0,268435456,262144,4096,256]
[128,0,0,0,0,0,0,0,1,0,0,0,0,128,0,0]-[1048576,131072,524288,262144,0]
[0,0,0,0,0,0,16384,0,0,0,4096,0,1048576,0,0,0]-[66048,2147483712,33554448,67109120,32768]
[0,0,0,0,0,256,0,0,0,0,134217728,0,0,0,67108864,0]-[16,8192,0,4096,256]
[128,0,0,0,0,0,0,0,0,1048576,0,0,1048576,0,0,0]-[8388608,0,0,0,1081352]
[0,0,67633152,0,0,0,0,0,0,0,0,0,0,0,524288,0]-[0,4096,524800,33554432,0]
[0,0,0,0,0,0,0,0,0,0,4096,0,0,0,134217728,0]-[262145,4227080,1115684864,0,2162696]
[0,0,67108864,0,0,0,0,0,1048576,0,0,0,0,0,33619968,0]-[0,65536,2048,36864,0]
[0,0,524288,0,0,256,0,0,0,0,0,0,0,0,0,0]-[68157456,384,397344,262144,12288]
[0,16,83886080,0,0,0,0,0,0,0,0,0,0,128,0,0]-[8388608,33554432,268436480,0,0]
[0,2147483648,0,0,0,0,0,0,1048576,0,0,0,0,0,0,0]-[134217730,0,268435456,0,32]
[0,0,0,0,0,0,4096,0,1048576,0,0,0,0,0,0,0]-[128,0,33554432,33554496,0]
[0,0,67108864,32,0,0,0,0,0,0,0,0,1310720,0,0,0]-[0,0,2097152,35651584,65536]
[0,0,0,0,0,0,0,0,0,0,0,0,1048576,0,1073741824,0]-[131073,0,262144,16793600,2097216]
[0,0,0,0,0,0,0,0,0,1064960,0,0,0,0,0,0]-[0,2147491840,1074003968,0,0]
[0,0,0,32,0,0,0,0,0,0,0,0,1048576,536870912,0,0]-[1048576,4,0,0,2097216]
[0,0,0,0,0,0,0,268435456,1048576,0,0,0,0,128,0,0]-[4,65536,1073741824,1073741824,0]
[0,0,0,0,67108864,0,0,0,0,262144,4096,0,1048576,0,0,0]-[262144,67108864,4096,512,0]
[0,0,0,0,0,0,0,4,0,0,0,0,0,0,268435456,0]-[0,131072,0,33570816,512]
[0,0,0,0,0,256,0,8,0,0,4096,8388608,0,0,0,0]-[512,256,4096,4,0]
[0,0,32768,0,0,67108864,0,0,0,0,0,0,0,128,0,0]-[0,67110912,1074003968,0,0]
[128,0,67108864,0,0,0,0,0,0,0,0,0,4194304,0,0,0]-[64,0,33554432,65568,0]
[0,0,0,0,0,0,0,8,134217728,0,4096,0,0,0,0,0]-[17039360,0,512,0,65536]
[0,0,0,0,0,0,0,16,0,0,0,0,0,128,67108864,0]-[16384,0,1048576,4096,128]
[0,131072,0,0,0,0,0,0,0,0,0,0,0,2147483648,0,0]-[1048576,0,0,65540,512]
[0,0,0,0,0,0,0,0,0,0,4096,32,0,128,0,0]-[2097152,0,0,268765188,0]
[0,0,67108864,0,0,0,0,268435480,0,0,0,0,0,0,0,0]-[16777216,16777216,524288,8,0]
[0,8192,0,0,0,0,2147483648,0,1048576,0,0,0,0,0,0,0]-[16384,4194304,8388608,1073741824,0]
[0,0,67108864,0,0,134217728,0,16,0,0,0,0,1073741824,0,0,0]-[0,2048,512,4096,1048576]
[0,0,67108864,131072,0,0,0,0,1048576,0,4096,0,0,128,0,0]-[4,0,524288,2097186,131072]
[0,0,0,0,0,0,0,0,0,0,0,0,1074790400,128,0,0]-[131074,32,0,0,8192]
[0,0,67108864,0,0,256,8192,0,0,0,0,0,0,0,0,0]-[2217279497,83927336,537124,2147553732,1214544]
[0,0,67108864,0,0,0,0,0,0,0,1,0,16777216,0,0,0]-[0,17104896,0,0,2]
[131072,0,0,0,0,0,0,0,0,0,0,0,0,1048576,0,0]-[8,16,65536,16384,0]
[0,0,67108864,0,0,0,0,0,0,0,1024,1,0,0,0,0]-[0,67117056,0,1,2097152]
[0,0,67108928,0,0,0,0,0,0,0,4096,0,0,0,0,0]-[524288,1024,4112,66564,32768]
[0,0,0,0,0,0,0,0,0,0,0,0,1048576,128,65536,0]-[0,0,0,4120,32]
[256,0,0,0,0,0,0,65536,0,0,0,0,0,0,0,0]-[40,128,131072,0,0]
[128,0,33554432,0,0,0,0,0,0,0,0,0,0,0,0,0]-[0,0,8388608,4194368,4096]
[0,0,0,0,0,8192,0,0,0,0,0,0,0,0,268435456,0]-[256,32768,263168,1024,294913]
[268435456,0,67108864,0,0,0,0,0,0,1073741824,524288,0,0,0,0,0]-[0,33554432,1024,20,0]
[0,0,67108864,0,0,0,0,0,0,0,0,0,0,262144,0,0]-[25165860,604126248,2183237132,6128180,1081669]
[0,0,0,0,0,0,0,16,134217728,0,0,0,1310720,0,0,0]-[16384,2048,2097152,256,0]
[0,0,536871936,0,0,0,0,0,0,0,0,0,0,0,0,0]-[1207959552,0,0,0,262145]
[0,0,83886080,0,0,0,0,0,0,0,0,32,0,0,0,0]-[8454144,262144,0,0,16]
[0,0,0,0,0,0,0,0,1048576,0,67112960,0,262144,0,0,0]-[16384,0,129,1024,0]
[0,0,0,0,0,0,0,8192,2048,0,4096,0,0,0,0,0]-[1075838976,0,0,268697600,0]
[128,0,0,0,0,0,0,16,0,2,0,0,0,0,0,0]-[512,0,8192,16785408,0]
[0,0,67108864,262144,0,0,0,0,0,0,0,0,1048576,0,0,0]-[8392770,16777736,35651584,5243408,1048706]
[0,0,0,0,0,0,0,0,1048576,0,4096,0,0,0,4096,0]-[65792,0,16777216,1073742208,9216]
[0,0,0,0,65536,0,0,8,0,0,0,0,0,0,0,0]-[2,134217728,134217728,0,128]
[0,0,0,0,0,0,0,0,134479872,0,0,0,0,128,0,0]-[0,545259520,2,0,524288]
[0,0,67108864,0,0,8192,0,0,0,0,0,0,8192,128,0,0]-[0,65,0,2,4]
[0,0,0,16,0,0,0,0,0,0,0,32,0,0,0,0]-[536870912,0,0,1073758208,2]
[0,0,0,0,0,32,0,0,0,0,0,32,1048576,0,0,0]-[0,128,16386,128,0]
[0,0,0,0,67108864,0,0,0,0,0,0,1,0,0,0,0]-[1048576,67108864,67110016,68157440,2097152]
[0,0,0,8192,0,0,0,0,4,0,0,0,0,0,0,0]-[0,1073741824,0,16786432,0]
[0,0,67108864,0,0,0,0,256,0,0,0,0,0,536870912,0,0]-[0,0,16,262145,256]
[0,0,0,131072,0,0,0,0,0,0,0,0,0,0,67108864,0]-[0,0,196640,0,4]
[0,0,0,0,8192,0,0,536870912,0,0,0,0,0,0,0,0]-[1073741824,1207959554,0,0,0]
[0,0,67108864,0,0,0,64,0,0,0,0,0,1048576,0,16384,0]-[2,512,8192,16777216,0]
[0,0,67108864,0,0,0,0,536870912,0,0,0,0,536870912,0,0,0]-[4096,2147483648,0,2097153,0]
[0,0,0,0,0,320,0,0,1048576,0,4096,0,0,0,0,0]-[0,33554432,0,6400,0]
[0,0,0,0,0,0,0,0,134217728,0,0,0,1073741824,0,0,0]-[80,536870912,0,256,0]
[0,0,0,0,0,2048,0,0,134217728,0,0,0,0,128,0,0]-[520,65536,536870912,0,0]
[128,0,67108864,0,67108864,0,0,32,0,0,0,0,0,0,0,0]-[0,256,33554432,20971520,0]
[536870912,0,0,0,0,0,0,0,0,0,0,0,262144,0,0,0]-[0,138412032,0,8192,4]
[0,0,0,0,0,0,0,0,1050624,0,0,0,1048576,0,0,0]-[16640,0,574619648,2101248,524368]
[0,0,67108864,0,0,0,0,0,65536,0,0,0,0,0,0,0]-[65572,536952832,3254853636,17399893,1030]
[0,0,67108864,0,0,256,0,0,0,16384,0,0,0,0,0,0]-[67108864,33562624,1073807360,0,131072]
[0,4,67108864,512,1,0,0,0,1048576,0,0,0,0,0,0,0]-[2147483648,16,0,33554432,1024]
[0,0,0,0,131072,0,0,0,0,0,0,0,0,0,8,0]-[16,1024,4,16777216,0]
[128,0,67108864,0,0,256,0,0,8388608,0,0,0,0,0,0,0]-[0,163872,524288,0,0]
[0,0,67108864,0,0,66,0,0,0,0,0,0,0,0,0,0]-[32770,0,1024,0,64]
[0,0,0,0,0,0,0,0,1048576,0,4096,2,0,128,0,0]-[2097152,262144,129,0,0]
[0,0,67108864,0,0,0,8,0,1048576,0,0,0,0,0,0,0]-[4,32,33554432,134218784,1048640]
[128,0,0,0,0,2,0,0,17825792,0,0,0,0,0,0,0]-[32,2,0,0,262146]
[0,0,0,0,0,8192,0,0,1048576,0,4096,16777216,0,0,0,0]-[4,0,17039360,1073741824,0]
[0,0,0,67108864,0,0,0,0,9437184,0,0,0,0,0,0,0]-[0,1048580,524289,0,0]
[0,0,0,0,0,0,0,16,0,0,0,0,1048576,128,0,0]-[268747841,345049184,557058116,471863472,3549344]
[0,131072,0,0,0,256,0,0,0,0,0,0,0,128,0,0]-[1048576,1048576,1075838980,4,0]
[0,0,0,0,0,0,0,16,0,0,0,67108864,0,0,0,0]-[65536,2,0,4195328,0]
[0,0,0,0,0,0,0,17,0,0,0,0,0,128,0,0]-[268435456,0,524416,2,0]
[0,0,0,0,0,0,0,0,0,0,0,32,8388608,0,0,0]-[0,0,4198400,2048,8192]
[0,0,67108864,0,67108864,0,0,0,0,0,4096,0,0,0,0,0]-[18944000,2265088340,1375801856,4462464,2097280]
[0,0,100663296,0,2048,0,0,0,0,268435456,0,0,0,0,0,0]-[32,4096,33554432,0,64]
[0,0,8,0,0,0,0,0,0,0,0,0,0,128,0,0]-[2097688,16844800,294914,1143015424,2424864]
[0,128,67108864,0,0,0,0,0,0,0,0,0,0,8,0,0]-[16777248,0,268435456,16777216,0]
[0,0,0,0,0,0,0,0,256,0,4096,0,0,0,0,0]-[4100,8193,268963840,2416066560,331786]
[0,0,0,0,0,64,0,0,1,0,0,0,0,0,0,0]-[0,0,8,1,34]
[4096,0,0,0,0,0,0,0,0,524288,0,0,0,0,0,0]-[536870912,524288,0,65536,1]
[8,0,0,0,0,256,0,0,0,0,0,0,0,0,0,0]-[67174672,66560,135268,268439556,5120]
[0,0,0,0,32768,0,0,0,4194304,0,0,0,0,0,0,0]-[128,4160,512,0,0]
[0,0,0,0,262144,0,64,0,0,0,0,0,0,0,0,0]-[2147483650,67112960,65536,536870912,8196]
[0,0,0,0,0,0,0,0,0,0,0,0,1048576,134217856,0,0]-[128,0,0,2097156,1024]
[0,0,67108864,0,134217728,0,0,0,16777216,0,0,0,0,0,0,0]-[0,2147483648,1024,66,0]
[0,0,0,0,0,16384,0,0,0,0,33554432,0,0,0,0,0]-[128,512,1024,0,8192]
[0,0,67108864,0,0,0,0,0,0,1073741824,0,0,0,128,0,0]-[67108864,50593808,1024,2149908499,0]
[0,0,0,0,0,0,0,0,262144,0,0,0,0,32,0,0]-[384,0,268435456,0,2048]
[0,0,0,0,0,0,0,0,0,0,4096,0,0,0,16,0]-[0,140292,33554432,268437504,2113536]
[0,0,0,0,0,0,0,0,0,1024,524288,0,0,0,0,0]-[1073741824,0,2,1073742080,0]
[8,0,67108864,0,0,0,0,0,0,0,0,0,0,128,0,0]-[0,822222888,1073750024,787044,33792]
[0,0,67108864,2147483648,0,0,0,0,0,0,0,0,262144,0,0,0]-[524288,133120,0,33554432,0]
[0,0,67108864,0,0,0,0,0,0,1,0,0,2097152,0,0,0]-[0,0,1049088,2105344,0]
[0,0,0,0,0,0,0,0,134217728,0,0,0,1,0,0,0]-[536870912,2,0,1073741824,16384]
[0,0,0,131072,0,0,0,0,0,0,0,0,1048576,0,0,0]-[2688548864,10511362,1006633222,4226,525888]
[0,0,67108864,0,0,0,0,0,0,0,4096,524288,0,0,0,0]-[142671872,2415992832,2181103616,33620224,2097282]
[0,0,0,0,67108864,0,0,0,1048576,0,0,0,0,128,0,0]-[36094100,1887436832,1619304609,1677726448,8196]
[0,0,0,4,0,0,0,0,0,0,0,0,0,0,0,128]-[536870912,1048578,0,8,512]
[0,0,0,0,0,0,0,0,0,0,4096,0,64,0,0,0]-[524288,537001984,1073758209,272762880,34]
[0,16,0,0,0,0,8192,0,0,0,0,0,1048576,128,0,0]-[131072,0,0,69648,0]
[0,0,0,0,0,4,0,0,0,0,4096,0,1048576,0,0,0]-[1073741824,0,64,262272,0]
[0,0,0,0,0,8192,0,0,0,0,8192,0,0,134217728,0,0]-[0,0,65536,0,264193]
[0,0,67108864,0,67108864,0,64,16,0,0,4096,0,0,0,0,0]-[0,67108868,512,256,0]
[0,0,0,0,2048,0,64,0,1048576,0,0,0,0,0,0,0]-[0,0,536870912,4608,256]
[0,33554432,0,0,0,0,0,0,150994944,0,0,0,0,0,0,0]-[16777216,0,67108865,0,4]
[0,0,0,0,0,0,0,16,0,0,0,0,0,0,1048576,0]-[525312,65536,1073742848,83886080,262144]
[0,0,67108864,0,0,0,0,0,16777216,0,8,0,0,0,0,0]-[524288,0,65536,2,64]
[0,536870912,0,0,0,0,0,0,0,0,0,0,0,0,33554432,0]-[32,0,671088640,0,8]
[0,0,0,0,0,0,0,8,16777216,0,0,0,0,536870912,0,0]-[16384,256,1664,2147483648,524352]
[0,0,16777216,0,0,0,0,0,0,4096,0,0,0,536870912,0,0]-[0,32768,33816576,1024,0]
[128,0,0,0,0,0,0,0,0,4194304,0,0,0,536871040,0,0]-[0,65536,131072,16,131072]
[0,0,0,0,0,0,0,0,0,268435456,0,0,0,0,32768,0]-[0,2048,4194304,67141632,0]
[0,0,0,0,0,64,0,0,0,0,0,0,0,33554432,0,0]-[131080,67108864,0,1048576,0]
[0,0,0,0,0,256,0,8,0,4096,0,0,0,0,0,0]-[1073758208,0,524288,32768,0]
[0,0,0,0,0,256,0,0,134217728,0,4096,0,1048576,0,0,0]-[66048,0,1073741824,268435456,0]
[0,0,0,0,0,16,0,0,0,0,0,0,0,128,0,0]-[270663689,285213729,2097312,1476395012,139332]
[0,0,0,0,0,0,0,16777216,0,0,65536,0,0,0,0,0]-[0,524288,1280,4194816,0]
[128,0,0,0,0,0,0,16,0,64,0,0,0,128,0,0]-[0,67584,0,64,32]
[0,0,16777216,0,0,0,256,0,0,0,0,0,0,0,0,0]-[268435456,33816576,2,0,0]
[0,0,0,0,0,0,0,0,134217728,0,0,0,1048576,256,0,0]-[536870912,9,0,2097152,0]
[0,0,1048576,0,0,0,0,0,0,0,0,0,1048576,0,0,0]-[16777218,0,277086208,131904,524384]
[0,0,0,0,0,0,8192,0,4,0,4096,0,262144,0,0,0]-[16384,32768,0,1024,2]
[0,0,0,0,0,0,0,0,1048576,0,0,0,262144,0,0,0]-[2418557232,4245771670,1669630155,1181822755,1781058]
[0,0,0,0,0,256,64,0,134219776,0,0,0,0,128,0,0]-[268435536,0,2097152,0,0]
[0,0,0,0,0,0,0,0,1048592,0,0,0,0,0,0,0]-[16812289,541327376,25427984,239083520,8512]
[0,0,0,0,0,4096,0,0,0,0,0,0,512,0,0,0]-[512,0,131072,1024,16]
[0,0,67108864,0,0,32768,64,0,0,0,0,0,8,0,0,0]-[0,0,33619968,524288,2]
[0,0,0,0,0,0,0,0,1048576,0,0,524288,0,128,0,0]-[131088,1082392576,1610653696,1811941378,64]
[0,1024,67108864,0,0,0,0,0,0,0,4096,0,0,0,0,0]-[8388608,8193,0,65536,0]
[0,0,0,0,0,0,0,16,0,0,0,16777216,0,128,0,0]-[16384,32,2147614720,0,0]
[0,0,67108864,0,67108864,0,0,16777216,0,0,0,0,0,0,0,0]-[67174400,131088,33619968,16777216,524288]
[128,128,0,0,0,0,0,0,1048576,0,0,0,0,0,0,0]-[131072,262144,33562624,1077977088,16]
[0,0,1024,0,0,256,0,0,134217728,0,0,0,0,128,0,0]-[268435456,65536,10485760,0,0]
[128,0,0,0,0,0,0,0,134217728,0,0,2,0,0,0,0]-[16384,264192,0,0,256]
[0,16777216,67108864,0,0,0,0,0,0,0,0,32,0,0,0,0]-[8388608,0,20480,0,131072]
[1073741824,0,67108864,0,0,0,0,0,0,0,131072,0,0,128,0,0]-[0,262144,1048576,0,2097216]
[0,0,67108864,0,0,1073741824,64,0,0,0,4096,0,0,0,33554432,0]-[0,40960,0,4608,0]
[0,0,67108864,0,0,0,0,0,0,1024,4096,0,0,0,0,0]-[0,0,512,262144,16386]
[0,0,0,0,0,0,8192,8,0,0,0,0,0,128,0,524288]-[268435456,64,32768,0,524288]
[0,0,0,0,0,0,0,0,1048577,0,0,0,1048576,0,0,0]-[0,1073741824,1073743872,2048,0]
[0,0,67108864,0,0,128,0,0,134217728,0,0,0,0,0,0,0]-[65600,65545,1073741824,16777216,1]
[0,0,1024,0,0,33554432,0,0,0,0,1073741824,0,0,0,0,0]-[0,2176,520,0,0]
[0,0,0,0,0,0,0,0,1048576,0,67108864,0,67108864,128,0,0]-[0,0,8388609,0,1028]
[0,0,1024,0,262144,0,0,0,0,0,0,0,0,0,0,0]-[0,0,4194304,285212672,8192]
[0,0,0,0,0,131072,0,0,134217728,0,0,0,0,0,0,0]-[0,4096,64,9216,0]
[0,0,0,0,0,0,0,24,0,0,0,32,0,0,0,0]-[0,1048576,0,144,4096]
[0,0,67108864,0,0,0,0,0,0,0,0,0,0,16512,0,0]-[2,536870912,0,128,1024]
[0,0,0,16777216,0,2,0,0,0,0,0,0,0,0,0,0]-[0,0,0,1048576,264224]
[0,0,0,0,0,1,0,0,134217728,0,0,0,262144,0,0,0]-[0,536870912,2,256,524288]
[0,8192,0,16,0,0,0,0,0,0,0,0,0,0,0,0]-[0,33280,131072,262144,0]
[0,0,67108864,0,8,8192,0,0,0,0,0,0,0,0,0,0]-[32,0,528,0,2048]
[0,0,0,0,0,0,0,16,0,0,0,0,0,128,0,128]-[512,0,1073750144,0,0]
[0,0,0,0,0,0,1048576,0,17825792,0,0,0,1048576,0,0,0]-[0,0,32,268468288,0]
[0,0,0,0,0,0,0,0,0,0,0,32,8,0,0,0]-[536870912,32768,50855936,524288,2621576]
[0,0,1,0,0,0,0,8,0,0,0,0,0,0,0,0]-[0,19,0,512,0]
[0,1024,0,0,0,0,0,0,1048576,0,0,0,0,128,0,0]-[2244609,1073741824,262272,536872976,64]
[0,0,0,0,67108864,0,33554432,0,0,0,0,0,0,0,0,0]-[0,8650752,2148538496,4096,1048584]
[0,0,0,0,0,256,0,0,1048576,0,0,0,0,2147483648,0,0]-[131072,0,0,2101248,256]
[0,0,0,0,0,0,0,0,1048576,0,0,0,0,2097152,0,0]-[8388608,0,134218752,0,2097152]
[0,0,67108864,0,0,0,0,8,1048576,0,0,0,0,0,33554432,0]-[4,4194304,1074266112,0,0]
[0,0,0,0,0,0,0,0,0,0,0,0,1310720,0,536870912,0]-[0,1064961,33554432,0,0]
[0,0,0,0,0,0,128,0,134217728,0,0,0,0,0,0,0]-[0,4096,524288,8389632,0]
[16,0,67108864,0,0,0,0,0,0,0,0,0,0,0,0,4]-[8421376,0,2048,32768,0]
[0,0,8192,8,67108864,0,0,0,0,0,0,0,0,0,0,0]-[0,335544320,0,536871168,0]
[0,0,67108864,0,0,256,0,0,0,0,1073741824,0,0,0,0,0]-[0,67110912,520,40961,0]
[0,0,0,0,0,0,0,0,0,0,0,1024,1048576,128,0,0]-[0,33554496,65536,814743552,8]
[0,0,16777216,0,0,0,0,0,134217728,0,0,0,262144,0,0,0]-[0,536870915,0,256,0]
[0,2097152,67108864,0,0,64,0,0,0,2147483648,0,0,0,128,0,0]-[64,0,0,64,1152]
[0,0,0,0,0,0,0,0,0,0,0,0,0,2162688,0,0]-[1073741824,0,2101248,0,8192]
[0,262144,0,0,0,0,0,0,134217728,0,0,0,0,0,0,0]-[536870912,134217728,1073741824,0,2048]
[0,0,0,0,0,256,0,0,0,0,0,0,1048576,0,8192,0]-[0,0,2162689,67112960,0]
[0,0,0,0,0,4096,0,0,1048576,0,0,0,262144,0,0,0]-[0,16384,128,0,1056768]
[0,128,0,0,0,0,0,0,0,0,0,0,128,0,0,0]-[264,8,268435456,1075322882,16384]
[0,0,0,0,0,256,0,0,0,0,0,32768,0,128,0,0]-[16,0,131073,0,8192]
[0,0,0,0,0,0,0,1,0,0,0,0,16777216,0,0,0]-[1048576,134217728,2048,8192,0]
[0,0,67108864,0,0,0,0,0,1048576,128,0,0,0,0,0,0]-[2048,17152,16,2181038080,128]
[0,0,67108864,0,0,0,0,0,1048576,8388608,0,0,0,0,0,0]-[524288,266240,4718592,16777218,2097408]
[0,0,0,1073741824,0,0,0,0,0,0,4096,0,0,0,0,0]-[2415919104,8224,2,671088896,0]
[128,0,0,131072,67108864,0,0,0,0,0,0,0,1048576,0,0,0]-[138412544,0,0,128,0]
[0,0,0,0,0,0,0,0,0,64,4096,0,1048576,128,0,0]-[268713984,0,0,4096,0]
[262144,0,0,16,0,0,0,16,0,0,0,0,0,0,0,0]-[1024,24576,0,0,131072]
[256,0,0,0,0,0,0,16,0,0,0,0,0,0,0,0]-[2147483664,68157968,2147483648,268435456,0]
[4,0,0,0,0,256,0,0,0,0,0,0,0,0,0,0]-[67108864,0,4160,134217728,0]
[0,0,67108864,0,0,0,16384,0,1048576,0,0,0,0,0,0,0]-[33554432,0,33587216,2149613569,525568]
[0,0,0,0,0,0,4210688,0,0,0,0,0,1048576,0,0,0]-[4,64,96,0,0]
[0,0,67108864,268435456,262144,0,0,0,0,0,0,0,0,0,0,1]-[4096,262144,67108880,0,0]
[0,0,0,131072,0,0,0,0,0,0,0,0,0,0,0,128]-[512,32768,2,128,0]
[4,0,67108864,0,0,0,0,0,0,0,0,0,0,128,0,0]-[0,67108864,2097184,0,128]
[0,0,67108864,0,0,0,0,0,1048576,0,0,0,0,128,8388608,0]-[0,268435456,32800,512,0]
[0,0,0,0,4,8192,0,0,0,0,0,0,0,0,0,0]-[32768,16777224,0,268435456,0]
[0,0,0,0,0,0,0,0,2148532224,0,0,0,0,128,0,0]-[16388,0,8388608,536870912,0]
[0,0,0,0,16,0,0,0,0,16384,0,0,0,128,0,0]-[33554624,262144,0,0,0]
[0,0,0,0,131072,8192,0,0,0,0,0,0,0,0,0,0]-[33554432,34816,8388608,0,128]
[0,1024,0,0,32,0,0,0,0,0,0,0,0,0,0,0]-[0,294912,1048576,268435456,0]
[128,0,67108864,0,75497472,0,0,0,0,0,0,0,0,0,0,0]-[0,256,33570816,16777216,0]
[0,0,0,33554432,0,0,0,0,0,0,0,0,0,536871040,0,0]-[0,524288,0,0,4114]
[0,0,0,32768,0,0,0,2,0,0,0,0,0,0,0,0]-[0,1048584,4,2147483648,0]
[0,0,0,0,67108864,0,0,0,0,0,8192,0,0,0,0,0]-[0,1073758212,268509312,1048576,0]
[0,0,67109888,0,0,0,0,0,0,0,0,0,256,0,0,0]-[0,0,67108864,16842752,1]
[0,0,0,0,0,0,0,0,0,0,0,0,2,128,0,0]-[2097170,16777216,2637827,805310464,2098176]
[0,0,0,0,0,0,0,0,135266304,0,0,0,1073741824,128,0,0]-[131072,32,0,134219776,0]
[0,0,67108864,0,262144,0,0,8388608,0,0,0,0,0,0,0,0]-[33554432,2056,2147483648,0,0]
[0,0,0,0,0,0,0,134217736,1048576,0,0,0,0,0,0,0]-[128,16384,128,1048643,524288]
[0,0,0,0,0,0,0,16,16777216,0,0,0,0,16,0,0]-[0,0,2147483648,4160,4096]
[0,0,16777216,0,0,0,0,0,0,0,0,0,0,0,131072,0]-[1024,268437504,268435456,0,0]
[128,0,1,0,0,0,0,0,0,0,65536,0,0,536871040,0,0]-[16448,0,131072,0,524288]
[0,0,0,0,67108864,0,0,0,0,0,0,0,0,0,4,0]-[0,65536,1114754,541069312,8]
[2147483648,0,0,0,67108864,0,0,0,0,0,0,0,8,0,0,0]-[67108864,75497472,65536,0,0]
[0,0,0,0,0,0,0,0,0,0,4194304,0,1048576,128,0,0]-[0,0,9437184,0,524292]
[0,0,0,0,0,8192,0,0,0,2147483648,0,0,0,128,0,0]-[0,536936448,2,512,0]
[0,0,67108864,0,0,8192,0,0,0,0,0,16,0,0,0,0]-[6815744,2048,1024,0,0]
[2048,0,0,0,67108864,0,0,0,0,0,0,0,0,0,0,0]-[512,12584976,0,0,524804]
[0,0,67108864,0,0,0,0,0,0,0,0,0,0,134217728,0,0]-[75499521,809503560,370786596,2284855316,132117]
[0,0,0,0,0,0,64,0,4,0,0,0,1048576,0,0,0]-[262144,67108864,0,6422528,0]
[0,0,0,0,0,0,0,8,0,0,64,0,0,0,0,0]-[0,0,160,0,4100]
[0,0,67108864,0,0,0,4,0,0,0,0,0,0,4,0,0]-[0,272629760,8192,4,0]
[0,0,67108864,0,0,0,0,0,1048576,0,4096,0,0,0,536870912,0]-[0,256,0,4198400,128]
[0,0,16777216,0,0,0,0,2048,0,0,0,0,0,0,0,0]-[67108864,32768,32768,0,8192]
[2147483648,0,0,0,0,0,0,0,0,0,0,0,67108864,536870912,0,0]-[1024,8,301989888,0,0]
[0,128,0,0,0,0,0,0,0,0,0,0,0,0,33554432,0]-[135400352,4456584,1571816582,24789312,2048]
[0,8388608,67108864,0,0,0,64,0,0,0,0,0,0,0,0,0]-[33554432,8192,0,16777728,0]
[0,0,67633152,0,0,0,0,0,0,0,0,0,0,0,2048,0]-[67108864,0,0,0,2097409]
[0,0,0,0,0,0,0,0,17825792,0,0,0,256,0,0,0]-[256,0,1,2048,16]
[0,0,0,0,0,8192,0,0,0,0,0,0,268435456,0,0,0]-[2,0,32832,262144,0]
[0,0,67108864,0,0,0,0,0,0,4,0,0,0,0,0,0]-[2286424096,135244,268998656,17342728,1196037]
[0,0,67108864,0,0,0,0,0,0,0,4608,0,1048576,0,0,0]-[2101249,32,0,0,2097152]
[0,32768,67108864,0,67108864,0,0,0,0,0,0,0,0,0,0,0]-[0,0,33587200,4456448,0]
[0,0,0,0,0,0,0,0,0,0,0,134217728,262144,0,0,0]-[524288,0,0,67174400,1024]
[0,0,67108864,0,2,0,0,0,0,0,0,0,0,0,0,0]-[2903251018,74072845,2216729140,139628754,84035]
[0,0,1140850688,0,0,0,0,0,1073741824,0,0,0,0,0,0,0]-[8388608,0,2147483648,262144,524288]
[0,0,0,0,0,0,1073741824,0,0,0,131072,0,0,0,0,0]-[32,2048,8388608,65536,0]
[0,0,0,0,0,0,0,128,0,0,0,0,1048576,128,0,0]-[0,0,1,67108864,262208]
[0,0,0,0,67108864,0,0,16,0,0,0,0,1048576,0,8388608,0]-[0,0,26214912,0,0]
[0,0,67108864,0,0,0,0,0,16,0,4096,0,1048576,0,0,0]-[16777216,67108864,65552,37814272,0]
[0,0,67108864,0,0,0,0,0,0,0,0,0,0,8,33554432,0]-[0,12288,0,0,2097216]
[0,0,0,0,0,0,1048576,0,1048576,0,0,0,0,0,0,0]-[3145737,266436,557842512,268435456,276]
[0,0,0,0,0,0,0,0,134217728,0,0,0,1048584,0,0,0]-[536870912,8388608,2097152,0,8]
[0,0,67108864,8,0,0,0,0,0,0,0,0,8,0,0,0]-[8388608,0,0,4202560,0]
[0,0,0,0,0,0,64,0,0,0,0,0,1048576,32,0,0]-[1310720,65544,0,0,4224]
[0,1,0,0,0,0,0,0,0,0,0,0,262144,128,0,0]-[0,67108864,0,67108864,655360]
[4096,0,0,0,0,0,0,0,1048576,0,0,0,0,0,0,0]-[67108992,256,768,12288,32]
[0,16777216,0,0,0,64,0,0,0,0,0,0,0,0,0,0]-[536870912,1048832,1024,0,128]
[0,0,131072,0,67108864,0,0,0,134217728,0,0,0,1048576,0,0,0]-[0,67587,0,0,0]
[0,128,0,0,0,8192,0,0,0,0,32768,0,0,0,0,0]-[65536,0,64,16777216,128]
[0,0,0,0,0,64,0,0,17825792,0,0,0,0,128,0,0]-[0,0,160,64,64]
[0,0,67108864,0,16,0,0,0,0,0,0,0,0,536870912,0,0]-[33554432,2097152,0,2101248,0]
[0,0,0,0,0,268435456,0,0,0,0,2097152,0,0,0,0,0]-[2,536870912,0,33554432,32]
[131072,0,0,0,0,0,0,0,0,0,4096,0,1048576,0,0,0]-[262144,0,0,131588,0]
[0,0,67108864,0,131072,0,0,0,0,0,0,0,0,0,268435456,0]-[2147483648,1024,0,34603008,0]
[0,0,67108864,0,0,0,0,16,0,0,0,67108864,262144,0,0,0]-[0,553656320,0,0,131072]
[0,0,67108864,0,262144,0,0,0,262144,0,0,0,0,0,0,0]-[0,256,0,32773,0]
[0,0,0,0,0,0,0,0,0,0,0,536870912,17825792,0,0,0]-[131072,67108864,1,0,8]
[0,0,0,0,0,64,0,0,1048576,0,0,0,0,0,0,2048]-[0,384,128,8257,0]
[0,1024,1024,0,0,0,0,16,1048576,0,0,0,0,128,0,0]-[16384,8388608,0,144,0]
[0,8,4194304,0,0,1048576,0,0,0,0,0,0,0,128,0,0]-[4,0,131072,66,0]
[0,64,67108864,0,0,0,0,0,0,0,0,0,1048576,0,0,0]-[2,0,33554432,2147484160,0]
[0,0,67108864,0,0,0,0,0,0,0,0,8,0,0,16,0]-[0,16,256,16777344,0]
[0,0,0,0,0,0,0,0,1048576,32768,0,0,0,0,0,0]-[409600,0,8388624,2684362752,0]
[0,0,0,0,0,0,536870912,0,0,0,0,0,1048576,2,0,0]-[536870912,34,0,65536,0]
[0,0,2,0,0,0,0,0,0,0,256,0,0,0,0,0]-[256,67108864,2147581952,2048,266240]
[0,0,67108864,0,0,0,0,16777232,0,0,0,0,0,128,0,0]-[0,17039360,36,0,0]
[0,0,0,0,0,0,0,0,1048576,4096,4096,0,0,0,0,0]-[2359296,0,0,1536,0]
[0,0,0,0,0,8388608,0,0,0,0,4096,0,1048576,128,0,0]-[2097216,0,0,67109376,0]
[0,0,67108864,134217728,0,0,0,16,135266304,0,0,0,0,128,0,0]-[2048,536870912,1073741824,0,64]
[128,0,0,0,536870912,0,0,0,1048576,0,0,0,0,128,0,0]-[147456,0,8421376,0,0]
[128,0,0,0,0,0,2097152,0,0,0,0,0,0,0,0,0]-[1073741824,268435456,0,4194432,0]
[0,0,0,0,0,0,0,0,1048576,0,0,0,1048576,268435456,0,0]-[260,16,0,537428096,0]
[0,0,67108864,0,0,67108864,0,0,0,0,4096,0,0,0,0,0]-[0,67108864,1073745920,33554432,0]
[0,0,8388608,0,0,0,0,0,0,0,0,0,1310720,0,0,0]-[0,1050626,1,0,0]
[128,0,0,0,0,0,0,0,8,0,0,0,0,0,0,0]-[512,2048,163840,2151809024,64]
[0,8192,0,0,0,0,0,0,0,0,0,0,8,0,0,0]-[128,0,16777216,524288,8]
[128,0,0,0,0,0,0,0,0,0,0,0,0,0,128,0]-[0,2147483648,67110912,0,2359304]
[0,0,0,64,0,0,0,0,16777216,0,0,0,0,0,0,0]-[0,512,2147483776,268435456,0]
[0,0,0,0,0,0,0,16,32768,0,0,0,0,0,0,0]-[512,16777216,262144,132096,64]
[67108864,0,0,0,0,0,0,0,0,0,4096,0,0,128,0,0]-[0,67109120,0,67108864,2097152]
[0,0,67108864,0,0,0,64,64,0,0,0,0,0,128,0,0]-[0,262144,0,4096,33792]
[128,0,0,0,0,256,0,16,0,0,0,32,0,0,0,0]-[0,0,1024,16908296,0]
[16777216,0,0,0,0,64,0,0,0,0,0,0,0,0,0,0]-[268435456,4096,8388608,64,0]
[0,0,0,0,0,0,0,16,1048576,0,0,33554432,0,0,0,0]-[0,65536,8388608,2097152,16]
[0,0,68157440,0,0,0,8192,0,0,0,4096,0,0,0,0,0]-[0,536870912,268435456,69632,0]
[0,128,67108864,0,0,0,0,0,1048576,2147483648,0,0,0,0,0,0]-[33554432,262656,0,0,131072]
[128,0,0,0,0,0,0,0,1048576,0,0,0,0,0,33554432,0]-[262144,268435456,0,32768,256]
[0,0,67108864,0,0,0,0,1073741824,1048576,0,0,0,0,0,0,0]-[65540,574685696,38273056,36700177,69]
[0,0,0,128,0,0,0,0,0,0,0,0,0,0,262144,0]-[2097152,1024,33685504,0,0]
[0,0,67108864,0,0,0,0,0,0,0,0,0,0,1024,0,0]-[94896133,239872,2149656368,18350144,558163]
[0,0,0,0,0,0,64,0,0,0,0,16384,0,0,0,0]-[0,0,262144,1073742848,16384]
[8388608,0,0,0,0,256,0,0,0,0,0,0,0,128,0,0]-[0,0,262145,2359296,0]
[0,0,0,0,0,272,0,0,0,0,0,0,0,0,0,0]-[0,0,520,131200,0]
[0,0,0,0,0,0,0,0,67108864,0,0,0,0,0,32,0]-[67109120,0,2147483648,0,65536]
[0,0,0,0,0,0,0,0,0,0,4096,0,0,0,0,262144]-[256,16908304,1073807360,4194308,4226]
[16777344,0,0,0,0,0,0,0,0,0,0,0,0,0,0,0]-[4194304,0,0,32768,36]
[0,8388608,0,0,0,0,0,0,1048576,0,0,0,1048576,0,0,0]-[65536,0,1073743872,1073741824,0]
[0,0,0,0,0,0,0,0,2,0,4096,0,0,128,0,0]-[268435456,0,8388608,268435464,0]
[128,0,67108864,0,0,0,0,0,16777220,0,0,0,0,0,0,0]-[138412032,256,0,16777216,0]
[0,0,0,0,0,0,0,131072,0,2147483648,0,0,1048576,0,0,0]-[131073,0,4096,0,65536]
[0,0,67108864,0,0,0,0,0,0,0,0,0,0,2048,0,0]-[2319450120,2416108313,2416492848,41689664,525382]
[0,0,67109888,0,0,0,0,0,0,0,0,4096,1048576,0,0,0]-[0,67108864,33558528,134217728,0]
[0,0,67108864,0,0,0,64,0,0,0,524288,0,0,0,268435456,0]-[0,262144,0,1024,33792]
[16777216,0,0,0,0,0,0,16777216,1048576,0,0,0,0,0,0,0]-[0,0,0,73400322,0]
[0,0,0,0,0,0,0,0,0,0,1,0,262144,0,0,0]-[1572864,0,0,0,131074]
[0,0,0,0,0,8192,0,0,1,0,0,0,0,0,0,0]-[0,258,8193,0,0]
[0,0,0,0,0,256,0,0,1048576,0,0,0,0,0,0,65536]-[2147483648,33554432,17,2214592512,1]
[0,0,67108864,0,0,0,0,0,1048576,2,0,0,0,0,0,0]-[1,16,4194304,32768,0]
[128,0,524288,0,0,0,0,0,0,0,0,0,0,0,0,0]-[168820736,268458000,24576,1073831937,131104]
[0,0,0,16777216,0,0,0,0,0,0,16,0,0,0,0,0]-[134217728,512,16777216,512,0]
[0,0,67108864,0,0,0,73728,0,0,0,0,0,0,0,0,0]-[0,603979776,0,4096,2065]
[0,0,0,16777216,0,0,0,0,134217728,0,0,0,0,0,0,0]-[81920,67108864,8,1073758224,257]
[128,0,67108864,0,0,0,0,0,0,0,0,0,1048576,0,2097152,0]-[134217728,0,8,65,0]
[0,0,0,0,0,0,0,0,536870912,0,0,32,0,0,0,0]-[1,0,64,0,1048578]
[128,0,67239936,0,0,0,0,0,0,0,0,0,0,0,0,0]-[4194304,262144,0,18,0]
[0,32768,0,0,0,8192,131072,0,0,0,0,0,0,0,0,0]-[8388608,0,0,536870920,1]
[0,0,0,0,0,0,64,0,0,0,0,0,0,0,0,32768]-[512,0,2147485696,0,512]
[0,0,1140850688,0,0,0,0,0,134217728,0,0,0,1048576,0,0,0]-[0,65536,16,16777472,0]
[0,0,67108864,0,0,4,0,0,1048576,0,0,0,0,0,0,0]-[2147483648,0,0,1280,256]
[0,0,128,0,0,8,0,0,0,0,0,0,0,0,0,0]-[65536,537395200,65536,0,0]
[0,0,0,65536,0,0,0,0,0,0,4096,0,1048576,0,0,0]-[8388608,0,0,147464,0]
[0,0,0,0,0,0,2,0,0,0,0,32,0,0,0,0]-[2148532224,0,0,2147500032,0]
[0,0,67108864,0,0,0,0,0,8,0,0,0,0,128,0,0]-[0,3104,32768,0,32768]
[0,0,0,262144,0,0,64,0,0,0,0,0,131072,0,0,0]-[0,134226176,0,0,65536]
[0,0,0,0,0,0,0,16,135266304,0,0,0,1048576,0,0,0]-[0,8388608,16779328,4432,0]
[0,0,536870912,0,0,0,0,16,0,0,0,0,0,0,0,0]-[2147483648,524288,151027714,32,1314976]
[0,0,67108864,0,128,0,0,0,0,0,0,0,0,128,0,0]-[0,2147487744,65552,0,0]
[0,0,0,0,0,0,0,0,0,0,0,0,128,0,33554432,0]-[32,67109122,0,0,0]
[0,0,0,0,0,256,0,0,0,0,4096,32,1048576,0,0,0]-[65536,1024,268435456,268699648,0]
[0,0,0,1,0,32768,0,0,0,0,0,0,0,0,0,0]-[16777216,34078720,268435456,0,0]
[0,0,0,0,0,8256,0,0,0,0,0,32,0,0,0,0]-[2684354562,2147483648,524288,0,0]
[128,0,67108864,0,0,0,8192,0,0,0,0,0,0,0,0,0]-[71368769,570845505,2214625280,2181103712,1179713]
[1073741952,0,0,0,0,0,0,0,0,0,0,0,0,0,0,0]-[0,0,16384,16793600,4]
[0,0,0,0,0,64,0,0,0,4096,0,0,0,0,0,0]-[0,32,64,4,524288]
[0,0,0,0,8,0,0,0,0,0,0,0,0,0,1,0]-[2097152,524288,0,10485760,0]
[0,0,0,33554432,0,0,0,0,0,0,0,0,1048576,128,0,0]-[0,1073741888,4,32,0]
[0,0,0,0,0,0,0,0,0,0,524288,0,0,16384,0,0]-[2097408,4096,0,4,0]
[0,0,0,0,268435456,0,0,0,0,0,4096,0,0,1,0,0]-[0,2151677952,0,67108864,2]
[134217728,0,0,0,0,8192,0,0,1048576,0,0,0,0,0,0,0]-[134217728,32768,0,262144,32]
[0,0,0,256,0,0,0,0,0,0,67108864,0,1048576,0,0,0]-[0,0,0,2162688,2101248]
[0,0,0,0,0,0,0,16,0,0,0,0,0,0,2147483648,0]-[65536,2,0,8192,131072]
[0,0,0,0,0,0,0,0,8388608,0,0,0,0,0,0,16384]-[16777216,0,134742017,0,0]
[2048,0,67108864,0,0,256,0,0,0,0,0,0,0,128,0,0]-[0,2048,0,65536,524416]
[0,0,0,0,0,256,0,0,0,0,0,0,0,0,524288,0]-[67109376,268439680,262208,262144,64]
[0,0,67108864,0,0,0,64,8,0,0,0,0,0,524288,0,0]-[2048,0,524800,4,0]
[0,0,0,0,0,0,0,0,0,0,0,32,1048576,2147483776,0,0]-[268566530,0,0,2097152,0]
[0,0,67108864,0,0,0,0,0,0,0,0,0,0,128,524288,0]-[0,553910272,24576,4096,1088]
[0,0,0,512,0,0,0,0,16777216,0,0,0,0,0,0,0]-[0,0,536936960,2147483648,0]
[1073741824,0,67108864,0,0,0,0,0,0,0,0,0,524288,0,0,0]-[0,0,16400,32,4]
[0,0,9216,0,8,0,0,0,0,0,524288,0,0,0,0,0]-[0,0,1048576,128,34]
[0,0,0,0,8,0,8192,0,0,0,0,0,0,0,0,0]-[0,0,512,0,560]
[0,0,0,0,0,8192,0,0,0,0,0,0,0,33554432,0,0]-[0,8650752,0,1032,0]
[0,0,32768,0,0,0,0,0,0,0,0,0,1048576,0,0,0]-[2150634496,16781316,8,83886084,275531]
[0,0,0,0,0,0,1024,0,1048576,0,0,0,0,0,0,0]-[2147565572,538182144,17301664,2151678976,1048576]
[0,0,0,0,0,0,0,0,0,0,0,0,16777472,0,0,0]-[8,65536,65536,2048,0]
[0,1024,0,0,0,0,0,8,1048576,0,0,0,0,0,0,0]-[4098,0,512,0,8]
[0,0,0,0,0,0,128,0,0,0,0,32,0,0,0,0]-[8,16777216,0,0,34]
[0,0,0,0,0,131072,0,0,0,0,0,32,0,0,0,0]-[0,0,64,9216,2097152]
[0,0,0,0,0,16777216,0,0,67108864,0,0,0,0,0,0,0]-[12582912,2097152,536870912,0,0]
[0,0,67108864,512,0,0,0,0,0,0,0,0,1048576,0,0,0]-[0,268472352,2097152,2097152,33792]
[0,0,0,0,0,0,0,0,0,0,8388608,0,1048576,128,0,0]-[262144,67108864,0,0,262272]
[0,0,0,0,0,0,0,16,16777216,0,0,0,1048576,128,0,0]-[64,67110912,0,0,262144]
[128,0,0,0,0,64,0,16,0,0,0,0,0,128,0,0]-[16448,0,0,64,32]
[0,0,16777216,0,0,0,0,0,0,0,0,0,0,0,0,1024]-[0,536870912,0,524288,1536]
[0,0,67108864,0,0,0,0,0,0,0,0,0,8,2176,33554432,0]-[0,0,2148007936,262144,524288]
[8388609,0,0,0,0,0,0,16,0,0,0,0,0,0,0,0]-[0,0,2097664,201326592,0]
[64,0,0,0,0,0,0,0,0,0,4096,0,0,128,0,0]-[0,32,0,67584,65536]
[128,0,67108864,0,0,0,0,0,0,16384,0,0,0,0,0,0]-[67108896,536870928,8192,262144,655362]
[0,0,0,0,0,0,0,0,0,2097152,4096,0,0,0,0,0]-[1075909120,2248148253,1249907216,268885892,2097160]
[0,0,0,0,0,0,0,0,0,0,0,0,277872640,0,0,0]-[262144,0,0,35651584,16384]
[1073741824,0,0,0,524288,0,0,0,1048576,0,0,0,0,0,0,0]-[16384,0,4194304,268436480,0]
[0,0,0,0,0,0,0,16,0,0,4096,0,16384,0,0,0]-[0,0,2,2147483680,8192]
[0,0,67108864,0,0,4194304,0,0,0,0,0,0,0,0,33554432,0]-[524288,268435456,4194304,0,2097152]
[0,0,0,0,16,0,0,16,0,0,0,0,0,0,0,0]-[0,4,134217794,2147485697,262272]
[0,0,0,0,0,0,0,16,0,0,0,0,0,0,0,512]-[524288,8391168,556797952,268435712,16]
[0,0,0,0,0,0,0,0,16777216,0,0,0,512,0,0,0]-[50331648,1048576,131072,0,0]
[0,0,67108864,0,0,0,0,0,0,0,32768,0,2097152,0,0,0]-[0,0,33554948,0,256]
[0,0,0,0,0,0,67108864,0,1048576,0,0,0,1048576,0,0,0]-[0,2,0,131072,278528]
[0,0,67108864,0,32,0,0,0,1048576,0,0,0,0,65536,0,0]-[65536,256,0,2129920,0]
[0,0,67108864,0,0,0,0,8,0,0,0,32768,0,128,0,0]-[0,0,1073758208,262144,64]
[0,0,335544320,0,0,0,0,0,1048576,0,0,0,0,0,0,0]-[8388608,16777232,0,2147487744,2623488]
[0,0,67108864,0,0,0,0,0,0,0,1073745920,0,0,0,0,0]-[589824,541066504,33554432,327808,0]
[2147483648,0,0,0,0,0,0,0,0,0,0,0,0,1048576,0,0]-[0,0,9216,67108872,0]
[0,0,0,0,0,0,0,0,134217728,0,131072,0,0,0,0,0]-[66048,134217728,2097152,0,0]
[0,0,0,0,0,0,0,0,0,0,0,0,0,128,0,4096]-[75,554696705,8552453,268503040,425984]
[0,0,0,0,32768,0,0,0,0,0,4096,0,8,0,0,0]-[512,16,192,0,0]
[0,16384,0,32,0,0,0,0,135266304,0,0,0,0,0,0,0]-[16,0,24,32,0]
[0,0,67108864,0,0,0,0,16,0,0,0,0,1065984,0,0,0]-[64,4,0,0,1048704]
[262144,0,0,0,0,256,0,0,0,0,0,0,0,128,0,0]-[0,8388608,0,262148,8192]
[0,0,67108864,0,0,0,0,0,0,0,0,0,1049600,0,0,0]-[0,4108,0,150995712,0]
[0,0,75497472,0,0,0,0,0,0,0,0,0,262144,0,0,0]-[0,0,0,262144,34944]
[0,0,0,0,0,0,64,0,0,0,0,0,0,0,2,0]-[32,0,8192,1090519040,0]
[0,2,67108864,0,0,0,0,0,0,0,4096,0,0,0,0,0]-[16777216,16777232,81936,263424,2097152]
[0,0,67108864,0,0,1073741824,0,0,0,0,0,0,0,0,0,0]-[88145977,3791757966,525312,2298786092,196866]
[0,0,0,16777216,0,0,0,0,0,0,0,524288,256,0,0,0]-[0,1073742336,524288,262144,0]
[2097152,0,0,0,0,0,0,16,0,0,0,0,0,16,0,0]-[0,0,2684354560,0,12288]
[0,0,67108864,0,0,0,0,0,1048576,64,0,0,0,128,0,0]-[0,0,0,130,131200]
[67108864,0,0,0,0,0,8192,0,0,0,0,0,1048576,0,0,0]-[0,131072,64,64,1]
[0,0,0,0,0,0,0,0,1048576,0,0,4096,0,0,0,0]-[2164262912,0,33554432,671088704,8192]
[0,0,0,0,0,256,0,0,0,0,67108864,0,0,0,33554432,0]-[0,8396800,262144,4096,0]
[0,0,0,0,0,0,0,0,0,0,0,0,262272,128,0,0]-[1048576,0,2,67108864,1024]
[0,0,0,0,0,0,8192,4194304,0,0,0,0,0,0,0,0]-[0,0,32,65552,512]
[8192,0,0,0,0,0,0,0,0,0,16,0,0,0,0,0]-[0,192,0,4,16]
[0,0,0,0,0,8192,0,0,2097152,0,0,0,0,0,0,0]-[33554440,0,673185856,16777216,32]
[0,0,0,0,67108864,256,0,0,1048576,0,0,0,1048576,0,0,0]-[262144,268435456,1,256,0]
[0,0,0,0,0,0,12288,16,0,0,0,0,0,0,0,0]-[0,0,0,2112,48]
[0,0,8,0,16384,0,0,0,0,0,0,0,0,0,0,0]-[65536,64,536870912,4194304,0]
[128,2097152,75497472,0,0,0,0,8,0,0,4096,0,0,0,0,0]-[0,2048,0,2147483650,4]
[0,0,0,0,0,32,0,0,0,4096,0,0,262144,0,0,0]-[1048576,67125248,0,32,0]
[0,0,0,0,0,0,2147483648,0,0,0,0,0,0,524288,0,0]-[262144,4,0,8192,16384]
[67108864,0,0,0,0,0,0,0,0,0,0,0,8,0,0,0]-[2048,0,0,536870912,136]
[0,0,2147483648,0,0,0,0,0,0,0,0,0,1048576,128,0,0]-[1,8454144,0,4,0]
[0,0,0,0,0,0,0,0,16384,0,0,0,8,536870912,0,0]-[66,0,131072,0,16384]
[0,8388608,0,0,0,0,0,0,0,0,0,0,262144,128,0,0]-[16384,0,2097280,0,131072]
[0,0,67108864,0,0,0,64,0,67108864,0,0,0,0,0,0,0]-[0,528,1024,65536,0]
[0,0,0,0,0,0,0,0,1048576,0,0,256,0,0,0,0]-[2166505472,0,128,603979808,1179649]
[128,0,67108864,0,0,0,0,0,0,0,33558528,0,0,128,0,0]-[1,536870912,0,0,2129920]
[0,0,0,0,0,0,0,0,1048576,0,0,0,0,0,0,131072]-[2147483652,536871828,34341056,4753408,655376]
[0,0,0,0,0,0,0,0,0,0,4096,0,262144,0,0,64]-[268435456,537001984,0,1024,0]
[2,0,0,0,0,0,0,0,0,0,0,0,65536,0,0,0]-[2097280,8,16777216,0,0]
[0,0,67108864,0,0,8192,0,0,0,33554432,0,0,0,0,0,0]-[136314880,2147516416,0,17,2]
[0,128,0,0,0,0,0,0,0,0,0,0,0,0,8388608,0]-[131074,0,1024,8192,0]
[0,128,0,0,0,0,0,0,0,0,0,0,0,2147483648,0,0]-[0,0,32768,2228224,32768]
[0,0,0,0,0,0,0,16,0,0,0,0,8192,0,0,0]-[1090519056,4112,2359296,16777216,0]
[0,0,67108864,0,0,0,64,0,0,0,4096,0,8,0,0,0]-[2048,67108868,33554432,0,130]
[0,0,134217728,0,0,0,16,0,0,0,4096,0,0,0,0,0]-[0,262176,134283264,0,0]
[0,0,0,0,0,0,0,0,0,0,0,32,1048584,0,0,0]-[805306369,0,0,0,2]
[1073741824,0,0,0,0,0,0,0,16,0,0,0,0,128,0,0]-[262144,0,1048576,262144,64]
[2147483648,0,0,0,0,0,0,262144,1048576,0,0,0,0,0,0,0]-[0,536870912,0,67108864,8208]
[128,256,524288,0,0,0,0,0,0,0,0,0,0,0,0,0]-[167772160,0,0,64,32]
[0,0,0,0,0,0,8192,0,0,0,0,0,1048576,2,0,0]-[393216,33556480,4097,2214658048,64]
[0,0,0,0,0,0,0,0,0,0,0,0,0,524288,32768,0]-[16384,0,2,33685504,0]
[0,0,0,0,0,0,0,0,1048576,67108864,0,0,1073741824,0,0,0]-[0,16384,0,1073742336,1048576]
[0,0,67108864,0,0,0,32,0,1048576,0,0,0,0,0,0,0]-[18876416,33555200,524288,3145856,1048577]
[0,0,0,0,2147483648,0,0,0,0,0,0,0,262144,0,0,0]-[0,67117056,18874624,67108864,65538]
[0,0,0,0,0,0,0,24,0,0,0,0,0,2,0,0]-[0,4096,2048,128,4096]
[0,0,0,0,0,0,0,0,0,0,0,1,1310720,0,0,0]-[1048576,4,0,67108864,1024]
[0,0,0,0,0,0,0,0,0,0,0,0,0,536870912,0,8]-[0,65536,132096,256,0]
[0,0,0,0,32,0,0,0,0,0,128,0,0,0,0,0]-[0,2147483648,0,67665920,0]
[0,0,67108864,0,0,0,0,8192,1048576,0,0,0,0,0,0,0]-[65536,772,32784,36897,1048900]
[0,0,0,0,0,0,0,0,0,0,0,0,327680,0,0,0]-[268451840,16785408,18874368,67108864,131072]
[0,0,0,0,0,33554432,0,0,0,0,1048576,0,0,0,0,0]-[1536,2,0,16,0]
[0,0,0,0,0,0,0,0,0,0,0,268435456,262144,0,0,0]-[16384,603987968,50331648,0,589824]
[524288,0,0,0,0,0,0,0,1048576,0,0,524288,0,0,0,256]-[65552,0,33554432,8192,0]
[0,8388608,67125248,0,0,0,0,0,0,0,0,0,0,0,0,0]-[8,67108864,67108864,0,64]
[0,0,4,0,1073741824,0,8,0,0,0,0,0,0,0,0,0]-[0,0,0,16777217,270336]
[0,0,65536,0,0,256,0,0,0,0,0,0,0,0,0,0]-[0,8396800,65540,0,0]
[0,512,67108864,0,0,0,0,0,1048576,0,134217728,0,0,0,0,0]-[0,0,0,36864,260]
[128,33554432,67108864,0,0,0,0,0,0,0,0,0,2147483648,0,0,0]-[134217792,0,8,64,0]
[131072,0,67108864,0,0,0,0,0,1048576,0,0,0,0,0,0,0]-[0,0,524288,134225984,0]
[0,0,67108864,32768,0,0,0,0,8,0,0,0,0,0,0,0]-[8,4,0,0,67584]
[16,0,0,0,0,0,0,0,0,0,0,0,0,128,0,0]-[34898440,1180928,663686,2097680,794624]
[0,0,0,0,0,0,0,0,1048576,0,1048576,0,262144,128,0,0]-[0,0,128,2097152,1056768]
[0,0,0,0,0,0,0,0,0,0,0,32,0,0,512,0]-[0,0,0,1107296256,2097154]
[0,0,0,0,0,0,0,0,8388612,0,4096,0,0,0,0,0]-[0,32768,134217728,1024,8]
[0,16777216,0,0,0,8192,0,0,0,0,0,0,0,0,0,0]-[0,8192,134217728,1,128]
[0,0,67110016,0,0,0,0,0,0,0,0,0,262144,0,0,0]-[0,2048,256,2097152,524288]
[0,0,0,8388608,0,0,0,0,1048576,0,0,0,0,0,0,0]-[2432843840,1107820724,4530304,872448002,2097152]
[0,0,0,0,0,0,8,16,0,0,4096,0,0,0,0,0]-[16842752,0,0,8,8]
[0,0,0,0,2097152,8192,0,16,0,0,0,0,0,0,0,0]-[0,0,142606400,16,0]
[128,0,67108864,0,0,0,0,0,0,0,1073741824,0,0,0,0,0]-[33554432,2147485696,2147485712,8193,0]
[0,0,0,0,0,0,64,16,0,0,0,0,0,0,32,0]-[0,536870976,0,537395200,0]
[0,128,0,0,0,256,0,0,0,0,0,0,0,128,0,0]-[269615616,0,1075838976,264192,0]
[0,0,67108864,0,0,0,0,0,0,0,4096,0,1310720,0,0,0]-[2097152,83918853,33554432,33620224,65538]
[0,0,0,0,0,0,268435456,0,0,1048576,0,0,0,0,0,0]-[0,167772160,0,1056,0]
[0,0,0,0,0,128,0,0,0,0,0,0,0,0,0,65536]-[0,1,1,67108864,1]
[0,0,0,0,8192,0,2147491840,0,0,0,0,0,0,0,0,0]-[0,2147483650,0,131072,256]
[0,0,0,0,0,0,0,0,0,0,4128,0,0,0,0,0]-[1074266112,536870912,8405056,512,2]
[0,16384,0,0,0,64,0,0,0,0,0,0,0,0,0,0]-[536870912,0,9216,0,4]
[0,0,0,0,0,0,0,0,0,524288,0,0,1048576,0,0,0]-[293601348,17976464,84148240,2450526272,5124]
[0,0,67108864,0,0,0,0,0,0,0,0,0,0,128,0,0]-[182485071,3074915709,3497654068,2306708223,3900869]
[0,0,0,0,0,0,0,0,0,0,0,2048,0,0,524288,0]-[0,4096,512,0,8256]
[0,0,67108864,0,0,0,262208,0,0,0,0,0,0,0,0,0]-[0,536870912,33620000,0,0]
[0,0,0,536870912,0,0,0,16,0,0,0,0,0,128,0,0]-[0,0,0,2097216,2359296]
[0,0,0,0,0,256,0,0,0,0,0,0,16777216,0,0,0]-[0,8388608,1073745920,0,8192]
[0,0,67108864,0,0,0,0,0,134217728,0,0,0,536870912,0,0,0]-[33,262145,4,8448,131072]
[0,0,1073741824,0,0,0,0,0,0,1048576,0,0,0,0,0,0]-[4,0,132096,0,1048576]
[0,0,67108864,0,0,16,0,0,0,0,0,16777216,0,128,0,0]-[32768,536870912,2097152,262144,0]
[0,0,0,0,0,8192,0,0,0,16777216,0,0,0,128,0,0]-[8,2048,0,8388608,128]
[0,0,0,0,0,0,0,0,0,0,0,0,524288,128,0,0]-[1048724,289,537001984,2165252,0]
[0,0,0,0,8192,0,0,0,134217728,0,0,0,0,0,0,0]-[80,2,0,0,256]
[0,0,67108864,0,0,0,0,0,1048576,0,4096,1,0,0,0,0]-[2097152,536870928,0,32768,0]
[0,0,67108864,0,0,8192,0,0,0,0,0,0,0,0,536870912,0]-[33554432,0,2129920,0,2]
[0,0,67108864,0,0,0,0,0,0,0,0,0,16392,0,0,0]-[0,553648128,8,0,1]
[0,0,67108864,0,0,0,0,8388608,0,0,0,0,256,128,0,0]-[0,16384,67108864,17301504,0]
[0,0,67108864,16385,0,0,0,0,0,0,0,0,0,0,0,0]-[8388609,33554432,269484032,0,2]
[128,0,0,0,0,0,0,0,536870912,0,0,0,0,536871040,0,0]-[0,67584,131072,0,524288]
[0,0,67108864,0,0,0,0,0,16777216,0,0,0,0,134217728,0,0]-[134217728,2147483648,2147484160,16777216,0]
[0,0,67108864,0,0,0,0,0,0,1,0,0,1024,536870912,0,0]-[0,135172,0,0,128]
[0,0,0,0,0,0,0,0,0,0,0,0,0,16384,4,0]-[34,536870912,0,1073741824,0]
[128,0,67108864,0,0,256,0,0,0,0,4096,0,0,0,0,0]-[0,163936,0,0,0]
[536870912,0,0,0,0,0,0,0,0,0,0,0,0,0,67108864,0]-[0,134217728,67108864,0,262148]
[0,0,0,0,524288,0,0,0,0,0,4096,0,0,0,0,0]-[268960064,8192,0,32768,2162688]
[0,4,0,0,0,0,0,16,0,0,0,0,0,0,0,0]-[16777216,67110400,131072,2147622912,0]
[0,0,67110912,0,0,0,0,0,0,0,0,0,0,0,0,0]-[2156396608,544,4,262182,1671169]
[0,0,0,0,0,0,0,0,1048576,0,0,0,1310720,128,0,0]-[2113536,0,1,69206016,1057792]
[0,0,0,0,67108864,4194304,0,0,0,0,0,0,0,0,0,0]-[134218240,8388608,0,1048576,0]
[0,0,524288,0,0,0,0,0,128,0,0,0,0,0,0,0]-[262144,4096,0,32896,0]
[0,0,67108864,0,0,0,0,0,1048576,0,0,32,0,65664,0,0]-[1,0,524320,0,1048576]
[0,0,67108864,65536,0,0,0,0,1048576,0,0,0,0,0,0,0]-[16777220,4472836,10272,2147485506,131456]
[0,0,0,0,0,0,0,8388608,0,0,0,0,1048576,128,0,0]-[268435520,32,8192,0,0]
[0,0,0,4194304,0,0,0,0,0,4096,0,0,0,0,0,0]-[128,134217728,70,16416,0]
[0,0,0,0,0,2147483648,0,0,0,0,0,0,262144,0,0,0]-[0,4,538968065,32,655362]
[0,0,0,0,0,0,64,16,1048592,0,0,0,0,0,0,0]-[0,1048592,0,4096,8192]
[0,0,524288,0,0,0,0,0,8388608,0,0,0,0,0,0,0]-[2147483648,131072,134217728,1024,0]
[0,0,67108864,0,0,0,0,0,0,0,0,16777472,0,0,0,0]-[0,0,4,128,147456]
[0,0,0,4096,0,0,2048,0,1048576,0,0,0,0,0,0,0]-[0,262144,0,1074266112,1024]
[0,268435456,0,0,0,2147483648,0,0,134217728,0,0,0,0,0,0,0]-[536870912,8388608,8,268439552,0]
[2097152,0,0,0,0,0,0,0,0,0,0,0,0,128,0,64]-[0,0,6,536870912,2097152]
[0,128,0,0,67108864,0,0,0,0,0,0,0,262144,0,0,0]-[0,4,17825920,0,0]
[0,0,67108864,0,0,0,0,0,0,0,0,0,32768,0,0,0]-[2218819648,805339404,2147483652,2151678288,32768]
[0,0,67108864,0,0,0,0,16,2048,0,0,0,8192,0,0,0]-[0,516,2147483648,128,0]
[0,0,0,0,0,4096,0,0,0,0,0,0,134217728,0,0,0]-[512,4096,0,1024,8192]
[4194304,0,0,0,0,256,0,0,1048576,0,0,0,0,0,0,0]-[0,8388608,16,402653184,0]
[128,0,0,0,0,256,0,0,1048576,0,0,0,0,128,0,0]-[409600,65792,545267712,82,655360]
[0,0,0,0,0,256,0,67108864,0,0,0,0,0,0,0,0]-[1050112,0,16781329,0,0]
[0,268435456,67108864,0,0,0,0,0,0,0,0,0,8,0,0,0]-[0,32768,33554432,32769,0]
[0,0,0,0,0,0,1,0,0,0,0,0,0,128,0,0]-[536871040,2214594633,8388610,65,3670020]
[0,0,0,0,0,8192,0,0,0,4096,0,0,0,0,0,0]-[524288,2147483648,17104898,16416,8192]
[0,0,0,0,0,8256,0,0,0,0,32,0,0,0,0,0]-[0,2048,4096,8388608,2]
[0,0,0,0,0,0,0,0,0,8,0,32,0,0,0,0]-[268435456,2147483648,131136,0,0]
[0,0,0,0,0,256,0,16,0,0,0,0,0,536870912,0,0]-[16,268505088,0,0,0]
[0,0,67108864,0,0,64,65536,0,1048576,0,0,0,0,0,0,0]-[0,0,4194304,4096,131073]
[0,0,0,0,4,0,0,0,0,0,4096,0,0,128,0,0]-[16384,0,8388608,262144,65536]
[0,268435456,0,0,0,0,0,0,8388608,0,4096,0,0,0,0,0]-[0,32768,1,268439552,0]
[0,0,4,0,0,0,0,0,1048577,0,0,0,0,0,0,0]-[0,4456448,0,3221225472,0]
[0,0,67108864,0,0,0,0,0,1048576,0,2,0,0,0,0,0]-[0,262144,4194304,4096,524288]
[128,134217728,0,0,0,0,0,0,1048576,0,0,0,0,536870912,0,0]-[0,256,0,1107296320,0]
[0,1048576,0,0,0,0,64,0,0,0,0,0,0,0,0,0]-[0,134218496,8192,512,0]
[0,1024,0,0,0,2147483648,0,0,0,0,0,0,0,128,0,0]-[0,1073741824,1073872896,16,0]
[16,0,0,0,0,256,0,0,16777216,0,0,0,262144,0,0,0]-[256,1049600,0,2097152,0]
[0,0,128,0,0,0,0,0,1048576,0,0,0,0,0,0,0]-[2638212,1073743366,1087113280,72364642,17409]
[0,0,0,0,0,0,0,0,0,0,0,0,0,2147483648,33554432,0]-[524288,8388608,2048,32768,0]
[0,0,67108992,0,0,256,524288,0,0,0,0,0,0,0,0,0]-[9,0,0,65536,16384]
[0,4096,0,0,0,0,0,0,2048,0,0,0,0,0,0,0]-[2147483648,67108864,16384,0,32]
[0,0,67108864,0,4096,0,0,0,0,0,0,0,0,0,0,0]-[134283264,13,3221229568,33619969,3]
[0,0,0,0,0,0,0,0,0,0,67108864,0,262144,0,0,0]-[268451840,1073752066,813694977,1056,41990]
[0,0,0,0,0,0,256,0,17825792,0,0,0,0,0,0,0]-[0,0,0,67633152,1025]
[0,0,67108864,0,0,0,0,0,1048576,32768,0,0,1048576,0,0,0]-[16809984,0,0,4352,0]
[536870912,0,0,0,0,0,0,0,0,0,0,0,1048576,0,0,0]-[131136,301990432,0,71303168,65760]
[0,0,0,0,0,0,8448,0,0,0,0,0,0,0,0,0]-[1048576,131328,536875008,301989888,2048]
[0,0,0,8388608,0,256,0,16,0,0,0,0,1048576,0,0,0]-[0,268435456,134221824,2147483648,0]
[0,0,0,0,0,256,0,0,0,0,4096,16,0,0,0,0]-[268435456,0,1342177280,67108864,0]
[0,0,0,0,0,256,0,16,0,0,0,0,0,0,0,64]-[16,0,150994944,2048,0]
[0,0,67108864,0,0,0,64,0,0,0,0,0,0,0,0,0]-[2816593255,4096786269,3598319164,2877267797,4181391]
[0,128,67108864,0,0,0,0,0,134217728,0,0,0,0,0,0,0]-[25231366,97,67183632,16786242,131328]
[0,0,0,0,0,256,0,0,0,0,0,0,0,0,2048,0]-[16,0,285216768,0,0]
[0,0,0,0,256,0,8192,0,0,0,2097152,0,0,0,0,0]-[1048576,8192,16777216,0,32]
[131072,8192,0,0,0,0,0,67108864,0,0,0,0,0,0,0,0]-[2147483648,4194304,0,0,32776]
[0,0,0,0,0,268435456,0,16,1048576,0,0,0,0,0,0,0]-[65536,0,144,0,131072]
[0,0,0,0,0,256,64,0,16777216,0,0,32,0,128,0,0]-[1024,268436480,0,2048,0]
[0,0,0,0,0,0,0,0,1048576,0,0,0,0,0,67108864,0]-[3526279444,1514688676,21989384,1968714386,1447316]
[0,0,0,0,0,0,0,0,0,0,0,0,8704,0,0,0]-[0,8388864,1024,1,0]
[0,0,0,0,0,64,0,0,0,0,0,32768,0,0,0,0]-[0,0,1024,8388672,128]
[0,0,0,32768,0,0,0,16,0,0,0,0,1048576,0,0,0]-[0,0,537919488,64,2048]
[0,0,0,0,0,0,0,16,0,128,4096,0,0,0,0,0]-[0,67108880,64,0,4096]
[0,0,67108864,0,0,0,64,0,0,0,4096,0,32,0,0,0]-[2097152,0,1073741824,32768,2]
[0,0,0,0,0,0,0,0,2048,0,1,0,0,0,0,0]-[131072,64,512,256,0]
[2147483648,0,0,0,0,0,0,0,0,0,4096,0,1048576,0,0,0]-[16777216,9,167772160,67174400,49152]
[128,0,0,32,0,0,0,0,1048576,0,0,0,0,128,0,0]-[262144,0,536879104,2,0]
[0,0,536870912,0,0,0,0,64,1048576,0,0,0,0,0,0,0]-[0,512,0,536879104,1]
[0,0,67108864,0,0,262144,0,0,0,0,0,0,0,128,0,0]-[8,1,1075855360,136,4]
[0,0,0,0,0,0,0,0,512,0,0,0,65536,0,0,0]-[1048576,0,0,1073750020,0]
[128,0,64,0,0,0,0,0,0,0,0,0,0,128,0,0]-[512,262144,0,0,655360]
[0,0,67108864,0,0,134217984,0,0,16777216,0,0,0,0,0,0,0]-[524288,0,16384,192,0]
[8388608,0,0,0,0,0,0,0,1048576,0,4096,0,0,0,0,0]-[18874368,536870912,1,0,0]
[0,0,67108864,2147483648,0,0,0,0,0,0,0,0,1048576,0,0,0]-[33554432,8192,2048,0,2048]
[0,0,0,0,0,256,0,0,0,0,0,0,16384,0,0,0]-[1076363264,0,536870912,16916482,0]
[0,0,67108864,0,0,0,0,0,0,0,4096,0,1048576,0,0,262144]-[0,40,65536,4194304,32768]
[0,0,0,0,0,0,0,0,8192,0,4096,0,0,0,0,0]-[1082131200,4202496,167772304,33899524,2134050]
[0,0,0,0,0,0,0,0,1048576,0,0,0,0,1073741824,0,0]-[1073872904,268435712,8257,8192,2054]
[0,0,0,0,0,1,8192,0,1048576,0,0,32,0,0,0,0]-[0,536870912,16777216,320,0]
[0,0,0,0,0,0,0,0,0,0,0,0,1310720,0,4,0]-[268435456,16777218,0,0,8192]
[0,0,67108864,0,0,64,0,0,1048576,0,0,536870912,0,0,0,0]-[0,0,2056,64,64]
[0,0,0,0,0,0,0,0,0,0,131072,32,0,0,0,0]-[0,0,268437504,128,8192]
[0,0,0,0,0,1048576,0,0,134217728,0,0,32,0,0,0,0]-[16384,0,24,0,2048]
[0,0,536870912,0,0,0,0,0,0,0,8388608,0,0,0,0,0]-[1073741824,512,0,8192,1]
[0,0,0,0,0,0,0,0,0,0,268435456,0,131072,0,0,0]-[0,134217856,32,0,32]
[0,0,67108864,0,0,0,0,0,0,0,0,0,262144,32,0,0]-[4259840,536903688,0,1056,128]
[0,0,0,0,64,0,2097152,0,0,0,0,0,0,0,0,0]-[0,0,1073741824,128,24576]
[0,0,67108864,0,0,64,0,0,134217728,268435456,0,0,0,128,0,0]-[8,65,0,32,0]
[0,0,67108864,0,67108864,0,0,0,0,0,0,4,0,0,0,0]-[134217728,4096,65540,0,0]
[0,0,0,0,0,0,0,16,0,0,0,0,0,0,1073741824,0]-[0,202375176,320,16401,2097152]
[0,0,67108864,0,0,0,0,0,1048576,0,0,0,256,0,0,0]-[2147483653,4211200,532496,533104,525445]
[0,268435456,67108864,0,0,0,0,0,0,0,1052672,0,0,0,0,0]-[64,32768,512,4096,0]
[0,0,0,0,0,256,0,0,0,0,0,0,0,128,33554432,0]-[131081,256,1073741828,536870914,0]
[0,0,67108864,16777216,0,0,0,0,134217728,0,0,0,1048576,0,0,0]-[0,64,8,0,257]
[0,0,64,0,0,0,0,0,1048576,0,4096,0,0,0,0,0]-[2097408,4194304,16,0,0]
[128,0,0,0,0,0,0,0,0,0,4096,0,67108864,0,0,0]-[1074004032,0,0,128,0]
[0,0,0,4,0,0,0,16,0,0,0,0,0,0,0,0]-[16448,135266336,33280,96,20481]
[2048,0,0,0,0,0,0,0,0,0,0,0,1310720,0,0,0]-[0,1048576,33554432,67174400,0]
[0,0,0,0,0,0,0,0,131072,262144,0,0,0,0,0,0]-[0,0,3072,536903680,0]
[0,0,0,0,0,0,0,0,33554432,0,4096,0,0,0,0,0]-[1073741825,2048,33558528,8388736,2164740]
[0,0,67108864,0,0,64,0,0,1048576,0,0,0,0,128,0,0]-[4,536871232,557092,134221888,2294976]
[0,0,0,0,0,0,0,0,0,0,0,2097152,1048576,128,0,0]-[262208,0,8192,0,8192]
[0,0,67108864,0,0,0,0,0,0,0,0,0,0,0,16384,0]-[621608969,2149728275,387516744,2286945814,524612]
[0,0,67108864,0,0,8192,0,0,134217728,0,0,33554432,0,0,0,0]-[0,0,2097156,16777216,256]
[0,0,0,0,0,0,0,0,1048576,0,8,0,262144,0,0,0]-[16,4,1,0,8192]
[0,0,67108864,0,0,0,0,0,0,536870912,0,0,0,0,2048,0]-[524288,0,4096,1048600,0]
[0,0,0,0,0,0,0,0,134217728,268435456,0,0,1048576,0,0,0]-[8388608,1048576,0,0,16448]
[128,0,0,0,0,256,0,0,0,0,8192,0,0,0,0,0]-[0,0,536870912,8328,0]
[0,0,0,0,1,0,0,0,0,0,0,0,1048584,0,0,0]-[128,8388612,0,0,2]
[0,128,0,0,0,0,0,0,0,64,0,0,0,0,0,0]-[2,8,134217728,262144,0]
[0,0,0,0,0,0,0,0,1048576,0,4224,0,0,0,0,0]-[16384,0,1073741841,0,0]
[0,0,0,0,0,0,0,16,0,0,0,4194304,0,0,0,0]-[17825792,553713664,2,0,12288]
[0,0,67108864,0,0,8192,0,0,0,0,0,0,1048576,0,4096,0]-[134217728,0,4,262144,256]
[0,0,0,1,0,0,0,0,0,0,4096,0,0,0,0,0]-[268961792,67272960,128,369361920,4096]
[0,0,0,16384,0,0,0,0,1048576,0,0,0,1048576,0,0,0]-[0,1048608,33554432,2147483648,0]
[0,0,0,0,0,0,0,0,1048576,0,0,0,1048576,0,0,0]-[3552037319,3620827839,2076522877,4286315515,4161535]
[0,0,67108864,0,512,0,0,0,0,0,0,0,0,128,0,0]-[0,0,24576,4096,128]
[128,0,0,0,0,0,0,0,0,0,0,0,0,0,524288,0]-[134234112,0,8,2148671616,0]
[0,0,0,0,0,128,0,0,0,0,0,0,0,1,0,0]-[2097216,0,18874368,0,0]
[0,0,0,0,0,0,0,0,0,1048576,4096,0,1048576,0,0,0]-[285212672,33554432,33554432,16384,32800]
[0,0,67108864,0,0,0,0,0,0,65536,0,0,1048576,0,0,0]-[18907138,0,0,2149584896,2097152]
[0,33554432,0,0,0,0,0,0,1048576,0,0,0,0,0,0,0]-[4980740,1098924045,1074267146,80,786561]
[0,0,67108864,8388608,0,16777216,0,0,0,0,0,0,0,0,0,0]-[0,65544,0,0,65537]
[0,0,67108864,0,67108864,0,0,0,134217728,0,0,524288,0,128,0,0]-[0,65601,1073741824,16,524288]
[0,0,0,0,0,0,524288,0,0,0,0,0,8192,0,0,0]-[0,2359296,1048576,0,8]
[2147483648,512,0,0,0,256,0,0,0,0,0,0,0,0,0,0]-[1024,0,4,0,8193]
[0,0,0,0,0,2147483648,1,0,0,0,0,0,0,0,0,0]-[0,4,536870912,0,557056]
[0,0,67108864,0,0,0,0,16,1048576,0,0,0,0,0,0,4096]-[2048,278528,32,0,0]
[8388608,0,0,0,0,64,0,0,0,0,0,0,0,0,0,0]-[512,1048592,524288,0,0]
[0,0,0,0,0,0,0,0,0,0,4096,0,0,0,2097152,0]-[65792,4227072,8388608,33792,2]
[0,0,67108864,0,0,0,0,131072,0,0,4096,0,0,0,134217728,0]-[1,4227080,0,0,0]
[0,0,0,0,0,0,524288,0,134217728,0,0,8192,0,0,0,0]-[65536,2048,0,1073741856,0]
[0,0,0,0,33554432,0,0,0,0,0,0,32,0,131072,0,0]-[0,16777728,131072,0,32]
[0,0,0,0,0,0,0,0,16777216,0,0,0,0,0,0,2]-[32,0,0,0,262658]
[67108864,0,0,0,0,0,0,8,1048576,0,0,0,0,536871040,0,0]-[264192,0,0,0,192]
[0,0,67108864,0,0,0,0,0,0,0,4096,0,4194304,0,0,0]-[591872,2214592608,1073741824,2181038080,2230404]
[0,268435456,2,0,0,0,0,0,0,0,0,0,0,0,0,0]-[2147483656,0,262144,0,2097152]
[0,0,0,0,0,0,0,0,0,1,0,0,0,0,1073741824,0]-[0,151257088,256,0,0]
[0,128,67108864,0,0,64,0,0,0,0,0,0,262144,0,0,0]-[0,4,1048576,33555456,0]
[4096,0,0,0,0,256,0,0,0,0,0,0,262144,0,0,0]-[272,1024,0,0,8192]
[0,131072,0,4194304,0,0,0,0,0,0,0,0,0,0,0,0]-[0,0,256,4,4097]
[134217728,0,0,0,0,0,0,0,0,0,2,0,0,0,0,0]-[8389632,0,0,1,2048]
[0,0,0,32,0,0,0,0,0,0,0,0,0,128,33554432,0]-[1050624,0,536870912,2097152,0]
[0,0,0,0,0,64,64,0,0,0,0,32,0,0,0,0]-[2,528,0,0,32]
[0,0,0,16777216,0,0,0,0,1048576,67108864,0,0,0,0,0,0]-[16384,0,0,1073743872,256]
[0,0,67108864,0,0,0,0,0,0,2097152,4096,0,1048576,0,0,0]-[8388608,16777248,33554448,4194304,2211840]
[0,0,33554432,0,0,0,0,0,0,0,4096,0,0,0,0,0]-[526336,33554496,8388736,16388,69632]
[0,0,0,0,0,4096,0,0,1048576,0,0,0,1048576,0,0,0]-[0,4096,0,16384,4098]
[0,0,0,0,0,0,8192,0,0,0,0,0,0,0,536870912,0]-[0,256,67108864,32,8]
[0,0,0,0,0,0,8192,0,0,512,0,0,0,0,0,0]-[0,0,16777248,33554432,8]
[0,0,64,0,0,64,0,0,0,0,0,0,0,0,0,0]-[8519680,64,2147516417,1048576,131072]
[128,0,8,0,0,0,0,0,0,0,0,0,1048576,0,0,0]-[4194304,0,0,1073750017,0]
[0,0,67108864,0,0,0,0,0,64,0,0,0,0,0,0,0]-[111149058,33554432,5136,2166652992,1704961]
[0,0,0,0,67108864,0,0,0,0,0,0,0,0,640,0,0]-[0,327680,0,10485760,0]
[128,0,0,0,0,4,0,0,1048576,2097152,0,0,0,0,0,0]-[16384,262144,0,4194320,0]
[0,131072,0,0,0,8192,0,0,0,0,0,0,0,0,0,0]-[269492480,2415956000,67109952,8388672,512]
[0,0,0,0,0,0,65536,0,0,0,0,0,262144,0,0,0]-[0,524304,8,131584,32]
[0,0,67108864,0,67108864,0,0,33554432,0,0,131072,0,262144,0,0,0]-[0,2049,33554432,0,524288]
[0,0,67108864,0,0,0,0,0,0,0,0,32,536870912,0,0,0]-[32768,2147483648,0,2105344,0]
[0,0,0,0,0,0,1073750016,0,0,0,0,0,0,0,0,0]-[0,2,0,640,256]
[0,0,0,0,0,0,4,0,0,4096,0,0,0,0,0,0]-[0,134217760,0,0,525312]
[0,8388608,0,0,67108864,0,0,0,0,0,0,32,0,0,0,0]-[2147614728,0,67108864,0,0]
[0,0,0,0,0,0,0,0,1048576,0,0,65536,0,0,0,0]-[3238021392,142606852,12955785,607158272,0]
[0,0,536870912,0,0,0,0,0,0,2147483648,1073741824,0,0,0,0,0]-[1048576,0,2048,131072,128]
[0,0,67108865,0,0,0,0,0,0,0,4096,0,0,128,0,0]-[0,65,1073741824,512,65536]
[0,0,67108864,0,67108868,0,0,0,0,0,0,0,0,0,0,0]-[134217728,16777216,8192,1048576,0]
[0,0,67108864,0,0,0,0,0,0,0,0,0,1048576,0,0,2]-[0,16842752,33554432,0,128]
[0,0,0,0,0,0,0,2048,256,0,0,0,0,0,0,0]-[2147483648,67108864,1,0,131072]
[0,0,0,0,0,0,0,0,1048576,0,0,16777216,0,0,0,0]-[1077979404,624951464,553911434,1074415904,4096]
[0,0,512,0,0,0,0,0,0,0,0,32,0,0,0,0]-[0,525440,66048,16844816,8448]
[0,0,0,0,0,0,0,0,1048576,0,0,0,4194304,128,0,0]-[4,536870912,8388608,0,1048576]
[0,0,0,0,0,256,8,0,0,0,0,0,0,0,0,0]-[67108864,1082368,545260032,16810048,264192]
[0,0,67108864,134217728,0,64,262144,0,0,0,0,0,8,0,0,0]-[37748736,536870912,0,0,1]
[0,0,67108864,0,0,0,0,512,1048576,0,0,0,0,8192,33554432,0]-[0,0,8192,33280,128]
[0,0,0,0,0,0,0,0,4194304,0,0,0,0,536871040,0,0]-[18,0,0,0,524352]
[2147483648,1073741824,0,0,0,0,0,0,0,0,4096,0,1048576,0,0,0]-[16777216,8,134217728,65536,0]
[0,0,67108864,0,0,0,0,0,134217728,0,0,0,0,0,33554432,0]-[2048,335546632,1073752324,16777248,526336]
[0,128,0,0,0,256,0,0,135266304,0,0,0,0,0,0,0]-[65536,1048576,8388624,268435456,0]
[128,0,0,0,0,0,0,0,0,0,0,0,536870912,128,0,0]-[0,0,131072,2,524352]
[0,0,0,131072,0,0,0,16,0,0,0,0,0,0,0,0]-[0,8704,6,4325376,262176]
[0,0,67108864,0,0,0,8,0,0,0,0,0,0,128,0,0]-[0,2147483648,8,16777217,0]
[0,0,0,33554432,0,256,134217728,0,0,0,0,0,0,0,0,0]-[524288,0,0,131072,1048704]
[128,0,67108864,0,0,256,0,0,1048576,0,0,0,0,536871040,0,0]-[0,268501248,0,0,131072]
[0,0,0,0,0,0,0,0,1048580,0,0,0,0,0,0,0]-[263168,1073758464,1073872896,23207936,8192]
[0,64,256,0,0,0,0,0,0,0,0,0,0,0,0,0]-[1074790402,262144,536870912,2147746304,0]
[0,0,0,0,0,256,0,0,0,0,1024,0,0,128,0,0]-[131072,256,0,4,64]
[0,0,0,0,0,0,0,0,1048576,0,0,0,0,0,0,128]-[2147483657,168837124,1744842880,2415927297,9472]
[0,0,0,0,0,0,0,524288,0,0,0,0,0,128,0,0]-[269485699,1879312641,1619525636,813761026,328740]
[0,1024,67108864,0,0,0,0,0,0,0,4096,1,0,0,33554432,0]-[0,4194600,0,0,0]
[0,0,67108864,0,0,0,0,0,131072,0,4096,0,0,2147483776,0,0]-[0,262144,0,65540,2097152]
[0,0,0,0,256,0,0,0,0,0,0,0,0,536870912,0,0]-[33554432,134217728,8,16777216,0]
[0,8388736,0,0,0,0,0,0,0,0,0,0,262144,0,0,0]-[33554944,262656,0,0,0]
[0,0,0,0,2147483648,0,0,0,0,0,0,0,0,0,0,131072]-[2684355072,0,0,4,0]
[0,0,0,0,0,0,0,0,0,0,134217728,2,0,0,0,0]-[16778240,0,65536,1024,0]
[0,0,0,0,0,0,268435456,0,0,0,0,0,0,536870912,0,0]-[16384,2048,512,0,131072]
[0,0,67108864,0,0,0,0,0,1048576,0,0,0,1048576,0,0,131072]-[2147483652,16,0,0,16]
[128,0,0,0,0,0,0,0,134217728,0,8192,0,0,8192,0,0]-[512,262144,0,16777216,256]
[0,0,0,0,0,0,0,0,0,0,0,134217728,1048576,0,0,0]-[134267008,2107396,654311936,8388609,16512]
[0,0,0,0,0,256,0,16,134217728,0,4096,0,0,0,0,0]-[66048,0,1073741840,0,0]
[0,0,1048576,0,0,0,0,16,0,0,0,0,0,0,0,0]-[4096,0,1073741824,0,131080]
[0,0,0,0,0,0,0,0,135266304,0,0,0,524288,0,0,0]-[16,0,8,2097152,524288]
[0,0,67108864,0,0,0,131072,0,0,4096,4096,0,0,0,0,0]-[2097152,2147483648,33554432,512,0]
[0,0,0,0,0,0,0,0,1048576,0,0,0,0,0,0,524288]-[2147483648,8454144,128,0,0]
[0,0,0,0,0,0,256,0,0,0,4096,0,1048576,0,0,0]-[16384,0,16,65536,32]
[0,0,0,0,0,0,0,268435456,134217728,0,0,0,0,0,0,0]-[16777216,0,262144,8,512]
[524288,0,0,0,0,0,0,0,0,0,0,0,32768,0,0,0]-[0,524288,0,536870914,128]
[0,0,0,0,4,0,0,8,0,0,4096,0,0,0,0,0]-[16794112,0,4096,262144,65536]
[0,0,67108864,0,0,8192,0,0,0,0,33558528,0,0,0,0,0]-[0,131080,16,0,32768]
[0,0,32768,0,0,0,8192,0,0,0,0,0,0,128,0,0]-[131072,603979776,0,0,32]
[0,0,0,0,0,0,0,0,0,0,0,536870912,262144,0,0,0]-[16,0,51380224,0,0]
[0,0,0,0,0,16512,0,0,16777216,0,0,0,0,0,0,0]-[0,512,536871168,16777216,0]
[0,0,0,0,0,0,1,8,0,0,0,0,0,0,0,0]-[0,33554688,134221824,0,520]
[0,0,0,0,0,0,0,0,1048576,0,0,0,0,16777216,0,0]-[131201,0,553648128,0,260]
[0,0,0,0,0,8192,0,0,524288,0,0,0,0,0,0,0]-[34078720,4096,0,1073741824,0]
[0,0,0,0,0,0,0,0,0,0,16777216,0,0,0,32768,0]-[100663488,0,0,0,0]
[0,0,0,0,0,0,0,8,131072,0,0,0,0,0,0,128]-[0,0,134234112,2097152,8]
[0,16,0,0,0,0,0,0,0,0,0,0,524288,0,0,0]-[131072,0,0,16785408,8192]
[0,0,0,0,0,33554432,0,0,0,0,0,0,0,0,128,0]-[2097152,524544,0,32768,0]
[128,0,0,4096,0,0,0,0,1048576,0,0,0,0,0,0,0]-[131072,0,0,34603008,4]
[0,0,67108864,1,0,0,268435456,0,0,0,0,0,0,0,0,0]-[4194304,0,67584,2097152,0]
[0,0,16777216,0,0,0,0,0,0,0,0,0,0,0,262144,0]-[2147483680,0,0,268435456,32768]
[0,0,0,0,0,0,0,0,0,16777216,0,0,0,536870912,0,0]-[80,0,67108864,0,64]
[0,0,0,0,0,0,0,0,0,0,0,2048,0,128,33554432,0]-[32896,0,8388610,0,0]
[0,0,0,0,0,0,0,0,1048576,0,8192,0,0,0,4,0]-[16777216,0,16,671088640,0]
[0,128,67108864,0,0,0,0,0,0,0,0,32,0,0,0,0]-[8,2164539920,33554432,2186019840,2228224]
[0,0,67108864,0,0,8192,0,0,0,0,524288,0,0,0,0,0]-[2097152,4096,1024,128,0]
[0,0,0,0,0,0,0,0,0,0,0,0,262144,128,0,0]-[859194910,1698041169,2687799431,1706379492,2077700]
[0,256,0,0,0,0,0,0,1048576,0,0,0,1048576,0,0,0]-[65536,8388608,0,336625984,0]
[0,0,0,0,1024,0,0,0,0,0,0,0,8,0,0,0]-[1,33554432,2,536870912,0]
[0,0,131072,0,0,0,0,0,1048576,0,0,0,2,0,0,0]-[0,0,33554432,809500672,0]
[0,0,0,0,0,0,0,0,0,8192,16,0,0,128,0,0]-[33554448,0,32770,0,0]
[160,0,0,0,0,0,0,0,1048576,0,0,32,0,0,0,0]-[0,0,32768,1107304448,0]
[524288,0,0,0,0,0,64,0,0,0,0,0,0,0,0,0]-[0,860160,262144,536871424,1156]
[0,0,0,0,0,0,0,0,0,0,0,8,0,536870912,0,0]-[0,16384,0,67108864,262160]
[0,4096,0,0,0,0,0,0,0,0,0,0,1048576,0,0,0]-[0,67584,0,16388,0]
[128,128,0,0,0,0,0,0,0,0,0,0,0,128,0,0]-[131584,262144,16384,1073741824,131072]
[0,0,0,32,0,0,0,0,0,0,1024,0,0,128,0,0]-[131072,288,0,4,0]
[0,0,0,16777216,0,256,0,0,0,0,0,0,0,0,2147483648,0]-[524288,67108864,8,16384,0]
[0,0,67108864,0,67108864,256,8192,0,0,0,4096,0,0,0,0,0]-[0,0,268439552,4352,0]
[0,0,0,0,0,0,0,0,0,67108864,64,0,0,0,0,0]-[0,0,258,1,2]
[0,0,0,16640,0,0,0,0,0,0,0,0,0,0,0,0]-[0,32768,16,0,24]
[0,0,67108864,8192,0,256,0,0,0,2097152,0,0,0,0,0,0]-[2097152,2048,512,32768,0]
[0,0,0,0,0,0,0,0,0,0,4096,0,0,0,0,16384]-[0,1024,4096,256,8]
[0,0,0,0,0,2097152,0,0,0,0,0,0,262144,0,0,0]-[65536,0,0,262146,8]
[0,0,67108864,16777216,0,0,64,0,0,0,4096,0,0,0,0,0]-[0,0,268435456,5120,32768]
[0,0,0,0,0,524288,0,0,1073741824,0,0,0,0,0,0,0]-[0,0,805371904,16384,0]
[128,0,0,0,0,0,0,0,0,0,0,0,16777216,0,0,0]-[67108864,0,8404992,2,0]
[33554432,0,67108864,0,0,0,0,0,0,0,4096,0,0,0,0,0]-[16777216,537001984,0,256,0]
[0,0,0,0,0,0,2147483712,0,0,0,0,0,0,0,0,0]-[16384,4,67108864,0,2]
[0,0,0,0,0,0,0,0,1049088,0,0,0,16777216,0,0,0]-[20,16384,0,134217728,0]
[0,0,0,0,0,16777216,0,0,16777216,0,0,0,0,0,0,0]-[524288,0,2147483776,0,4096]
[0,0,0,0,0,0,0,0,0,0,4096,0,2147483648,0,0,0]-[285214976,2415927552,167837698,537002112,16672]
[0,128,0,0,0,0,0,0,1048576,0,4096,0,0,0,0,0]-[67584,48,1073742016,268436736,128]
[0,0,0,0,67108864,0,0,0,0,0,0,0,1048576,0,33554432,0]-[128,512,2097152,16,0]
[0,0,0,0,0,0,0,16,0,0,4194304,0,0,128,0,0]-[32832,0,536870912,0,32]
[128,0,0,0,0,0,0,0,16777216,0,4,0,0,0,33554432,0]-[1107296256,0,131072,0,4]
[0,0,0,0,262144,0,0,256,0,0,0,0,1048576,0,0,0]-[512,16,0,32769,0]
[0,0,67125248,0,0,0,0,0,0,0,0,0,0,0,0,0]-[134840361,2214658889,1412498720,2404757,1705410]
[0,0,0,0,0,0,0,2,0,67108864,0,0,0,0,0,0]-[67108864,0,2147483648,0,264]
[2147483648,0,67108864,0,0,0,0,0,1048576,0,0,0,0,0,0,0]-[0,9,33792,65856,4]
[0,0,0,0,0,0,0,0,0,128,0,0,0,65664,0,0]-[128,0,0,266240,262144]
[0,0,0,0,0,256,0,8,0,0,0,0,0,0,33554432,0]-[512,256,134217728,2359296,0]
[0,0,67108864,16777216,0,0,0,0,0,0,0,32,1048576,0,0,0]-[66,16384,0,0,32768]
[0,0,0,0,0,0,0,0,0,0,536875008,0,1048576,0,0,0]-[0,0,0,16896,65544]
[64,0,0,0,0,0,0,0,0,0,0,0,0,0,512,0]-[0,0,0,10240,73728]
[0,0,67108864,0,0,0,0,8,0,0,0,0,0,128,33554432,0]-[2048,256,524288,262144,0]
[0,0,67108864,1,0,0,0,0,0,0,0,8,0,0,0,0]-[0,0,1073807360,16777216,131072]
[0,1073741824,0,0,0,0,0,0,0,0,0,0,0,0,0,4]-[0,0,1088,1073741824,32768]
[2,0,0,0,0,0,512,0,0,0,0,0,0,0,0,0]-[0,136,2097152,8,0]
[0,0,67108864,0,536870912,0,0,0,16,0,0,0,0,0,0,0]-[0,0,270533120,4,0]
[1073741824,0,0,0,0,0,0,0,0,0,4096,0,1,0,0,0]-[0,67117056,268435456,16384,0]
[0,0,0,0,0,0,0,0,512,0,4096,0,1048576,0,0,0]-[1,33554432,0,67108864,16384]
[0,0,0,0,0,0,0,0,0,0,1,0,1048576,0,0,0]-[0,0,18432,1073743873,2052]
[0,0,67108864,0,0,16777216,0,0,0,0,0,0,1048576,0,0,0]-[16777281,33652744,8192,16777220,1024]
[0,32768,33554432,0,0,0,0,0,0,0,0,0,0,0,0,0]-[256,0,0,8456192,0]
[0,0,0,0,0,0,0,0,1048576,0,0,16384,0,536870912,0,0]-[33554432,8388608,16777216,2097152,0]
[0,0,0,0,32768,0,0,0,16777216,0,0,0,0,0,0,0]-[1,2147483904,536871328,1,4096]
[0,0,67108872,0,0,0,0,0,1048576,0,0,0,0,0,0,0]-[2147483648,4194340,0,8704,384]
[0,0,67108864,128,0,0,64,0,0,0,0,0,4,0,0,0]-[0,131084,32,0,0]
[0,0,32,0,0,0,0,0,8,0,0,0,0,0,0,0]-[512,4096,65536,0,512]
[0,0,0,0,0,0,0,1,0,0,0,0,0,0,0,16]-[41943040,0,0,268435464,0]
[0,0,4194304,0,0,8192,0,0,16777216,0,0,0,1048576,0,0,0]-[134217728,2147483648,536870912,0,256]
[0,0,67108864,0,0,0,0,0,0,128,0,0,0,128,0,0]-[4,0,1572864,2097216,32768]
[0,0,67108864,0,0,0,0,0,0,8388608,0,0,0,128,0,0]-[64,0,2097152,0,32772]
[0,0,262144,0,0,0,0,0,0,0,0,0,262144,0,0,0]-[1048576,32768,0,67109888,0]
[0,0,67108864,0,0,0,0,0,1048576,0,0,0,0,8192,0,0]-[4,262400,1073741824,33280,80]
[0,0,67108864,0,0,0,16384,0,0,0,0,0,0,128,0,0]-[1,135200,34668560,2147483649,256]
[0,512,0,0,0,0,0,16,1048576,0,0,0,0,0,0,0]-[0,65552,64,0,1]
[128,0,67108864,0,0,0,0,0,1048576,0,0,32,0,0,0,0]-[33554432,268697600,0,4194448,131152]
[0,0,0,0,0,0,0,0,0,0,536870912,0,1073741824,0,0,0]-[524288,2176,16384,0,0]
[0,0,67108864,0,32768,0,0,0,0,0,0,0,1048576,0,0,0]-[64,268439588,4202496,2283799044,16576]
[0,0,0,0,0,16777216,0,0,0,0,1048576,0,0,128,0,0]-[0,68157472,4,0,0]
[0,128,0,134217728,0,0,0,0,0,0,0,0,0,0,0,0]-[0,8,81920,1073741824,0]
[0,0,603979776,0,0,0,0,0,1081344,0,0,0,1048576,0,0,0]-[16777216,0,8192,0,1048704]
[128,128,0,0,0,0,0,0,0,536870912,0,0,0,0,0,0]-[0,134217728,1048577,2097152,0]
[0,0,0,0,67108864,0,0,0,0,0,16,0,0,0,0,0]-[4194304,32768,8388608,0,4]
[0,0,0,0,0,0,0,33554432,0,0,4096,0,1048576,0,0,0]-[1084228096,8192,64,67502336,69632]
[0,0,67108864,0,0,0,0,0,0,0,512,0,0,131072,0,4096]-[2181038080,0,1048576,0,64]
[0,0,67108864,0,0,0,0,16,0,0,1073741824,1073741824,0,0,0,0]-[0,2576,0,0,2097152]
[0,0,524288,0,0,0,0,0,1048576,0,0,0,0,32,0,0]-[0,269484032,0,8192,131072]
[0,0,67108864,0,0,8192,0,0,1048576,0,0,0,0,128,0,0]-[35686400,805568544,32800,134222432,131076]
[0,0,0,0,0,0,536870912,0,1048576,0,0,0,0,128,0,0]-[0,1048576,524320,335544320,0]
[33554432,0,0,0,0,0,0,0,1048576,0,0,0,0,128,0,0]-[0,0,0,469762080,524352]
[0,0,0,0,67108864,0,0,0,134217728,0,0,0,0,0,0,0]-[205850624,1342409491,1092691523,85197456,1573532]
[0,0,0,0,0,0,0,0,0,0,4096,0,129,0,0,0]-[256,8193,268435456,0,0]
[2,0,67108864,0,0,0,0,0,1048576,0,0,0,0,0,0,0]-[2097160,1,4100,1049856,0]
[0,0,67108864,0,0,0,0,0,0,0,4096,0,0,128,536870912,0]-[64,256,0,69632,0]
[0,0,67108864,0,0,0,0,0,1048576,1048576,0,0,0,0,0,0]-[1,0,16,2,256]
[0,0,0,1024,0,0,0,2,0,0,0,0,0,0,0,0]-[1,69206016,16777216,0,0]
[128,0,0,0,0,0,0,67108864,0,0,0,0,0,0,0,0]-[0,134217728,4194368,4096,0]
[0,0,67108864,0,0,256,0,16,0,0,0,0,1048576,536870912,0,0]-[64,268500992,0,256,0]
[0,0,0,0,0,0,0,0,0,0,0,0,0,536870912,0,32]-[4,0,131072,64,16384]
[0,0,67108864,0,0,0,0,0,1048576,0,0,0,0,4224,0,0]-[33554433,0,32768,0,524288]
[128,0,0,0,0,0,0,16,0,0,0,0,0,536870912,0,0]-[16448,67584,131072,2181038144,0]
[0,64,67108864,0,0,0,0,16,0,0,0,0,0,0,0,0]-[2147483648,0,2147483648,16,2097152]
[0,0,0,0,0,8388608,0,0,0,0,0,0,0,0,33554432,0]-[768,0,134217728,16777216,0]
[0,0,67108864,0,0,0,64,0,16777216,0,0,0,0,0,0,0]-[3,8960,66592,16781888,16644]
[0,0,67108864,0,0,0,0,0,135266304,0,0,0,0,128,33554432,0]-[2048,536870912,0,2097184,0]
[0,0,0,0,131072,8256,0,0,0,0,0,0,0,0,0,0]-[65536,0,1024,1,32]
[0,0,67108864,0,0,0,0,0,0,0,0,0,2097152,0,0,0]-[71827488,279057,35146284,2318706276,2212114]
[0,0,0,0,0,268435456,0,0,1048576,0,8388608,0,0,0,0,0]-[2048,544,0,67108864,0]
[0,0,67108864,0,0,536870912,0,0,0,16384,0,0,0,0,0,0]-[4194312,262144,0,0,2097152]
[268435584,0,67108864,0,0,0,0,8,0,1073741824,0,0,0,0,8,0]-[0,0,1024,2,524292]
[128,0,16777216,0,0,0,0,0,0,0,0,0,256,128,0,0]-[0,268435456,32768,8,32]
[0,0,67108864,0,0,64,0,134217728,1048576,0,0,0,0,0,0,0]-[0,0,0,65,1216]
[0,128,0,0,0,64,0,0,0,0,0,0,0,0,0,0]-[553691842,2282358834,16813249,2685411394,2368]
[0,0,0,0,0,0,0,16777232,0,0,4096,0,0,0,0,0]-[524288,48,64,0,2097184]
[144,0,0,0,0,0,0,0,0,0,0,0,0,0,0,0]-[1048576,270336,133248,0,524304]
[0,0,0,0,0,0,0,0,0,0,4,0,1048576,0,0,0]-[4194304,8388608,54532112,1074790400,262178]
[0,0,0,0,67108864,0,0,0,1024,0,0,0,0,0,0,0]-[8192,2147500608,1,262656,0]
[0,0,0,0,0,0,0,0,134217728,0,0,524288,0,0,0,0]-[65552,67108864,536870912,0,0]
[0,0,67108864,0,0,0,8192,0,0,0,0,0,0,4096,0,0]-[4194368,64,0,0,524288]
[0,0,0,0,0,0,1048576,0,0,0,0,0,0,128,0,0]-[1180013,538380609,537446535,2105344,2359396]
[0,0,0,0,0,0,0,0,0,0,134217728,8,0,0,0,0]-[4194560,0,8192,32768,0]
[0,0,67108864,0,0,0,0,0,0,262144,0,0,262144,0,0,0]-[4,262144,4198400,0,0]
[4096,0,0,0,0,0,0,0,0,0,0,0,0,128,0,0]-[809500816,67109152,1107296274,8458256,131104]
[0,0,67108864,0,0,0,0,33554448,0,0,0,0,0,128,0,0]-[0,32,32768,64,2097280]
[0,0,16384,0,0,8192,0,0,0,0,0,0,0,0,33554432,0]-[0,2048,150994944,16777216,0]
[0,0,0,0,2147483648,0,0,0,0,0,0,0,0,0,67108864,0]-[8388608,256,16777216,0,65536]
[0,0,0,0,0,0,0,0,0,0,0,0,256,0,0,2048]-[258,2147483648,32,0,0]
[128,0,0,0,0,0,0,0,0,0,0,0,0,0,2048,0]-[71303168,0,0,33751040,0]
[0,0,67108864,0,0,0,0,0,0,0,4096,8192,0,0,0,0]-[2162688,0,65536,4224,16384]
[0,2147483648,67108864,0,0,0,0,0,134217728,0,0,524288,16,0,0,0]-[0,65536,0,16777248,128]
[128,0,0,0,0,0,0,0,3145728,0,0,0,0,0,0,0]-[1077936128,0,132096,0,0]
[0,0,16384,0,0,0,0,16,1048576,0,0,0,0,0,0,0]-[16384,4,8388608,0,1048576]
[8388608,0,0,0,0,8192,0,0,0,0,0,0,0,0,0,0]-[524288,1342183424,16777280,8650752,34]
[0,0,67108864,0,0,32,0,0,0,0,4096,0,0,0,0,0]-[0,1032,0,0,2097280]
[0,0,4096,65536,0,32,0,0,134217728,0,0,0,0,0,0,0]-[0,8388608,0,16777216,524416]
[0,128,67108864,0,0,8192,0,0,0,0,0,0,262144,0,0,0]-[14,0,0,32768,0]
[0,0,67108864,0,0,16777216,0,0,0,0,0,16777216,0,0,0,0]-[0,65544,0,1024,65536]
[0,0,0,0,0,0,2048,0,0,8388608,0,0,0,0,0,0]-[131072,0,8388866,0,0]
[0,0,0,0,0,0,32,16,0,65536,0,0,0,128,0,0]-[32768,0,2129920,268435456,0]
[0,0,67108864,0,0,0,0,0,1048576,0,0,0,1048576,0,67108864,0]-[0,512,0,4198400,128]
[0,0,67108864,0,0,64,0,0,268435456,0,0,0,0,0,0,0]-[65536,0,4096,8192,64]
[0,0,0,0,0,0,67117056,0,1048576,0,0,0,0,128,0,0]-[33554432,0,0,67108960,0]
[0,0,0,0,0,0,0,0,0,32768,0,0,0,128,0,0]-[278530,131072,1082130432,10747904,1089536]
[0,0,67108864,0,67108864,0,0,0,0,0,0,0,0,0,0,1024]-[0,2147483664,0,1048832,0]
[0,0,0,0,0,2147491840,0,0,0,0,0,0,1048576,0,0,0]-[0,32768,2097152,0,16392]
[0,0,0,0,0,0,0,0,134217728,1024,0,0,0,0,0,0]-[268435464,142606336,10485760,256,524288]
[0,0,0,0,0,0,0,0,1048576,0,4096,0,128,0,0,0]-[262144,256,128,71303168,128]
[0,0,0,0,67108864,0,0,0,0,0,1024,0,1048576,0,0,0]-[134217728,131088,16777216,0,0]
[128,0,0,0,0,0,0,134217728,1048576,0,0,2048,0,0,0,0]-[131072,0,33554432,1048578,0]
[268435456,0,0,0,0,8192,0,16,0,512,4096,0,0,0,0,0]-[524288,0,134217728,128,32]
[0,0,67108864,0,0,0,64,0,0,0,0,0,16,0,0,0]-[32,4096,1024,4096,0]
[0,0,67108864,0,67108864,0,0,0,1048576,0,0,64,0,0,0,0]-[0,4194816,33554432,0,128]
[0,0,0,0,65536,0,0,1024,0,0,0,0,0,0,0,0]-[0,590856,0,0,0]
[0,2097152,0,0,0,0,0,0,1048576,0,0,0,0,0,0,0]-[2149744640,46137508,2056,1409810496,131200]
[128,0,0,0,0,0,0,0,0,0,0,0,16384,0,0,0]-[33817088,0,0,289538064,0]
[0,0,0,0,0,0,0,0,0,2097152,0,4,0,0,0,0]-[2147483648,8192,262144,524288,0]
[0,0,67108864,0,0,0,0,0,0,0,0,32,0,0,33554432,0]-[72,16,0,2147483648,0]
[0,0,0,0,0,0,0,0,0,0,4096,0,1048576,536870912,0,0]-[1074085952,8197,4097,22528,86178]
[0,0,0,0,0,32,0,0,1048576,0,0,0,0,128,0,0]-[262148,8388608,0,128,0]
[0,0,0,0,0,0,0,0,1048576,0,0,8192,0,128,0,0]-[16,0,8192,64,8192]
[0,0,0,0,536870912,0,0,0,0,0,2147483648,0,0,128,0,0]-[262144,1,8421376,0,0]
[0,0,67108864,0,0,8256,0,0,0,0,0,524288,2147483648,0,0,0]-[65538,0,0,0,130]
[0,0,67108864,0,0,0,0,0,0,0,0,0,0,0,1024,0]-[2148007936,268436580,1412462612,167809062,2048]
[0,0,0,0,0,256,0,0,8,0,0,0,0,1024,0,0]-[512,0,134217728,0,65]
[0,0,0,0,0,0,2048,0,0,512,4096,0,0,0,0,0]-[8388608,256,128,4194304,0]
[0,0,0,0,0,256,0,1073741824,0,0,0,0,0,0,0,0]-[2215649280,33632256,134217744,268437504,1]
[0,0,0,0,0,256,0,16,536870912,0,0,0,0,128,0,0]-[16,65536,131072,0,8192]
[0,0,67108864,0,0,0,0,1073741824,0,0,0,0,0,128,0,0]-[2097216,67108928,32768,134217728,128]
[0,0,0,0,1048576,256,0,0,1048576,0,0,0,0,0,0,0]-[262144,1048704,16,0,0]
[32768,0,0,0,0,0,0,16,134217728,0,0,0,0,0,0,0]-[0,0,0,16672,1]
[0,0,0,2048,0,0,0,0,8192,0,0,0,0,0,0,0]-[65664,0,33554436,0,0]
[0,0,0,256,0,0,0,0,134217728,134217728,0,0,0,0,0,0]-[134217728,4096,16777216,8192,0]
[131072,0,67108864,0,0,0,0,0,16777216,0,0,0,1024,0,0,0]-[0,0,0,150995008,128]
[128,0,0,0,0,0,0,0,0,0,0,0,0,128,33554432,0]-[1048704,603979809,2148007938,67371008,0]
[128,0,0,0,0,64,0,0,1048576,0,0,0,0,0,0,0]-[16384,256,8396808,2147491905,68]
[0,0,0,0,0,0,0,0,0,0,4096,0,0,0,128,0]-[202375424,256,262144,32768,2113544]
[0,0,0,33554432,0,0,0,16,0,0,0,0,0,128,0,0]-[1073741824,0,1040,524288,0]
[0,0,0,0,0,0,2097152,0,0,0,4096,0,0,0,0,0]-[1073741825,2684354560,1208025088,0,2]
[0,0,16384,0,0,0,0,0,0,0,0,0,1048576,128,0,0]-[0,67108864,262144,4,64]
[0,0,278528,0,0,0,0,524288,0,0,0,0,0,128,0,0]-[0,0,2147483776,4,64]
[0,0,0,0,0,128,0,0,0,4194304,0,0,0,0,0,0]-[0,512,671088640,16777216,0]
[0,0,0,0,0,0,0,0,2097152,0,0,0,8,0,0,0]-[0,0,16777216,524304,2]
[0,0,0,0,0,0,64,0,0,0,0,268435456,1,128,0,0]-[0,0,1056768,1073741824,4]
[0,0,0,16,0,1073741824,0,0,134217728,0,0,0,0,0,0,0]-[0,0,131584,262144,32768]
[0,0,69206016,0,0,0,16,0,1048576,0,0,0,0,0,0,0]-[0,536870912,1073741832,8192,0]
[0,0,0,0,0,0,0,0,8,0,4096,0,0,0,0,0]-[344896,2151686404,4096,133120,2117632]
[0,128,0,128,0,0,0,0,0,0,0,0,0,0,0,4096]-[32,0,0,16779264,262144]
[0,0,67108864,0,0,0,0,0,8192,0,4096,0,1048576,0,0,0]-[0,0,33554448,33554692,0]
[0,0,67108864,131072,67108864,0,8192,0,0,0,0,0,0,0,268435456,0]-[0,2112,0,4194304,524288]
[0,0,32768,0,0,0,8192,8,0,0,0,0,0,0,0,0]-[4194304,134479872,0,134217728,0]
[0,0,0,0,0,0,0,0,0,0,2147483648,0,0,0,33554432,0]-[134217728,264,134217728,0,0]
[8388608,0,67108864,0,0,0,0,0,0,0,0,0,0,0,268435456,0]-[2147483648,2097408,0,16,0]
[0,8388608,67108864,0,0,0,0,0,0,0,0,0,2097152,0,0,0]-[0,0,33554436,32776,0]
[0,0,0,0,67108864,64,0,0,0,0,0,0,262144,0,0,0]-[8388608,134217728,0,2,32768]
[0,0,0,0,0,0,0,268435456,0,0,0,32,0,0,0,0]-[41944064,262272,268500994,0,0]
[0,0,67108864,0,0,8192,0,0,0,0,0,0,0,0,4,0]-[32,536870920,65536,0,0]
[0,0,0,0,2147483648,0,0,0,0,0,0,0,1048576,0,0,0]-[1620181762,2147483816,2361398,3441295364,65602]
[0,0,0,0,0,0,0,0,0,0,67108864,0,1310720,128,0,0]-[0,1073741824,536870914,32,131072]
[268435456,0,0,0,0,0,0,0,0,0,4096,0,0,0,0,0]-[524288,0,16384,128,32]
[0,0,67108864,0,0,0,0,0,33554432,0,4096,0,1048576,0,0,0]-[0,0,33558528,12,0]
[0,0,0,0,0,0,0,0,1048576,0,4096,0,0,0,33554432,0]-[16843012,541065520,17301568,138412032,0]
[128,0,0,0,0,0,0,0,0,0,0,0,0,8388608,0,0]-[0,268436480,536870912,4210752,0]
[0,0,67108864,0,268435456,0,0,0,0,0,0,0,1048576,0,0,0]-[0,2147483648,2080,532480,1]
[0,0,0,0,0,256,1,0,0,0,0,0,0,0,0,128]-[0,256,136314880,2097152,0]
[0,0,0,0,0,0,0,0,134217728,16777216,4096,0,0,0,0,0]-[131072,0,131072,0,1049088]
[0,0,0,0,0,0,2,0,1,0,0,0,0,0,0,0]-[0,32,16777218,8,0]
[0,16777216,0,0,0,0,0,24,0,0,0,0,0,0,0,0]-[0,2048,1048576,2415919104,0]
[0,0,0,131072,0,0,0,0,0,0,0,33554432,0,0,0,0]-[0,8192,260,131072,0]
[0,0,100663296,0,0,0,0,0,0,0,0,0,0,536870912,0,262144]-[0,131072,65536,0,132]
[8388608,0,0,0,0,64,0,0,16777216,0,0,0,0,0,0,0]-[512,0,526336,524288,0]
[0,0,0,0,16,8192,0,0,0,0,4096,0,0,0,0,0]-[0,0,134217792,0,4104]
[128,0,67108864,0,0,0,0,0,0,0,0,0,1048576,0,524288,0]-[134217728,0,8,128,131072]
[0,128,0,0,0,0,0,0,0,0,0,0,0,0,8,0]-[17826048,134348834,68157568,16384,256]
[0,0,0,0,262160,0,0,0,0,0,0,0,0,128,0,0]-[0,262144,8320,0,32768]
[2048,0,67108864,0,0,8192,0,0,0,0,0,0,0,0,0,0]-[0,32768,32772,16777216,0]
[0,0,0,0,0,256,0,0,0,2,0,0,0,0,0,0]-[0,0,536879360,16777216,0]
[0,0,67108868,0,0,0,0,0,0,0,4096,0,0,0,0,0]-[0,263168,0,256,128]
[0,0,0,0,0,0,0,0,402653184,0,0,0,0,0,0,0]-[1048576,524288,262144,0,4]
[0,0,67108864,0,0,0,0,0,0,524288,0,0,0,536870912,0,0]-[4,133136,0,0,64]
[0,0,67108864,0,0,0,0,0,2147483648,0,0,0,1048576,0,0,0]-[8388674,16384,65536,2148532224,2129984]
[0,0,67108864,0,262144,0,0,0,0,0,0,0,0,0,0,0]-[2265022478,4285800,7430152,18121509,573447]
[0,0,67108864,0,0,320,0,0,1048576,0,0,0,0,131072,0,0]-[2147483648,0,32,0,1088]
[0,0,524288,0,0,0,0,0,0,0,4096,0,0,0,0,0]-[81921,16908609,134222016,268786820,53280]
[0,0,0,0,0,0,0,16,0,0,8388608,0,0,128,0,0]-[512,262144,8192,536870912,0]
[0,0,0,0,0,0,0,8,0,0,0,0,262144,0,0,0]-[21009158,138675584,1207964674,134512906,264840]
[0,0,67108864,0,0,256,0,0,134217728,0,0,0,0,128,0,0]-[64,0,1073741828,0,1024]
[128,0,0,0,0,0,0,0,0,0,64,1024,0,0,0,0]-[2048,0,0,0,4164]
[0,0,32768,0,0,0,0,16,0,0,0,0,0,0,0,0]-[0,8,16777216,2214592544,262144]
[0,16777216,0,0,0,0,0,0,0,0,0,0,8,0,0,0]-[0,4194306,0,1048576,131072]
[2147483648,0,0,0,0,8448,0,0,0,0,0,0,0,0,0,0]-[256,0,134217796,0,0]
[0,0,0,0,256,0,0,0,0,0,0,0,8,128,0,0]-[0,0,2147483648,2064,524288]
[0,0,67108864,0,0,4,0,0,0,0,0,0,0,128,0,0]-[0,0,0,266244,1048576]
[67108992,0,0,0,0,0,2048,0,1048576,0,0,0,0,0,0,0]-[33816576,0,0,32768,64]
[0,0,0,0,0,0,0,0,16777216,0,0,0,0,0,0,4]-[134217728,134479872,2281702464,0,2097152]
[0,0,67108864,0,0,0,0,0,1048576,0,1073741824,0,262144,128,0,0]-[0,16,8,1048577,0]
[16384,0,67108864,0,0,0,0,0,1048576,0,0,0,0,0,0,0]-[2097152,256,33587200,256,0]
[0,0,67108864,0,0,0,0,0,0,0,16777248,0,0,0,0,0]-[2281701376,32768,8,0,0]
[1048576,0,67108864,0,0,0,0,0,0,0,4096,0,0,0,0,0]-[16777216,4194368,0,0,16384]
[0,0,0,262144,0,0,64,0,0,0,0,0,0,0,0,0]-[0,134217728,0,512,65540]
[0,0,2,0,0,0,0,0,0,0,0,0,67108864,0,0,0]-[0,1073741824,0,16777220,64]
[0,0,67108864,0,2048,0,0,0,1048576,0,0,0,0,0,0,0]-[16777216,536870928,0,4608,256]
[128,0,0,0,0,0,0,0,1048576,0,0,0,0,67108864,0,0]-[0,65536,8388608,1,131072]
[0,0,0,33554432,2048,0,0,0,0,0,0,0,1048576,0,262144,0]-[1048578,4,0,0,4096]
[0,0,2,0,0,0,0,0,0,0,0,32,1048576,0,0,0]-[64,16384,0,0,1048608]
[0,0,0,0,536870912,0,0,0,0,0,0,0,256,0,0,0]-[2148532224,1077936130,16,262144,17409]
[0,536870912,0,0,0,8192,0,0,0,0,0,0,0,0,0,0]-[16777216,268468224,0,8388608,0]
[0,0,67108864,0,0,0,0,0,0,0,0,0,1048576,0,0,4]-[8388608,0,0,16777216,2129920]
[0,0,0,0,0,0,0,0,16781312,0,0,0,0,0,0,0]-[134225920,2147483648,262146,36865,0]
[0,0,67108864,0,0,0,0,0,0,0,0,0,0,16384,131072,0]-[0,8,1114112,16777216,0]
[0,0,67108864,0,0,0,8192,0,0,0,4096,0,0,0,0,0]-[2686977,3037110633,307237376,40212224,2130178]
[0,0,0,0,0,0,128,0,1,0,0,0,0,0,0,0]-[0,134221826,0,8388608,0]
[0,0,0,0,0,0,0,16777216,8,0,0,0,0,0,0,0]-[512,0,2621696,0,0]
[0,0,0,0,0,0,1024,0,0,0,0,0,0,128,0,0]-[81921,538183712,524322,545261696,803330]
[0,0,67108864,0,0,0,0,0,0,0,0,0,8,0,536870912,0]-[67108864,1,2181038080,0,0]
[0,0,0,0,0,8388864,0,0,134217728,0,4096,0,0,0,0,0]-[268435520,0,8388608,256,0]
[0,0,0,0,0,8192,0,0,0,0,4096,0,8192,0,0,0]-[0,393216,0,16896,0]
[262144,0,0,0,0,8192,0,0,0,0,0,0,0,0,0,0]-[524290,0,134218752,0,0]
[128,0,67108864,0,0,0,0,0,0,268435456,0,0,0,0,0,0]-[67108864,2048,0,37748736,0]
[128,0,0,0,0,0,0,0,1048576,8,0,0,1048576,0,0,0]-[0,0,0,16859136,4096]
[0,0,67108864,0,33554432,0,0,0,0,0,0,0,64,0,0,0]-[0,8,1048576,33554432,64]
[0,0,0,0,0,64,0,0,0,0,0,0,0,0,33554432,0]-[395926,4729730,21501060,25169984,524290]
[0,0,0,0,0,0,0,131072,1048576,0,0,0,0,0,0,0]-[131329,65536,1107329152,1073742096,524304]
[1048576,0,0,0,0,0,0,0,1048576,0,0,0,0,128,0,0]-[163840,1610612736,532480,1342177344,4]
[0,0,0,0,0,8192,0,0,0,0,0,0,536870912,0,0,0]-[33554432,0,18874368,0,32]
[0,0,0,0,4194304,256,0,0,0,0,0,0,0,0,0,0]-[592,0,0,0,4096]
[0,268435456,0,0,0,0,0,134217728,134217728,0,0,0,0,0,0,0]-[16,8388672,8,0,0]
[0,0,0,0,0,32,0,0,0,0,0,0,0,0,4,0]-[262178,8,0,0,0]
[0,0,0,0,0,0,0,0,135266304,0,0,0,262144,0,0,0]-[16,536870912,536870912,2097408,524544]
[0,0,0,0,0,128,0,0,0,0,4096,0,0,128,0,0]-[2097728,0,1073741952,67108992,32768]
[0,0,67108864,0,0,0,0,0,1048576,0,0,16777216,1048576,0,0,0]-[0,81920,16,4194304,0]
[0,0,0,0,0,0,0,16,0,0,4096,0,262144,0,0,131072]-[0,536879104,128,4194304,0]
[2097152,0,67108864,0,0,0,0,0,0,0,0,0,32768,0,0,0]-[64,536903680,0,16,0]
[0,0,0,0,0,0,0,0,0,0,4096,0,1048576,8192,0,0]-[0,5,0,131076,0]
[0,0,8,0,0,0,0,0,1048576,0,0,0,0,0,1024,0]-[16,0,32768,8193,0]
[0,0,0,0,0,2147483648,0,0,0,0,0,0,1048576,0,0,0]-[806355072,2155872260,539034137,807407664,450562]
[0,16777472,0,0,0,0,8,0,0,0,0,0,0,0,0,0]-[1025,0,0,268435456,16384]
[0,0,0,0,0,0,0,0,1048576,0,0,0,0,128,1,0]-[2129920,0,0,1210056704,0]
[0,0,0,0,0,0,8192,0,1048576,0,0,0,0,128,0,0]-[36063233,537133312,873234976,1008736496,1712200]
[0,0,2147483648,0,0,0,0,16,0,0,0,0,0,128,0,0]-[80,0,0,32,32]
[0,0,8192,0,0,0,0,0,0,0,0,0,0,128,8192,0]-[262144,0,2,2,8192]
[0,0,0,128,0,256,0,16,0,0,0,0,1048576,128,0,0]-[0,0,2097152,134221824,8192]
[0,0,67108864,0,0,0,0,0,1048576,0,512,0,0,0,0,0]-[2097157,32,526336,138454016,1024]
[0,0,0,2147483648,0,0,0,0,134217728,0,0,0,0,128,0,32]-[16384,0,2,16,1024]
[0,0,0,536870912,0,0,0,0,1048576,0,0,0,0,0,0,0]-[16908416,1073742592,33562640,0,4]
[0,0,67108864,0,67108864,0,0,16,1048576,0,0,0,0,128,0,0]-[0,0,32768,2097168,1048576]
[0,0,67108864,0,0,8192,0,0,0,0,0,0,262144,0,33554432,0]-[2621440,12288,0,0,0]
[0,0,67108864,0,0,0,134217728,0,1048576,0,0,0,0,0,0,0]-[16777216,256,0,3,0]
[0,0,67108864,0,0,0,0,0,0,0,1024,32,0,0,0,0]-[0,0,0,2098176,3145728]
[0,16,0,0,0,0,0,0,0,0,0,0,262144,0,0,0]-[0,134217728,411041792,0,0]
[0,0,67108864,0,0,0,0,33554432,1048576,0,0,0,0,0,0,0]-[64,67112960,4,0,0]
[0,131072,0,0,0,0,0,0,0,0,4096,0,0,128,0,0]-[270533120,32,1073741824,4,128]
[0,0,0,0,65536,0,0,0,0,0,0,0,0,0,0,8]-[0,65536,33817600,0,0]
[0,0,0,0,0,0,0,0,0,0,0,4096,0,128,0,0]-[1048576,335544320,0,536870976,8196]
[0,0,4,0,0,0,0,0,1048576,0,0,0,0,0,0,0]-[0,4210688,0,3221225472,0]
[0,0,0,0,67108864,0,0,0,0,0,0,32,0,0,0,0]-[537034753,0,67108928,1073741824,32]
[0,0,67108864,0,0,0,9280,0,0,0,0,0,0,0,0,0]-[1,536870912,67108896,0,0]
[0,0,0,0,0,64,0,0,1048576,0,0,0,1064960,0,0,0]-[33554432,4194304,0,2048,1]
[0,0,67108864,16777216,0,0,0,0,0,0,0,16,0,0,0,0]-[32,0,524288,516,0]
[2097152,0,67108864,0,0,0,64,0,0,0,0,0,0,0,0,0]-[2097153,0,67108864,64,0]
[0,0,67108864,0,0,0,0,0,1048576,0,0,32,1048576,4,0,0]-[1,0,0,2147483648,1048704]
[8,0,0,0,0,0,0,0,0,0,4096,0,0,0,0,0]-[17301504,0,402653248,71566852,0]
[0,0,603979776,0,0,0,0,0,1048576,0,0,0,0,0,0,0]-[2164785156,2147483648,33587240,1537,150528]
[0,0,0,0,0,0,0,0,0,0,0,0,4,536870912,0,0]-[16384,0,67239936,16,0]
[0,0,0,0,0,0,0,0,0,4096,0,0,8,0,0,0]-[0,0,52428800,8,0]
[0,0,65536,0,0,0,0,0,0,0,4096,0,0,0,0,0]-[0,0,1,1032,8]
[0,128,0,0,0,0,0,4,0,0,0,0,0,0,0,0]-[142606336,1,0,0,262144]
[0,0,0,0,524288,0,0,0,0,0,256,0,0,0,0,0]-[8,128,128,2147483648,0]
[128,0,67108864,0,0,0,0,0,134217728,0,67108864,0,0,0,0,0]-[134217728,0,0,65664,131072]
[0,0,0,0,0,0,0,0,0,0,0,256,0,128,0,0]-[131072,64,655360,1619069456,335872]
[0,64,67108864,0,0,0,0,0,2,0,0,0,0,0,536870912,0]-[67108928,0,65536,0,16384]
[0,0,0,0,0,0,0,16,131072,0,0,0,0,128,0,0]-[0,8388608,2097152,64,32]
[0,0,0,0,0,0,0,0,0,0,0,0,0,128,0,131072]-[268435972,621021505,2883713,536870956,131104]
[0,8,67108864,0,0,0,0,16,0,0,0,0,0,0,0,0]-[65536,64,8192,32768,0]
[0,0,0,0,0,0,0,0,0,0,67108864,0,1048576,0,0,0]-[402915328,1082132482,536870930,33628200,2241547]
[0,0,0,0,0,0,0,0,2048,0,0,0,0,128,0,0]-[302121172,536870912,229892,671680518,2360456]
[0,128,67108864,0,0,0,64,0,1048576,0,0,0,0,128,0,0]-[33554436,0,8192,4096,0]
[0,0,2097152,0,0,0,0,0,1048576,0,67108864,0,0,0,0,0]-[16384,0,262272,1024,0]
[0,0,67108864,0,0,256,0,0,16,0,0,0,0,0,0,0]-[2147483648,65536,268435456,4,0]
[0,0,0,0,0,0,0,0,16777216,0,0,0,262144,128,0,0]-[0,65536,0,2560,32]
[0,0,0,128,0,0,32,8,0,0,4096,0,0,0,0,0]-[512,0,512,0,65544]
[0,0,67108864,0,0,64,0,0,1048576,2147483648,0,0,0,0,0,0]-[65536,0,524288,0,1216]
[0,0,67108992,0,0,8448,0,0,0,0,0,0,0,0,0,0]-[524296,0,0,32768,16384]
[0,0,67108866,0,0,0,0,0,0,0,0,16384,0,0,33554432,0]-[0,256,268436480,64,0]
[128,0,0,0,0,8192,0,0,17825792,0,0,0,1048576,0,0,0]-[0,0,536870912,32896,256]
[0,0,67108864,0,0,0,0,256,0,0,0,0,0,0,0,131072]-[2147483648,8192,0,8,131072]
[0,0,0,0,0,0,0,0,2097152,0,0,0,32,0,0,0]-[2147483648,4194304,0,16384,32]
[0,0,0,0,0,0,64,0,16777216,268435456,4096,0,0,0,0,0]-[16384,0,128,32768,4096]
[0,0,67108864,0,0,0,0,0,536870912,33554432,0,0,0,0,0,0]-[0,16384,1049600,0,16384]
[0,0,67108864,0,0,0,0,262144,0,0,0,0,0,0,0,0]-[8390666,536870920,1342219276,561,592210]
[0,0,0,0,0,256,32,0,0,0,0,0,0,0,0,0]-[262144,1048576,0,268435456,4096]
[0,0,0,0,0,0,0,65536,1048576,0,0,0,0,0,0,0]-[33587200,536871808,8650752,1074790528,0]
[0,0,67108864,0,0,0,32,0,0,0,0,0,0,128,0,0]-[2281701376,2415919108,67175936,327680,65536]
[0,0,0,0,0,0,1073741824,0,0,0,0,0,1310720,0,0,0]-[268435456,2,2097152,0,65536]
[0,0,256,2147483648,0,0,0,0,0,0,0,0,0,0,0,0]-[0,1024,2,8192,2]
[0,0,67108864,0,0,0,0,8192,0,0,0,0,0,128,0,0]-[2048,0,0,262288,0]
[0,0,67108896,0,0,0,0,0,0,0,0,0,0,0,0,0]-[83886088,16793917,270557216,2164269076,1048580]
[128,128,0,0,0,256,0,0,0,0,0,0,1048576,0,0,0]-[64,65536,0,0,4160]
[131072,0,0,0,0,256,0,0,0,0,0,0,0,0,0,0]-[524288,64,536870912,2,16400]
[0,0,0,0,0,0,0,0,1048640,0,0,0,0,0,0,0]-[19218688,537920000,536879176,3828383809,524288]
[0,0,0,0,0,256,0,8192,0,0,0,0,0,0,0,0]-[16384,276832264,671629312,16842752,16]
[0,0,0,0,0,0,0,0,0,0,0,0,8,128,0,32]-[268435456,1,0,2064,0]
[0,0,0,0,0,0,0,16,0,524288,0,0,0,0,0,0]-[524288,0,2,16384,1048576]
[0,128,0,0,0,8192,0,0,0,0,0,0,0,0,0,0]-[269484682,97,136578304,1075099650,16384]
[0,0,0,0,0,1048576,0,0,16777216,0,0,0,0,0,0,0]-[0,16777216,256,16777216,8]
[0,0,0,0,0,0,0,0,0,0,16777216,1073741824,0,0,0,0]-[32,0,0,536870928,512]
[0,0,0,0,0,0,0,16,134217728,0,0,0,1048576,8388608,0,0]-[0,67110912,0,16640,0]
[536870912,0,0,0,0,8192,0,0,0,0,16384,0,0,0,0,0]-[0,4456448,0,1024,262144]
[0,0,0,0,134217728,0,0,0,1048576,0,0,0,1048576,0,0,0]-[2304,268435456,4194305,67108896,4]
[0,0,67108864,0,0,0,0,0,4,0,0,0,1048576,0,0,0]-[0,16826368,0,23069184,2]
[0,0,0,0,0,1,0,4194304,0,0,0,0,0,0,0,0]-[2147483648,0,0,138412032,512]
[0,0,67108868,0,0,0,0,0,1048576,0,0,0,0,0,0,256]-[2147483648,0,8192,768,0]
[0,0,0,0,0,0,0,0,0,0,0,0,1048576,16384,33554432,0]-[131072,2048,0,6291456,0]
[0,0,0,0,0,0,0,0,0,0,0,0,1048584,0,4096,0]-[0,4098,0,0,270336]
[0,32,0,0,0,0,0,0,0,0,0,0,8,0,0,4]-[1,100663296,16777216,0,0]
[32896,0,67108864,0,0,0,0,0,0,0,0,0,0,0,0,0]-[4194368,65536,0,16777235,131140]
[0,0,0,0,0,0,0,0,524288,0,4096,0,0,128,0,0]-[0,16777249,0,2048,0]
[0,0,0,8388608,0,0,0,0,0,0,0,0,0,128,0,0]-[32768,268435456,9437184,1142947872,295968]
[0,0,0,0,0,256,0,0,134217728,0,0,2048,0,0,0,0]-[131072,8704,0,4,0]
[0,0,0,0,16384,0,0,0,0,0,0,0,262144,0,0,0]-[1048576,0,2,1024,1024]
[0,536870912,0,0,0,2048,0,0,0,0,1,0,0,0,0,0]-[0,32768,0,17472,0]
[0,0,0,0,0,0,64,0,0,0,4096,0,0,524288,0,0]-[16384,131072,528,131076,0]
[0,0,67108864,0,0,0,0,0,1048576,0,0,0,0,536870912,0,0]-[2181105668,306512692,34872,2188415345,655813]
[0,0,67108864,0,0,1048576,0,0,0,0,0,0,1048576,0,0,0]-[0,0,0,66,2052]
[8,0,0,0,0,0,0,16777216,0,0,0,0,0,0,0,0]-[16,131088,0,128,0]
[1073741824,0,67108864,0,0,0,0,0,0,0,0,0,1048576,0,0,0]-[64,335566880,33558528,17891840,2212032]
[0,0,0,0,0,0,8192,0,0,0,0,0,0,0,4,0]-[1073750016,0,2101248,268730432,0]
[0,16512,0,0,0,0,0,0,0,0,0,0,0,0,0,0]-[150994944,0,0,2,262144]
[0,0,0,0,0,0,0,0,2281701376,0,0,0,0,0,0,0]-[536870928,134219777,24,268451856,256]
[128,0,0,0,0,0,0,0,0,128,0,0,0,0,0,0]-[9439232,0,1152,1073750016,262144]
[64,128,67108864,0,0,0,0,0,0,0,0,0,0,0,0,0]-[0,262152,0,0,16400]
[0,0,0,0,67108864,256,0,0,0,0,0,16777216,0,128,0,0]-[0,8388608,8388644,0,0]
[0,0,67108864,0,0,0,0,0,0,0,0,0,1048576,32,0,0]-[0,268468224,0,4,2097152]
[0,0,0,0,1073741824,0,0,0,1048576,0,0,0,0,0,33554432,0]-[0,0,134218752,16793600,0]
[2147745792,0,67108864,0,0,0,0,0,0,0,0,0,0,0,0,0]-[524288,65536,1024,33554432,0]
[0,0,67108864,0,0,0,0,0,0,0,0,131072,1048576,0,0,0]-[2097152,32769,33554448,33554432,64]
[0,16777216,0,0,0,8256,0,0,0,0,0,0,0,0,0,0]-[536870912,4096,8389632,0,0]
[2048,0,0,0,0,0,8192,0,0,0,0,0,0,0,0,0]-[524288,6293504,0,0,4096]
[0,0,0,0,0,0,0,0,0,0,0,0,0,0,260,0]-[0,0,9437376,0,0]
[0,0,0,256,0,0,0,16,0,0,0,0,0,128,0,0]-[16448,0,0,268435456,262144]
[0,0,0,0,0,0,512,2,0,0,0,0,0,0,0,0]-[67108864,1048576,0,8,8]
[0,0,67108864,524288,0,0,0,0,0,0,4096,0,0,0,0,0]-[2097152,0,268439552,4096,0]
[2097152,0,0,0,0,0,0,0,1048576,0,0,0,1048576,0,0,0]-[0,41959424,33554432,201330688,0]
[1048576,32768,67108864,0,0,0,0,0,0,0,0,0,0,0,0,0]-[0,0,33554444,2,0]
[0,0,0,0,0,4194368,0,0,0,0,0,0,262144,0,0,0]-[0,0,64,1180160,0]
[0,0,0,0,0,0,0,0,1048576,0,8,0,1048576,0,0,0]-[2113536,512,0,2097152,0]
[0,0,0,0,0,64,0,0,1048576,0,0,2048,0,0,0,0]-[0,512,8388640,1,0]
[0,0,0,0,0,256,0,4,0,0,0,268435456,0,0,0,0]-[270336,8192,131072,0,0]
[0,0,0,0,0,0,0,0,0,128,0,0,1048576,0,262144,0]-[2097152,0,0,1179648,8192]
[0,0,8,0,0,0,0,0,0,0,0,0,65536,0,0,0]-[4096,0,0,1073750016,128]
[0,0,0,0,0,0,0,0,0,0,0,0,1024,1073741824,0,0]-[0,2048,64,4,2097152]
[0,0,0,0,0,0,0,0,0,16777216,0,0,1048576,0,65536,0]-[0,2,0,4360,0]
[0,0,67108864,0,0,0,0,0,1048576,0,0,0,0,0,0,64]-[0,0,33554432,134217760,4]
[0,0,0,0,0,256,0,0,0,0,0,16777216,262144,0,0,0]-[1048832,0,2097152,256,0]
[0,0,67108864,0,0,0,0,0,1048576,0,64,0,0,0,0,0]-[0,0,32,33558528,68]
[0,0,0,0,0,0,0,0,134217728,0,0,0,0,16384,0,0]-[536870912,256,0,16781312,0]
[0,0,0,0,0,0,0,0,0,0,0,0,0,536871040,0,0]-[3323260150,1535576483,4038510779,1764170961,3080676]
[128,0,0,0,0,8192,0,0,1048576,0,0,0,0,0,0,0]-[52445440,1073741824,545292296,1074831505,131332]
[0,0,67108864,0,0,0,0,0,0,0,0,16384,0,0,0,0]-[75563016,67944,302027812,35135562,3719313]
[0,0,0,65536,0,256,0,0,0,0,0,0,0,0,0,0]-[68158224,8396800,268697632,335808512,131392]
[0,2048,0,0,0,256,0,0,1048576,0,0,0,0,128,0,0]-[0,0,1074003968,4096,131072]
[0,4096,0,0,0,0,8192,0,0,0,0,0,0,128,0,0]-[1048576,16777216,536870916,65536,0]
[4,0,0,0,0,0,0,0,0,0,4096,0,0,0,0,0]-[64,20,66049,0,4128]
[0,1073741824,0,0,0,0,0,0,1048576,0,0,0,1048576,0,0,0]-[0,0,16777280,1073741824,524292]
[0,0,67108864,65536,0,0,0,0,0,0,0,0,0,128,0,0]-[33554432,264193,0,327696,2752640]
[0,0,0,0,0,0,2147483648,0,0,0,1048576,0,0,0,0,0]-[512,0,8388864,0,2]
[0,0,0,0,0,1024,0,0,0,0,0,0,0,536870912,0,0]-[536870912,32,0,262144,32]
[16777216,0,0,0,0,0,0,0,0,268435456,0,0,262144,0,0,0]-[16384,0,2,71303168,0]
[0,0,67108864,0,67108864,0,0,0,134217728,0,0,0,1048576,0,0,0]-[0,268455936,73728,512,0]
[0,1,0,8192,0,0,0,0,1048576,0,0,0,0,0,0,0]-[2097152,0,0,1073774592,8192]
[0,0,67108864,0,0,0,0,0,0,0,0,0,0,8320,0,0]-[2097218,2112,1572864,64,32768]
[0,0,0,0,0,8192,0,0,1048576,0,16384,0,0,0,0,0]-[0,12845056,0,1024,0]
[0,0,67108864,0,0,0,0,67108864,135266304,0,0,0,0,0,0,0]-[0,262144,0,2097152,1280]
[128,0,0,0,0,0,0,0,0,0,0,0,1074003968,0,0,0]-[0,0,8,1179649,0]
[0,8388608,67108864,0,0,0,64,1073741824,1048576,0,0,0,0,0,0,0]-[33554432,528,0,0,4]
[128,0,0,0,2,0,0,0,8,0,0,0,0,0,0,0]-[512,0,536870912,131074,0]
[0,0,67108864,0,0,256,0,0,0,0,0,32,0,128,0,0]-[134217728,2147483648,0,1572864,0]
[0,0,0,0,0,128,0,0,0,0,0,0,8,0,0,0]-[16777728,0,0,1073741824,272]
[0,0,0,0,0,0,0,0,1048576,0,1073741824,0,0,128,0,0]-[49280,0,536870912,268435474,131136]
[536870912,0,0,0,0,0,0,16,0,0,0,0,0,0,0,0]-[286720,8200,267776,32768,8208]
[0,0,0,0,0,64,0,16,0,0,0,0,8,0,0,0]-[16,512,2048,0,32]
[0,0,0,0,0,1056768,0,0,0,0,0,0,0,0,0,0]-[0,1073745920,0,0,136]
[0,131072,0,0,0,0,8192,0,0,0,0,0,1048576,0,0,0]-[33554432,0,576,268435456,0]
[0,0,67108864,0,16,0,1,0,0,0,0,0,0,0,0,0]-[0,0,24576,16777216,1]
[0,0,67108864,0,67108864,0,0,0,135266304,0,0,0,0,536871040,0,0]-[0,65792,0,16,128]
[0,0,67108864,0,0,0,0,0,0,0,0,0,1048578,0,1,0]-[0,16777216,35651584,0,2097152]
[0,0,67371008,0,0,256,0,0,16777216,0,0,0,0,0,0,0]-[0,32,16384,16777217,0]
[0,0,67108864,131072,4227072,0,0,0,0,0,0,0,0,0,0,0]-[0,536870912,2048,4,2097152]
[0,0,0,0,0,0,0,0,0,0,268439552,0,0,128,0,0]-[1048576,0,2148007936,1073741824,0]
[256,0,0,0,0,0,0,0,0,0,0,0,0,128,16,0]-[2097152,67108864,0,0,8196]
[0,0,0,0,0,0,0,0,1048576,0,0,0,0,0,65536,0]-[16,81920,128,136352016,0]
[0,8192,0,0,0,0,0,0,0,0,0,524288,0,0,0,0]-[0,2164261376,0,67108864,0]
[0,0,1,0,0,0,1073741824,0,0,0,0,0,16384,0,0,0]-[0,18,0,512,65536]
[0,0,2048,0,0,0,0,0,1048576,0,0,0,0,0,0,0]-[131072,1610612736,16,1077944353,1]
[0,0,0,0,0,0,0,0,0,0,262144,0,0,0,0,65536]-[327680,4,0,0,2048]
[2147483648,0,268435456,0,262144,0,0,16,0,0,0,0,0,0,0,0]-[67109888,0,8196,0,0]
[0,1073741952,0,0,0,0,0,0,0,0,0,0,0,0,0,0]-[8192,2048,0,0,4160]
[0,32,0,0,0,0,0,0,33554432,0,0,0,0,0,0,0]-[33554432,16384,0,0,262176]
[0,0,0,0,0,0,0,0,0,0,1048576,0,0,0,32768,0]-[0,16777216,8650752,0,2]
[0,0,0,0,0,0,65536,0,0,0,0,0,1048576,0,0,0]-[2147483648,192,16780036,32768,526352]
[0,0,67108864,0,0,0,0,0,0,0,4096,512,0,0,0,0]-[2097152,272,1073742336,1028,2097152]
[0,0,128,0,0,0,0,0,0,0,0,0,0,128,0,0]-[9,269485088,2684747778,65536,557188]
[0,0,0,0,0,0,0,512,134217728,0,0,0,0,128,0,0]-[128,0,131073,0,4]
[0,0,67108864,0,0,0,0,0,0,0,0,0,0,0,0,32768]-[243273735,4407553,6357272,137671216,3088]
[1048576,0,67108864,0,0,16777216,0,0,0,0,0,0,0,128,0,0]-[64,0,532480,0,65536]
[0,0,0,0,67108864,0,0,524288,0,0,4096,0,0,0,0,0]-[0,0,4736,0,2097152]
[0,0,0,0,0,256,0,0,1048576,0,4096,0,0,128,0,0]-[0,65792,1074266113,538972178,139264]
[8,128,0,0,0,0,16384,0,0,0,0,0,0,0,0,0]-[0,0,2147614752,0,512]
[0,0,0,0,0,0,0,16,0,16777216,0,0,1048576,0,0,0]-[0,2048,0,256,262272]
[0,0,0,0,0,0,0,0,8,1073741824,0,0,0,0,8,0]-[134217728,1056768,0,64,0]
[0,0,0,0,0,64,0,0,0,0,0,0,0,2147483648,0,0]-[0,134217728,0,4098,16384]
[0,0,0,0,0,0,32768,0,1048576,0,0,0,0,0,0,16384]-[16,4,8192,256,0]
[0,0,67108864,0,0,0,0,0,2048,0,0,0,0,16,0,0]-[0,64,98304,256,0]
[0,0,67108864,0,0,8388608,0,0,134217728,0,0,0,0,0,0,0]-[0,2112,0,32,256]
[0,0,0,0,0,0,8192,0,0,0,0,0,262144,0,33554432,0]-[0,256,134217728,0,2056]
[268435456,0,0,0,0,0,0,0,0,1073741824,0,0,0,0,8,0]-[1048576,32,0,536871936,0]
[0,0,67108864,0,0,0,64,32,0,0,0,0,0,0,0,0]-[0,256,0,16781312,32768]
[0,0,67108864,65536,0,0,0,0,0,536870912,0,0,0,0,0,0]-[0,0,33556480,64,65536]
[0,0,67108864,0,0,0,0,0,1048576,0,134217728,0,0,0,0,0]-[65536,33554688,24,3145728,4]
[0,0,0,128,0,0,0,0,0,0,0,1,0,0,0,0]-[0,0,128,512,131074]
[0,0,67108864,0,0,0,4194304,268435456,0,0,0,0,1048576,0,0,0]-[2147483648,0,67108864,32800,0]
[0,0,0,0,0,256,0,1073741824,16777216,0,0,0,0,0,0,0]-[0,73728,1,2048,0]
[0,0,0,0,0,0,0,0,0,0,4096,0,0,8388608,0,0]-[0,536870933,134217728,164864,0]
[0,0,83886080,0,0,256,0,0,1048576,0,0,0,0,0,0,0]-[8,83886080,0,16777216,0]
[1073741824,256,67108864,0,0,0,0,0,0,0,0,0,0,1073741824,0,0]-[32,0,268435472,0,4]
[0,0,0,0,0,0,0,0,0,0,0,0,0,128,67108864,0]-[1510122014,1543504501,2248582183,1959269094,1444484]
[0,0,0,0,0,0,0,0,16777216,0,4096,0,0,0,128,0]-[0,2147483648,0,32776,8]
[0,0,1073741824,0,67108864,0,0,0,1048576,0,0,0,0,0,0,0]-[1,0,262144,0,257]
[0,0,0,0,0,0,0,16,0,0,4096,0,0,8192,0,0]-[512,262145,0,131072,0]
[128,0,0,0,0,0,0,1073741824,0,0,0,0,0,0,0,0]-[138412032,65536,0,131072,4100]
[0,0,0,0,0,67108864,0,0,0,0,0,32,0,0,0,0]-[2818572288,0,524288,33554432,0]
[0,0,0,0,0,0,0,0,8,0,0,0,4096,0,0,0]-[1,32768,134217728,0,1]
[2147483648,0,67108864,0,0,0,0,0,0,0,67108864,0,0,0,0,0]-[0,65536,33555456,0,16384]
[0,0,0,0,0,8192,0,0,0,0,0,0,0,0,33554432,0]-[687932204,810039334,688129092,159694880,2178]
[0,0,0,0,134217728,0,0,0,0,0,0,0,262144,128,0,0]-[0,131072,3,67108864,0]
[0,0,67108864,0,0,0,0,0,0,0,4096,0,1048576,0,128,0]-[16777216,0,4096,65792,0]
[8192,0,0,0,0,8192,0,0,0,0,0,0,1048576,0,0,0]-[536870912,4096,4096,0,8]
[0,0,67108864,0,0,0,0,0,9,0,0,0,0,0,0,0]-[65536,0,2621440,0,2097152]
[0,0,0,0,0,0,0,16,1048576,0,0,0,0,0,0,0]-[3655200081,1071470591,2072952062,4285202419,3603153]
[0,0,67108864,0,0,256,0,0,0,0,0,0,0,0,16,0]-[0,67108864,1280,128,0]
[0,0,67108864,128,0,0,0,0,0,0,4096,0,0,0,0,0]-[2112,2684485753,65536,640,0]
[8388608,0,0,0,0,0,0,0,0,0,4096,0,0,128,0,0]-[2359296,0,0,262144,32]
[0,0,0,0,0,0,0,0,134217728,0,0,0,1310720,0,0,0]-[268435456,67108867,2097152,256,0]
[0,0,67108864,0,0,0,0,0,2048,0,0,0,0,536871040,0,0]-[67108864,33554432,24,0,0]
[4,0,67108864,0,0,0,0,0,0,0,0,0,0,0,16777216,0]-[4,0,8192,16777248,0]
[0,0,0,0,0,256,0,0,1048576,0,0,0,8388608,0,0,0]-[2147483648,1048576,32,4096,0]
[0,0,67108864,0,0,0,0,0,1048576,0,0,0,8388608,128,0,0]-[32768,262144,524288,2097152,524352]
[16384,0,67108864,0,0,0,0,0,0,1,4096,0,262144,0,0,0]-[2097152,8196,0,256,0]
[0,0,0,0,0,8192,0,16,0,0,4096,0,0,128,0,0]-[524288,0,4160,0,16384]
[0,0,0,0,0,1048576,0,0,0,0,0,262144,0,0,0,0]-[0,4,72,0,2048]
[0,0,0,0,0,0,0,0,0,0,0,536870912,1048576,0,0,0]-[1179648,8388610,256,268456448,131108]
[0,0,128,0,16777216,0,0,0,0,0,0,0,0,0,0,0]-[1,1024,0,0,135168]
[0,0,67108864,0,0,0,33554432,0,0,0,4096,0,0,128,0,0]-[0,67108864,1073741824,65664,0]
[0,0,67108864,0,0,0,0,0,0,0,0,0,256,128,0,0]-[2147483648,2168455176,67641360,18678320,1284]
[0,0,0,0,0,0,0,8,16777216,0,0,0,262144,0,0,0]-[4194304,0,16384,134217728,136]
[0,0,0,0,0,256,0,0,0,0,0,0,256,0,0,0]-[2216296512,8391296,1074003968,395264,1053953]
[0,0,0,0,0,0,0,8,0,0,0,256,0,0,0,0]-[21020672,150994944,540672,0,64]
[0,0,0,32,0,0,0,0,1048576,0,4096,0,0,128,0,0]-[2361344,288,1082130560,0,0]
[0,0,67108864,0,0,0,8192,0,0,1073741824,0,0,0,0,8,0]-[67108864,16777216,4096,65808,1]
[64,0,67108864,0,0,0,0,0,0,0,0,0,0,0,33554432,0]-[4194304,262144,16384,1024,0]
[0,0,1024,0,8388608,0,0,0,1048576,0,0,0,0,524288,0,0]-[133120,0,0,268435456,1]
[0,0,0,0,0,0,0,0,0,0,0,16777216,1024,0,0,0]-[0,33554432,0,67108880,2048]
[0,0,67108864,1024,0,0,0,0,0,1073741824,0,0,0,0,0,0]-[0,0,4096,19,0]
[524288,0,67108864,0,0,0,0,8388608,0,0,0,0,0,0,0,0]-[0,0,2147485696,0,66]
[0,0,67108864,1048576,0,256,0,0,0,0,0,0,0,0,0,0]-[0,512,270536704,262144,0]
[0,0,603979776,0,0,64,0,0,0,0,0,0,1048584,0,0,0]-[0,0,8192,0,1154]
[0,128,0,0,67108864,0,0,16,0,0,0,0,0,0,0,0]-[0,16793600,128,536870912,0]
[1073741824,33554432,0,0,0,8192,0,0,134217728,0,0,0,0,0,0,0]-[536870920,0,4,16,0]
[0,0,1024,0,0,0,0,0,0,0,0,0,1048576,0,34078724,0]-[1048576,32,0,4194304,8]
[0,0,0,128,0,0,0,0,1048576,0,0,0,0,128,0,0]-[131072,1073742112,536879232,201327232,655552]
[0,0,0,0,0,0,0,0,0,0,4096,0,1048585,0,0,0]-[1,1,65536,131072,0]
[0,0,67108864,0,0,0,64,0,0,0,0,0,0,262144,0,0]-[32,0,1024,512,4]
[0,0,0,0,0,0,8192,0,0,0,0,0,0,8,0,0]-[8192,0,536875008,64,0]
[0,0,0,0,0,0,0,256,16777216,0,0,0,0,0,0,0]-[16,2097154,640,2,1050752]
[128,0,67108864,0,0,0,0,0,134217728,0,0,0,0,128,0,0]-[64,256,0,48,0]
[128,0,0,0,0,256,0,0,134217728,0,0,0,0,0,0,0]-[16896,0,545259528,16384,320]
[0,0,0,0,536870912,0,0,8,0,0,0,0,0,0,8,0]-[24,8192,262144,0,0]
[0,0,0,262144,0,0,0,0,0,0,0,0,2097152,0,0,0]-[0,134217728,1,256,4]
[0,0,67108864,0,0,0,0,0,1048576,0,0,0,262144,64,0,0]-[2097152,536870916,0,0,524288]
[0,0,256,0,0,0,0,0,1048576,0,0,0,262144,0,0,0]-[0,67109888,2,0,2]
[0,0,67108864,0,0,0,0,0,32768,0,0,0,262144,0,0,0]-[2097152,8192,0,2097408,65536]
[0,0,0,0,0,0,0,0,0,0,0,0,1048576,128,0,0]-[4223127495,3618897655,1911909231,4257200895,4173564]
[0,524288,0,0,0,0,0,16,0,0,0,0,1048576,0,0,0]-[0,0,2097152,0,2101280]
[0,0,67108864,0,0,8192,0,0,0,0,67108864,0,0,128,0,0]-[0,64,0,134221824,1024]
[0,0,0,0,0,0,0,32,1048576,0,0,0,1048576,0,0,0]-[4,0,8388672,2,0]
[0,0,0,0,0,4096,0,16,1048576,0,0,0,0,0,0,0]-[65536,0,8320,525312,0]
[0,0,0,0,16777216,0,0,0,0,0,0,0,0,0,67108864,0]-[0,2050,16384,256,0]
[0,0,0,0,524288,0,0,0,0,262144,0,0,0,128,0,0]-[268435584,67371008,0,0,0]
[0,0,0,33554432,0,0,0,0,2,0,0,0,0,0,1,0]-[0,4194432,35651584,0,0]
[0,0,16777216,0,0,0,0,0,0,0,0,32,1048576,0,0,0]-[0,1024,268435458,268435456,0]
[0,0,67108864,0,0,0,0,0,0,0,0,0,0,0,2,0]-[84412481,180736,2252356128,16782465,739329]
[0,0,0,0,0,32,0,2097152,0,0,0,0,0,0,0,0]-[134217728,0,0,131328,8192]
[0,0,0,0,0,0,0,0,0,0,0,0,0,537395200,0,0]-[18,16777860,0,134217728,8]
[0,0,524288,2048,0,0,0,0,0,0,0,0,0,0,0,0]-[160,0,33554432,0,64]
[0,0,67108864,0,0,0,0,0,134217728,0,2147483648,0,0,0,0,0]-[32,16384,32768,8192,0]
[0,0,0,0,0,0,0,0,0,32768,4096,0,0,0,0,4096]-[16384,9,0,262144,0]
[0,0,67108864,0,0,0,0,0,0,0,0,0,1024,536870912,0,0]-[0,131076,1024,256,0]
[0,0,0,0,0,0,0,0,0,0,32,524288,0,0,0,0]-[0,0,8388608,8200,2]
[0,0,335544320,0,0,0,0,0,135266304,0,0,0,0,0,0,0]-[0,0,0,1049664,16]
[0,0,0,0,0,2097152,0,0,0,0,0,0,1048576,0,0,0]-[8388610,8393248,1073807360,33734656,1792]
[0,0,0,0,128,0,0,0,0,0,4096,0,0,0,0,0]-[0,2147483648,0,16512,2097152]
[0,0,67108864,0,0,0,0,16,0,0,0,0,0,0,0,2]-[4194304,262145,524288,0,64]
[0,0,67108864,0,0,0,0,256,0,0,0,0,1048576,0,0,0]-[0,5136,4116,1376768,2097280]
[0,33554432,0,0,0,0,0,0,0,0,0,0,0,128,0,0]-[1311308,1409548288,1073741958,262752,786560]
[0,0,0,0,0,0,8192,0,268435456,0,0,0,0,0,0,0]-[16384,0,8388608,32768,262144]
[0,128,67108864,0,0,0,0,0,0,0,4096,131072,0,0,0,0]-[0,1,268435472,0,128]
[0,0,67108864,0,0,0,0,16,0,0,0,0,0,128,0,4096]-[2048,553910336,36,0,131072]
[0,0,67108864,0,0,0,0,0,0,131072,0,0,0,128,0,0]-[0,8,512,1048576,256]
[0,0,83886080,0,0,0,0,0,0,4096,0,0,0,0,0,0]-[0,536872960,32768,524288,0]
[0,0,0,0,0,256,1024,0,0,0,0,0,1048576,0,0,0]-[16384,32,0,16777216,16384]
[0,0,0,0,0,0,0,0,0,0,8,0,0,32,0,0]-[4194304,8,0,537919488,0]
[128,0,67108864,0,0,8192,0,0,0,0,0,0,512,0,0,0]-[0,2048,1024,1,256]
[0,268435456,0,0,0,0,0,16,0,0,0,0,0,0,2048,0]-[16,4096,16777216,16,0]
[0,128,67108864,0,4,0,0,0,0,0,0,0,0,0,0,0]-[0,262144,6291456,32768,0]
[0,0,0,0,0,0,0,4112,0,0,0,0,1048576,0,0,0]-[0,16777216,262144,131072,8]
[0,0,67108864,0,0,0,0,0,0,0,4096,0,0,128,4,0]-[0,0,1572864,136314880,0]
[0,0,67108864,2048,0,0,8192,0,0,0,0,0,0,0,0,0]-[33554432,8192,0,48,0]
[0,0,0,256,0,0,0,0,0,0,0,0,512,0,0,0]-[0,4352,0,67117056,0]
[0,0,0,0,0,0,0,0,1048576,1,0,0,0,0,0,0]-[0,2,134348800,65536,0]
[0,0,0,0,0,0,0,0,0,0,4096,0,0,0,524288,0]-[1082196032,32,268587016,4216960,66192]
[0,0,0,0,67108864,0,0,0,2,0,0,0,0,0,0,0]-[18874368,8912896,402653184,128,4]
[128,0,0,0,4194304,0,0,0,0,0,0,0,0,0,0,0]-[131584,0,131072,16385,4096]
[0,0,0,0,0,0,0,0,0,0,0,0,262144,524288,4096,0]-[65536,128,1073742848,0,0]
[0,0,67108864,0,0,0,0,0,1,0,0,0,536870912,0,0,0]-[32,64,0,1,131072]
[0,0,0,0,0,0,64,0,0,0,0,0,1048576,0,2147483648,0]-[0,65536,4096,1179648,0]
[0,33554432,67108864,0,0,0,0,0,67108864,0,0,0,0,536871040,0,0]-[68,0,0,16,524288]
[4194304,0,0,0,0,0,0,0,0,64,0,0,0,0,0,0]-[268435456,0,0,528384,128]
[0,0,0,0,0,0,8192,536870912,0,0,0,0,0,0,0,0]-[2684354560,256,134217728,0,2560]
[65536,0,67108864,0,0,0,0,67108864,0,0,0,0,0,0,0,0]-[0,0,0,4616,1]
[0,0,67108864,0,65536,0,0,0,1048576,0,0,0,0,0,0,0]-[32768,262160,1073741824,4609,1024]
[128,0,67108864,0,0,64,0,0,17825792,0,0,0,0,536870912,0,0]-[0,256,0,2147483712,64]
[0,0,67108864,0,0,0,0,0,0,0,0,0,9437184,0,0,0]-[2101249,4608,69632,53477392,98368]
[0,0,0,0,16777216,0,0,0,0,0,0,0,1048576,0,0,0]-[33554690,268438530,1078198786,8388608,198696]
[0,0,0,0,0,0,0,0,134217728,0,0,16,0,128,0,0]-[16384,320,0,0,524288]
[0,0,67108864,0,0,0,0,0,1048576,0,0,0,0,0,8192,0]-[2097152,0,4196352,9216,128]
[0,0,0,0,0,256,8192,0,1048576,0,0,0,1048576,0,0,0]-[65536,128,96,268437504,1]
[0,0,0,0,0,0,0,0,1048576,0,0,0,1048576,262144,0,0]-[65536,0,0,268443712,0]
[0,0,0,0,0,0,0,0,671096832,0,0,0,1048576,0,0,0]-[0,0,14,0,524288]
[0,0,262144,0,0,0,0,0,0,0,0,0,1048576,0,0,0]-[0,4194304,8388640,0,512]
[0,0,0,0,0,256,0,0,1048576,0,0,0,8,0,0,0]-[1,268435456,1074266176,536903681,524672]
[0,0,67108864,0,0,0,0,0,0,0,0,2147483648,0,0,0,0]-[2156396554,272646144,16900,786968,1048576]
[0,128,67108864,0,0,0,0,0,0,0,536870912,0,0,0,0,0]-[2,0,65540,32768,0]
[0,0,0,0,67108864,0,64,0,1048576,0,0,0,0,128,0,0]-[33554436,0,0,1073741824,8192]
[0,33554432,67108864,0,4194304,256,0,0,0,0,0,0,0,0,0,0]-[0,32,512,65536,2048]
[0,0,0,0,0,0,0,0,0,0,0,16777216,0,128,0,0]-[269795332,536870912,537395200,1074006048,262144]
[0,0,16777216,0,0,0,0,0,0,33554432,0,0,0,0,0,0]-[0,0,4194816,67108864,128]
[0,0,0,0,0,0,0,16,0,0,0,134217728,0,0,0,0]-[0,0,8388864,0,8224]
[0,0,0,0,0,536870912,0,16,0,0,0,0,0,536870912,0,0]-[1024,271362,0,536870912,8]
[0,0,0,0,0,8192,0,0,0,0,1024,0,0,0,0,0]-[0,0,0,805306880,2048]
[0,128,0,0,0,0,0,0,0,4194304,0,0,0,0,0,0]-[536870912,4,0,33555456,0]
[0,0,67108864,8388608,0,0,0,0,0,33554432,4096,0,1064960,0,0,0]-[64,4,65536,512,0]
[0,0,67108864,0,0,0,0,0,1048576,0,0,0,8,128,0,0]-[0,0,524288,134217728,524416]
[1073741952,0,0,0,0,0,0,0,134217728,0,0,0,0,0,33554432,0]-[0,256,0,16793632,0]
[0,4194304,0,0,0,0,0,0,1048576,0,0,0,0,0,0,0]-[8,33,4327448,67109152,12288]
[0,0,67108864,0,0,0,0,16,0,0,0,0,0,0,32,0]-[0,553648192,0,524288,0]
[0,0,0,0,0,0,0,0,256,0,0,32,1048576,0,0,0]-[536870976,0,33554432,16384,0]
[0,0,67108864,0,0,64,0,0,0,0,16,0,0,0,0,0]-[32770,2048,1024,0,0]
[0,0,16778240,0,0,0,0,0,0,0,0,0,0,524288,0,0]-[1073743872,0,524288,268435456,0]
[0,0,67108864,0,0,64,0,0,134217728,0,0,0,0,0,0,0]-[8388610,536875008,2108416,16781664,540929]
[0,0,0,0,0,8192,0,0,0,0,0,0,0,0,0,1]-[134217736,0,0,0,20480]
[0,0,67108864,0,0,0,0,0,0,0,0,0,5242880,128,0,0]-[2,0,0,65540,64]
[0,0,67108864,0,0,0,0,0,0,0,4096,0,0,0,1,0]-[0,2168455168,33554432,263172,2097152]
[0,0,67108864,0,0,0,0,0,134217728,1,131072,0,0,0,0,0]-[2,0,67584,128,0]
[0,0,0,0,131072,0,0,0,0,268435456,0,0,1048576,0,0,0]-[0,2097152,2,1073774592,0]
[0,0,0,0,0,0,0,0,0,0,0,0,0,128,0,128]-[2684354562,134237184,1346379906,536871040,2106824]
[65536,0,67108864,0,0,0,0,0,0,0,0,0,16384,0,0,0]-[67108864,0,268436480,134217728,0]
[0,0,67108864,0,32,0,0,0,0,0,0,0,8,0,0,0]-[16777216,536870920,512,0,256]
[0,0,0,0,0,0,0,0,16777216,0,67108864,0,1048576,0,0,0]-[0,0,262144,4104,8]
[0,0,0,0,0,0,0,0,1048576,0,4194304,0,0,0,0,0]-[196608,301989904,8650752,536914208,8197]
[0,4096,0,0,0,0,0,16,0,0,0,0,0,0,0,0]-[524288,8388608,131072,0,16384]
[128,0,0,0,32,536870912,0,0,0,0,0,0,0,0,0,0]-[0,0,8404992,3221225472,0]
[8388608,0,0,0,0,0,8192,0,0,0,0,0,1048576,0,0,0]-[131072,16777216,4096,67108864,0]
[0,0,67108864,0,0,0,8256,0,0,0,0,0,0,0,0,0]-[2185232451,537026560,67154432,70912,2754560]
[0,0,67112960,0,0,0,0,0,1048576,0,0,0,0,0,0,0]-[65608,809505024,33568768,0,2097408]
[0,0,1024,0,0,0,0,16,0,0,0,0,1048576,128,0,0]-[0,0,2097152,67108864,2359296]
[0,0,0,128,0,0,0,0,0,0,0,0,0,0,4,0]-[0,8,128,536870912,524288]
[2048,0,0,0,0,0,2097152,0,0,0,0,0,1048576,0,0,0]-[0,8388612,8192,16384,0]
[0,0,67108864,0,0,0,0,0,0,0,0,8388608,1048576,0,0,0]-[134217728,71311424,67108880,17301664,1181696]
[0,0,0,0,0,0,0,0,0,0,0,0,0,128,0,524288]-[16513,553649216,8388608,8388624,204800]
[0,0,0,0,2097152,0,0,0,1048576,0,4096,0,0,0,0,0]-[1073742080,33554444,65536,131584,0]
[0,0,0,0,0,8192,0,0,134217728,0,0,0,0,8388736,0,0]-[0,536936448,2,32,0]
[0,0,0,0,0,0,1,0,8388608,0,0,0,1048576,0,0,0]-[16777216,1048576,134217728,0,8]
[256,0,0,0,0,0,0,16,16777216,4,0,0,0,0,0,0]-[0,0,2147484160,268435456,4096]
[0,0,67108864,0,0,0,512,0,0,0,0,0,1048576,536870912,0,0]-[2,285212672,0,256,0]
[0,0,2097152,0,0,0,0,0,0,0,8192,0,0,0,0,0]-[0,0,65664,1,2048]
[0,0,67108864,0,0,0,0,0,0,262144,0,0,1048576,0,0,0]-[2,32,16,8,0]
[0,0,0,64,0,0,0,0,0,3145728,0,0,0,0,0,0]-[0,132098,0,0,128]
[0,0,0,0,0,0,4,0,5242880,0,0,0,0,0,0,0]-[262144,16,0,2097152,256]
[0,256,0,0,0,0,0,16,1048576,0,0,0,0,0,0,0]-[0,0,553650176,4224,1048576]
[0,0,0,0,0,0,0,128,1048576,0,0,0,0,0,0,0]-[0,1310720,536905744,536872962,1040]
[64,0,0,0,67108864,0,0,0,0,0,0,0,0,0,0,0]-[262144,32768,4,1048576,0]
[0,0,67108864,0,0,0,33554432,0,0,0,0,0,8,0,0,0]-[4194304,512,512,0,1]
[0,0,0,0,0,0,0,16,0,0,536875008,0,0,0,0,0]-[16384,32,142606336,0,0]
[0,0,0,0,0,2147483648,0,131072,0,0,0,0,0,0,0,0]-[256,0,128,0,2064]
[16512,0,0,0,0,0,0,0,1048576,0,0,0,1048576,0,0,0]-[33554432,0,545259520,0,16]
[0,1,0,0,0,0,0,0,0,0,4096,0,16384,0,0,0]-[0,20971520,0,268437504,0]
[0,0,0,0,0,8192,0,16,0,0,0,0,8,0,0,0]-[16,1048584,512,0,0]
[0,0,0,0,0,16,0,0,0,0,4096,0,1048576,0,0,0]-[262144,8,134217728,66052,0]
[0,0,0,0,67108864,0,0,0,2147483648,0,4096,0,0,0,0,0]-[256,0,512,512,2097152]
[128,0,0,0,0,0,0,8192,0,0,0,0,0,0,0,0]-[0,65792,536870912,131072,0]
[0,128,67108864,0,0,8192,0,0,0,0,0,0,1048576,0,0,0]-[0,8,73728,512,0]
[128,0,0,0,0,0,32,0,0,0,0,0,0,0,0,0]-[0,139264,0,0,262145]
[0,0,0,0,0,0,0,0,131072,0,4096,0,256,0,0,0]-[256,8,1,4194304,0]
[0,0,0,0,0,0,8192,16,1081344,0,0,0,0,128,0,0]-[1,536870912,262176,0,0]
[0,0,0,0,0,0,0,16,0,0,1,0,0,0,0,0]-[512,32,17303552,32770,16512]
[0,0,0,0,0,256,0,0,0,0,2147487744,0,0,0,0,0]-[1073741825,0,0,0,32896]
[0,0,0,0,0,0,0,8,0,0,0,0,0,0,67108864,0]-[514,0,0,524288,512]
[0,0,67108864,8388608,0,0,0,0,0,0,0,0,1048576,128,0,0]-[65,65536,0,0,2097152]
[0,0,0,0,67108864,0,0,16,0,0,0,0,0,0,33554432,0]-[0,4194306,0,4194304,8]
[0,0,0,0,0,0,536879104,0,0,0,0,0,0,0,0,0]-[1073741824,34,1048576,0,0]
[0,0,0,0,0,0,0,16,0,0,0,0,1024,0,0,0]-[0,526336,17825856,33554432,32]
[0,0,256,0,0,0,0,0,1048576,0,0,0,1048576,0,0,0]-[4,128,0,128,524288]
[0,0,0,0,0,8192,0,0,0,0,0,0,0,2147483648,0,0]-[1049216,524352,0,131072,0]
[0,0,0,0,0,0,0,0,0,256,0,0,1048576,0,0,0]-[536871936,16777224,1107558400,67117056,262656]
[0,0,0,0,0,0,0,33554432,0,0,4096,512,0,128,0,0]-[512,0,1073741824,0,2097280]
[128,0,0,0,0,8192,0,0,0,0,4096,0,0,536870912,0,0]-[65536,40960,0,0,8]
[0,0,0,1,0,256,0,8192,0,0,0,0,0,128,0,0]-[268435456,0,262144,268697600,0]
[0,0,67108864,0,0,16777216,0,16,0,0,0,0,0,0,0,0]-[12582912,6291456,524304,16777216,131072]
[0,1048576,67108864,0,0,0,0,0,0,0,0,0,0,0,0,0]-[2391281734,104997736,1139216,2182160964,3147142]
[0,0,0,0,0,0,0,0,0,524352,0,0,0,128,0,0]-[268435456,8388608,0,128,64]
[0,0,0,0,0,4194304,8192,0,0,0,0,0,0,0,0,0]-[131072,0,16781312,64,32]
[2147483648,0,0,0,0,256,0,0,0,0,0,0,0,0,0,0]-[67110144,8454144,402653188,67108864,0]
[0,0,0,0,0,128,0,0,0,0,0,0,1048584,0,0,0]-[512,0,0,1073741824,17]
[0,0,67108864,2097152,0,0,0,0,0,0,0,0,0,0,0,0]-[168361984,2722179848,271097880,529560,2097154]
[0,0,67108864,0,0,0,0,0,1048578,0,0,0,0,128,0,0]-[2129921,0,0,128,0]
[0,0,0,1,0,0,0,0,1048640,0,0,0,0,128,0,0]-[0,0,262272,80,0]
[0,0,67108864,0,0,0,0,0,0,0,0,0,1048576,16,0,0]-[0,0,0,4100,1048578]
[0,0,0,0,0,256,0,0,1048576,0,0,0,1073741824,0,0,0]-[65536,65536,16,67108864,0]
[0,0,0,0,2097152,64,0,0,0,0,0,0,0,0,0,0]-[8193,524544,524736,655360,2]
[0,0,67108864,0,0,0,2,0,0,0,0,1,0,0,0,0]-[0,4194824,4,0,0]
[0,0,67108864,0,0,0,0,8,1048576,0,0,0,8388608,0,0,0]-[32768,262144,0,33554432,64]
[0,0,0,0,0,0,0,0,0,0,0,32,1310720,0,0,0]-[269484032,0,33554432,0,2]
[0,128,0,0,0,0,0,0,0,0,4096,0,0,128,0,0]-[268435456,131072,1074790400,538970112,4]
[0,0,0,0,0,0,0,0,1,0,0,0,0,512,0,0]-[268435456,32,2147483664,0,0]
[0,0,0,0,0,256,0,0,1048578,0,0,0,0,0,0,0]-[256,65664,64,0,0]
[0,0,0,0,0,0,0,0,16,0,0,16,0,0,0,0]-[16384,1056768,0,4096,0]
[0,0,0,0,0,0,0,16777232,134217728,0,0,0,262144,0,0,0]-[0,1048576,536870914,256,0]
[0,0,0,0,512,33554432,0,0,0,0,0,0,0,0,0,0]-[0,1572864,1073741824,32768,0]
[0,0,0,0,0,0,0,131072,134217728,0,0,0,0,0,134217728,0]-[0,8208,131072,8,0]
[0,0,67108864,0,0,0,0,0,1048576,0,0,0,1073741824,128,0,0]-[0,262176,0,134217728,524288]
[0,0,67108864,0,67108864,0,0,512,0,0,0,0,0,0,0,0]-[67108864,0,1048576,256,4]
[128,0,0,0,0,0,0,0,0,0,4096,1,0,0,0,0]-[0,67108864,128,0,2097154]
[0,0,0,0,67108864,64,0,0,0,0,0,0,1048576,0,0,0]-[512,2147483664,8390688,0,0]
[0,0,0,0,0,0,0,0,0,0,0,0,269484032,0,0,0]-[1090523138,16777867,8195,50511876,0]
[0,0,0,0,131072,0,0,16,0,0,1073741824,0,0,0,0,0]-[0,0,2,33556480,16]
[0,0,0,0,0,0,0,0,134217728,2097152,0,0,1048576,0,0,0]-[131200,0,33554432,131072,0]
[0,0,0,0,0,0,8192,0,0,0,67108864,0,0,128,0,0]-[268697600,2048,32768,0,0]
[128,0,67108864,0,0,0,0,64,0,0,0,0,0,0,0,0]-[4194304,268435712,32768,153,0]
[1048576,0,0,0,0,0,8192,0,1048576,0,0,0,0,0,33554432,0]-[131072,536871040,0,64,0]
[0,0,67108864,0,0,0,0,0,0,0,0,0,1048576,536871040,0,0]-[66,285214720,0,0,2097152]
[0,0,67108864,0,0,0,0,0,1073741824,0,0,0,262144,0,0,262144]-[0,536875009,0,2097152,0]
[2,0,67108864,0,0,0,0,0,0,0,0,536870912,0,0,0,0]-[528384,0,2048,0,64]
[0,0,0,0,0,8192,8192,0,0,1,0,0,1048576,0,0,0]-[0,0,262144,65536,40]
[0,0,0,0,0,0,0,0,0,0,4096,0,16777216,0,0,0]-[268501504,553910272,1082212354,2162165760,118914]
[0,8192,67108864,0,67108864,0,0,0,0,0,0,0,1048576,0,0,0]-[0,268439552,8192,256,0]
[0,0,0,0,0,0,524288,0,1048576,0,0,0,0,0,0,0]-[131072,262656,12582984,536907264,0]
[0,128,83886080,0,0,0,0,0,0,0,0,0,0,0,0,0]-[4,0,0,270848,0]
[128,0,0,65536,0,0,0,0,0,0,0,0,0,0,0,0]-[100663296,264192,131072,306331672,655616]
[0,0,0,0,0,0,0,16,0,1024,0,0,0,0,33554432,0]-[0,0,9437186,256,0]
[0,0,0,0,0,64,64,0,17825792,0,0,0,0,128,0,0]-[0,0,160,64,128]
[0,0,0,0,0,0,0,0,135266304,0,0,0,0,0,67108864,0]-[0,0,33816577,0,4]
[128,0,67108864,0,0,0,0,0,0,0,0,32,0,128,0,0]-[33554432,2449753104,16384,65680,131136]
[0,0,0,0,131072,0,0,268435456,0,0,0,0,0,0,0,0]-[1073741824,0,1024,67108866,0]
[0,0,0,0,0,0,0,8,0,0,0,0,1048576,0,0,0]-[1365692934,62115011,1275091563,3123456670,330477]
[0,0,67108864,0,0,0,0,33554432,0,0,67108864,0,0,0,0,0]-[0,2113,67108872,1024,0]
[536870912,0,67108864,0,0,0,0,16,0,0,0,0,1048576,0,0,0]-[64,544,0,33554432,0]
[0,0,67108868,0,0,0,0,0,0,0,0,131072,0,128,0,0]-[0,96,0,134217728,524288]
[0,0,0,0,0,0,0,256,0,0,8,0,0,0,0,0]-[553648384,128,0,0,2048]
[0,0,0,0,0,0,0,0,1048576,0,0,0,0,64,0,0]-[2149714176,1610612996,1074003969,1074790400,128]
[0,0,0,0,0,0,0,16,0,0,4,0,0,0,0,0]-[0,8388608,536875008,0,262144]
[0,0,83886080,512,1,0,0,16,134217728,0,4096,0,512,0,0,0]-[8390656,262145,0,0,0]
[0,0,0,0,0,33,0,0,0,0,0,0,0,0,0,0]-[268435456,16777216,524288,1,0]
[128,0,0,0,0,256,0,0,0,0,0,32,0,0,0,0]-[0,0,134217728,2052,8192]
[0,0,0,0,0,0,8,0,0,0,0,0,0,65536,0,0]-[67108992,0,0,131328,0]
[0,0,0,0,0,0,0,0,1048576,0,0,33554432,0,0,0,0]-[0,541065252,0,67108928,8448]
[0,536870912,0,0,0,0,0,0,0,0,0,0,8,0,0,0]-[268435457,2,1,2147483651,8192]
[0,0,0,0,0,256,0,0,0,1048576,0,0,0,0,0,0]-[524288,0,0,536920064,0]
[0,4,0,0,0,0,0,0,0,0,1073741824,0,65536,0,0,0]-[2048,2048,0,0,2097664]
[2,0,67108864,0,0,0,0,0,0,0,0,0,0,128,0,0]-[8,67371329,0,2,131072]
[0,0,0,67108864,0,0,0,0,0,0,0,0,0,0,0,262144]-[2415919104,1,2097152,0,0]
[0,0,1024,0,0,0,0,0,0,0,0,0,2,128,0,0]-[268435456,0,2097152,268500992,2097152]
[0,0,67108864,0,0,0,0,0,0,1048576,0,0,0,128,0,0]-[1,268569600,3221225504,18,128]
[0,0,0,0,0,0,0,0,0,4194304,0,0,0,0,33554432,0]-[1048608,0,671612928,2097152,0]
[0,0,0,67108864,0,0,0,0,2,0,0,0,0,128,0,0]-[512,0,131072,64,2097152]
[0,0,67108864,0,0,0,0,0,1048576,0,4096,32,0,0,0,0]-[8388672,2147484672,69632,0,2097154]
[0,0,0,0,0,0,0,0,4096,0,4096,0,0,0,0,256]-[786432,4194336,0,0,0]
[0,0,67108864,16,0,0,0,0,268435456,0,0,0,0,0,0,0]-[16384,128,0,268435456,262144]
[0,0,0,0,2,256,0,0,0,0,0,0,16384,0,0,0]-[67108864,0,17,134217728,0]
[2147483648,0,67108864,0,16777216,0,0,0,0,0,0,0,0,0,0,0]-[0,603979776,16,0,16]
[0,0,0,0,0,0,0,0,1179648,0,0,0,0,0,33554432,0]-[0,0,264192,36864,0]
[1073741824,0,67108864,0,0,0,0,131072,0,0,0,0,0,0,0,0]-[0,262144,2097152,65536,16384]
[65536,0,0,0,0,0,0,16,0,1,0,0,0,0,0,0]-[2147483648,68157440,32768,0,0]
[0,0,67108864,0,0,2147483648,0,0,0,0,0,0,0,536870912,0,0]-[0,4,66048,0,131072]
[128,0,0,0,0,0,0,0,1048576,0,4096,0,0,128,0,0]-[280576,262400,8388608,128,0]
[0,0,0,0,0,0,0,0,0,0,4096,268435488,0,0,0,0]-[8389120,0,20480,0,0]
[0,0,67108864,0,0,32832,0,0,0,0,0,32,0,0,0,0]-[2,0,0,524288,130]
[0,0,0,0,0,0,4,0,0,0,0,0,0,0,0,1]-[0,138412032,0,131072,2]
[0,0,0,0,0,0,0,134217728,0,0,0,0,1048576,0,0,0]-[0,1064960,0,65536,64]
[8388608,0,0,0,0,0,0,0,1048576,0,0,1073741824,0,0,0,0]-[0,1107312640,8388608,2,0]
[0,0,0,0,33554432,0,0,0,0,0,0,0,0,536870912,0,0]-[0,0,65536,1073742096,0]
[0,0,0,0,0,0,0,67108864,0,0,4096,0,0,0,0,0]-[0,262144,167772161,0,0]
[0,0,0,0,0,33554432,8,0,0,0,0,0,0,0,0,0]-[0,524544,32768,0,524288]
[0,0,0,0,0,0,512,16,0,0,0,0,1048576,0,0,0]-[0,8,2097152,16384,1048576]
[0,0,0,0,0,64,0,1,1048576,0,0,0,32768,0,0,0]-[2147516416,0,8320,0,0]
[536870912,0,67108864,0,67108864,0,0,0,1048576,0,0,0,0,0,0,0]-[0,66048,33554432,1,0]
[0,0,0,0,0,0,0,16,0,0,4096,0,0,536870912,0,0]-[1073807360,142876672,16777216,32,0]
[0,0,0,0,0,256,0,0,8,0,4096,8192,0,0,0,0]-[65792,0,69632,0,0]
[0,0,524288,0,0,0,0,0,0,0,256,0,0,0,0,0]-[266240,2,512,0,0]
[0,0,0,128,0,0,0,0,0,0,0,0,0,8,0,0]-[65544,2048,0,131072,0]
[0,0,67108864,0,0,2147483648,0,0,0,0,64,0,0,0,0,0]-[96,536870912,0,0,2]
[0,0,67108864,0,33554432,0,0,0,33554432,0,0,0,0,0,0,0]-[8,536870912,512,0,2097152]
[0,0,0,0,0,0,0,0,1048576,0,0,0,0,536871040,524288,0]-[278532,0,128,0,131072]
[0,0,0,0,0,0,0,0,1048576,0,0,0,1048576,134217728,0,0]-[393216,0,0,1048576,8192]
[0,0,67108864,0,0,256,0,0,0,2097152,0,0,0,0,0,0]-[64,8192,0,4,1024]
[0,0,0,0,0,8192,0,16,0,0,0,0,1,0,0,0]-[2048,64,0,139264,0]
[0,0,0,0,0,0,0,0,135266304,0,0,0,1048576,0,0,0]-[285673668,75498159,1669597257,1358979552,1720769]
[0,8,67108864,256,0,0,0,0,0,0,0,0,0,0,0,0]-[67110920,0,2048,0,0]
[0,0,0,0,0,0,0,0,0,0,67108864,0,0,128,100663296,0]-[268435456,0,131073,0,4]
[0,0,67108864,0,0,0,0,0,33554432,0,0,0,0,131072,0,0]-[65568,2116,1118208,6,192]
[0,0,67108864,0,0,256,0,0,16777216,0,0,0,0,0,16,0]-[524288,16777216,512,64,0]
[128,0,0,0,32,0,0,0,0,0,4096,0,0,0,0,0]-[512,0,0,163840,32]
[0,0,0,2147483648,0,0,64,0,0,0,0,0,0,0,0,0]-[65536,134217728,268435456,1073741824,0]
[0,0,0,0,0,0,0,0,1048576,0,8388608,0,0,0,0,0]-[17039360,1073807376,262144,96,131076]
[0,0,0,0,0,0,0,0,33554432,0,0,1073741824,0,0,0,0]-[2147483648,0,0,536871040,65536]
[0,0,0,2048,0,256,0,0,1048576,0,0,0,0,128,0,0]-[0,0,1073741824,402653184,8192]
[128,0,83886080,0,0,0,0,0,1048576,0,0,0,0,0,0,0]-[2048,262144,0,2147483648,64]
[128,0,0,0,0,0,0,16,0,0,0,0,0,131200,0,0]-[16384,0,163840,32,0]
[0,0,0,0,0,16,0,0,1048576,262144,0,0,1048576,0,0,0]-[256,1073741824,8388616,0,0]
[0,0,0,0,67108864,0,0,0,4,0,4096,0,0,0,0,0]-[256,16,268435456,256,0]
[128,0,67108864,0,0,0,0,16777216,0,0,4096,0,0,0,0,0]-[8388608,131088,0,0,2097152]
[0,16,0,0,0,0,0,0,0,0,0,0,1048576,0,0,0]-[2156008640,33619970,243531776,203554832,24578]
[128,0,67108864,0,0,0,0,0,0,0,0,0,0,0,16,0]-[67108864,256,0,32770,0]
[0,0,67108992,0,0,256,0,0,0,0,0,0,0,0,0,0]-[524296,32,512,32770,16512]
[0,0,67108864,0,0,0,0,0,0,0,67108864,0,0,536870912,0,0]-[4,0,66048,16,0]
[0,134217728,67108864,0,0,0,0,0,0,0,4096,0,0,0,0,0]-[589824,0,268435456,1024,0]
[0,0,0,0,2147483648,0,0,16,0,0,0,0,0,0,0,0]-[537133120,8232,19005444,134234112,3145728]
[0,0,0,32,0,8192,0,0,0,0,0,0,0,128,0,0]-[33554432,0,10747904,0,0]
[0,0,83886080,0,67108864,0,0,0,0,0,0,0,262144,0,0,0]-[0,2048,33587200,0,1048576]
[0,0,0,0,0,0,0,0,0,0,0,0,0,805306368,0,0]-[0,512,2048,134217728,8]
[0,0,67108864,0,0,0,0,16,1048576,0,0,0,1048576,0,0,0]-[2155905024,285278773,2048,2334134769,1048592]
[0,2097152,0,0,0,0,0,0,0,0,0,0,0,128,0,0]-[335568896,2147485713,155650,6274,40996]
[0,0,2,0,0,64,0,0,0,0,0,0,0,536870912,0,0]-[16,1073741824,1024,0,64]
[0,0,67108864,0,268435456,0,0,16,0,0,0,0,0,0,0,0]-[0,0,1048576,4352,1]
[0,0,67108864,0,0,0,0,528,0,0,0,0,0,0,0,0]-[75499520,0,32,0,0]
[0,8192,0,0,0,0,0,0,0,0,0,0,1310720,0,0,0]-[0,49152,0,67108864,65536]
[0,0,67108864,0,0,64,0,0,0,0,0,32,0,0,0,0]-[2147582018,2415919632,596000,2148016144,210]
[128,0,0,0,0,0,0,0,0,0,0,0,256,0,0,0]-[143851520,268717056,2214633482,1090977912,4128]
[0,0,0,0,1048576,256,0,0,0,0,0,0,0,128,0,0]-[512,0,4,0,139264]
[0,0,0,0,0,0,0,0,0,0,8,8388608,0,0,0,0]-[147456,8192,4096,0,0]
[0,0,67108864,131072,0,0,0,4194304,1048576,0,0,0,0,128,0,0]-[0,0,524288,130,1024]
[0,0,0,0,0,262144,0,0,0,0,4096,0,0,0,0,0]-[768,0,1207959552,49280,0]
[0,0,67108864,0,0,0,0,0,0,0,0,32,3145728,0,0,0]-[0,512,33554432,1048576,32768]
[0,0,0,0,0,0,0,0,0,0,262144,0,0,67108864,0,0]-[0,8388612,0,8388608,512]
[0,0,67108864,0,0,256,0,1048592,0,0,0,0,0,0,0,0]-[0,2048,0,65,16384]
[0,0,67108864,0,0,256,0,0,0,0,4096,0,1048576,0,536870912,0]-[0,32776,0,65536,128]
[128,0,0,0,0,64,0,0,0,0,0,0,0,128,0,0]-[512,256,8192,0,4]
[0,0,0,0,0,0,0,0,16777216,0,0,0,1048576,128,0,0]-[33555456,285213729,262144,6692,8420]
[0,0,0,0,0,8192,0,0,0,0,0,0,0,0,0,65536]-[0,0,2048,131074,4]
[32,0,0,0,0,0,0,0,0,0,0,0,1048576,0,0,0]-[16777344,0,4096,0,16384]
[0,0,0,0,0,0,536870912,0,134217728,0,0,0,0,0,0,0]-[65536,0,2097152,0,1032]
[0,0,0,0,0,0,0,0,0,0,4096,0,16384,0,0,0]-[70208,536871253,17,67127808,65570]
[0,268435456,0,0,0,0,0,0,8192,0,0,0,0,0,0,0]-[536870912,16,512,268435456,0]
[32768,0,0,0,0,0,0,8,1048576,0,0,0,0,0,0,0]-[0,0,128,8194,4]
[0,0,0,0,0,64,0,0,0,0,16384,0,0,128,0,0]-[16,2048,160,0,0]
[64,0,0,0,0,67108864,0,0,0,0,0,0,0,0,0,0]-[4194305,704643072,262272,0,4096]
[0,0,0,0,0,0,0,16,1048576,0,0,0,16,0,0,0]-[8389632,3,0,0,0]
[0,0,67108864,0,0,8192,0,0,134217728,0,0,0,0,0,0,0]-[2183137294,2147588416,2655256,4112,2432]
[0,0,0,0,0,64,0,0,0,0,2147483648,0,0,0,0,0]-[8192,128,8388736,0,0]
[0,0,1024,2147483648,0,0,0,0,0,0,0,0,0,0,0,0]-[134217730,2097152,8388608,0,0]
[0,0,128,0,67108864,8192,0,0,0,0,0,0,0,0,0,0]-[8,8192,262144,0,4096]
[0,0,0,0,0,0,131072,0,0,0,4096,524288,0,0,0,0]-[512,33554436,0,4096,0]
[128,0,0,0,0,536870912,0,0,0,0,0,0,0,8,0,0]-[134217728,0,16384,1073872896,0]
[0,0,67108864,0,0,0,0,1048576,8388608,0,0,0,0,0,0,0]-[0,0,65552,33562624,0]
[1024,0,67108864,0,0,0,0,0,0,0,0,0,0,0,8,0]-[4096,16,0,2105344,0]
[0,0,0,0,0,0,0,8388608,0,0,4096,0,1048576,0,0,131072]-[0,67108865,33554432,0,32]
[0,0,2,0,0,0,0,16,0,0,0,32,0,0,0,0]-[2147483712,0,0,0,1048608]
[0,0,0,0,0,0,0,0,0,0,4096,0,0,128,33554432,0]-[1048580,17041408,2148024324,77594656,0]
[0,0,0,0,0,0,0,0,0,0,4096,0,1048576,131200,0,0]-[16384,16777216,0,67108864,32]
[0,256,67108864,0,0,256,0,0,0,0,33554432,0,0,0,0,0]-[2097153,0,0,64,16384]
[0,0,0,0,0,64,0,0,1048576,0,4096,0,0,0,0,0]-[2147827712,1648361472,8913056,2147490048,4]
[0,128,0,0,0,0,0,0,0,0,0,0,8,0,0,0]-[33554440,131590,3,1611661314,0]
[0,0,67108864,0,0,0,0,0,134217736,0,0,0,0,0,0,0]-[64,8,0,32,1024]
[0,0,0,0,0,0,0,0,0,4,0,0,0,0,0,4]-[0,0,2048,1073774592,2097152]
[0,0,2147483648,0,0,0,0,0,1048576,0,0,0,0,0,0,0]-[131073,545325616,536903681,33562624,4]
[32,33554432,0,0,0,0,0,0,0,0,0,0,0,0,0,0]-[64,1073741824,4096,0,1]
[16777216,0,0,0,0,0,8192,16,0,0,0,0,0,0,0,0]-[2147483648,0,512,0,48]
[0,0,0,0,0,2,8192,0,0,0,0,0,0,0,0,0]-[8192,0,536870912,67584,16]
[0,0,0,0,0,0,0,0,0,0,4096,0,0,0,33619968,0]-[0,33554432,4096,132096,0]
[0,0,0,0,0,0,0,0,0,0,4112,0,0,0,0,0]-[16781314,2155874320,16777216,272760832,32]
[0,0,67108864,0,16384,64,0,0,0,0,0,0,0,128,0,0]-[8,32,2147483648,4,0]
[0,0,0,0,0,0,0,0,1048576,0,32768,0,0,0,0,0]-[131328,1074790400,8,2101248,4]
[0,0,0,1,0,0,0,0,0,0,4096,0,0,2048,0,0]-[0,131328,0,268435456,4096]
[0,0,1073742848,0,0,8192,32,16,0,0,0,0,0,0,0,0]-[32768,0,0,268435456,262145]
[0,0,0,0,0,33554432,1024,0,0,0,0,0,262144,0,0,0]-[0,1048576,2,1024,524288]
[0,0,0,0,4,0,0,0,0,0,0,524288,0,0,0,0]-[0,2147483648,0,67371008,16]
[0,0,0,0,67108864,0,0,0,0,0,0,0,268435456,0,0,0]-[1073741824,65536,2,6291472,0]
[0,0,67108864,0,0,1073741824,0,0,0,0,0,0,32768,0,0,0]-[0,536903688,0,2147483648,0]
[0,33554432,67108864,0,67108864,0,0,0,0,2097152,16777216,0,0,0,0,0]-[32,262144,0,16,524288]
[0,0,0,0,0,0,536870912,0,1024,0,0,0,0,0,0,0]-[0,10485760,524288,67108864,0]
[16777216,128,67108864,0,0,0,0,0,0,0,0,0,0,0,0,0]-[151060480,0,268435456,0,0]
[0,0,67108864,0,0,0,0,0,1048576,1,0,0,1048576,0,0,0]-[2097152,0,2056,385,192]
[0,0,83886080,0,0,0,0,0,0,0,0,0,0,0,33554432,0]-[0,536872960,0,4194304,2048]
[0,0,67108864,0,0,0,0,0,0,0,0,0,262144,0,1073741824,0]-[4096,2147483648,1028,0,0]
[0,0,0,0,16384,0,0,0,0,0,0,0,1048576,0,0,0]-[65536,72,262178,0,2097154]
[16384,0,67108864,0,0,0,0,0,0,0,0,0,0,128,0,0]-[1,1024,0,64,196608]
[0,0,0,0,0,0,512,0,1048576,1024,0,0,0,0,0,0]-[0,0,0,1073774848,8192]
[0,0,0,0,0,0,0,0,1048576,0,0,32,0,0,4,0]-[16777216,1073741824,16,0,524288]
[0,0,0,0,0,0,0,0,0,0,0,2147483680,0,128,0,0]-[0,268435456,16384,134219776,0]
[0,0,0,0,0,0,0,0,1048576,128,0,0,262144,128,0,0]-[131076,0,0,192,0]
[0,0,0,0,2048,256,0,0,0,0,0,0,0,0,0,0]-[65536,0,8519680,0,1024]
[0,0,0,0,0,0,0,0,0,33554432,0,0,0,524288,0,0]-[0,524800,4,134217728,0]
[0,0,0,0,0,2147483648,0,16,0,0,0,0,0,0,0,0]-[9455616,4,135404050,67108864,24576]
[128,0,67108864,0,0,64,0,0,1048576,0,0,0,1048576,0,0,0]-[0,0,8,8193,4]
[0,0,0,0,0,256,0,0,1048576,0,0,0,1048584,0,0,0]-[0,65536,0,67109120,64]
[0,0,67108864,0,0,0,0,0,1048576,0,0,0,1048584,128,0,0]-[0,0,8192,16,1152]
[0,0,67108864,0,2048,0,0,0,0,0,0,0,0,128,0,0]-[0,32,32768,0,32772]
[0,0,0,0,0,0,67108864,16,0,0,0,0,0,128,0,0]-[0,32,1048576,67108896,0]
[0,0,67108864,0,0,0,16384,0,0,0,0,0,0,0,0,8]-[33554432,0,0,2883584,0]
[0,0,0,0,0,0,0,16,0,0,0,0,0,144,0,0]-[0,0,2684354560,64,8192]
[0,128,0,0,0,0,0,8,0,0,4096,0,0,0,0,0]-[4608,262144,0,262144,0]
[0,0,0,0,0,0,0,0,0,0,67108880,0,1048576,0,0,0]-[0,2048,262144,134217728,8]
[0,0,0,0,256,0,1,0,0,0,0,0,0,0,0,0]-[4096,4,0,2048,524288]
[0,0,67108864,4,0,0,0,0,0,0,0,0,262144,0,0,0]-[0,17408,2147485696,34603008,66]
[0,131072,0,0,0,0,2,0,16777216,0,0,0,0,0,0,0]-[0,32,2,8,4096]
[128,0,67108864,1073741824,0,0,0,0,0,0,0,0,0,0,0,0]-[67110912,0,33554440,0,0]
[0,0,0,32,0,0,256,0,0,0,0,0,0,0,0,0]-[268435456,524288,128,256,0]
[128,0,67108864,0,0,0,0,0,0,0,16777216,0,0,0,0,0]-[100663296,0,0,1048578,0]
[0,0,0,0,0,0,0,0,0,0,0,0,33554432,0,524288,0]-[67108864,4096,0,33554432,8192]
[0,0,0,0,0,0,0,0,0,0,0,32,4194304,0,0,0]-[2147483656,2147484160,64,1048576,32768]
[0,0,0,0,0,0,0,0,16777216,0,0,65536,0,128,0,0]-[0,0,131073,262656,0]
[0,0,67108864,0,0,0,0,0,2097152,0,131072,0,1048576,0,0,0]-[2,0,0,33554452,0]
[524288,0,67108864,0,0,0,0,0,0,0,0,0,0,0,0,0]-[2162163716,369150997,2517115396,2147496481,2231362]
[0,0,0,0,0,32,0,0,134217728,0,0,0,0,0,0,0]-[81920,1048587,2,285212944,540800]
[0,128,67108864,0,0,0,0,0,0,4096,0,0,0,0,0,0]-[4096,0,35651584,8192,0]
[128,0,0,0,0,0,0,0,1048576,0,0,0,8,0,0,0]-[33554432,268435456,536870920,3222274050,272]
[0,0,67108872,0,0,0,0,8,0,0,0,0,0,0,0,0]-[262656,134217728,0,0,262144]
[0,0,0,0,0,0,0,0,1048576,0,4096,1048576,1048576,0,0,0]-[1,4,1,4194304,0]
[0,0,0,0,0,0,0,0,134217728,0,0,8192,0,0,0,0]-[16990216,2361344,33554432,1073741824,0]
[0,0,67108864,0,0,0,0,8,0,0,0,0,0,8192,0,0]-[4100,262144,0,4,0]
[0,0,100663296,0,134217728,0,0,0,0,0,0,0,8,0,0,0]-[0,67108864,65536,17,0]
[0,0,67108864,0,0,0,0,0,512,0,0,0,0,128,0,0]-[12,805309441,2147483648,132,1088]
[0,0,0,0,0,0,0,0,0,0,0,0,1048576,32768,0,0]-[32768,73736,262144,1073741858,72]
[0,0,67108864,0,32768,0,524288,0,0,0,0,0,0,0,0,0]-[67108864,65536,8704,0,0]
[0,0,8,0,0,0,0,0,134217728,8388608,0,0,0,0,0,0]-[16384,3,0,0,2048]
[0,0,0,16777232,0,0,0,0,0,0,0,0,0,0,0,0]-[1024,16384,524288,0,1024]
[0,0,0,0,0,0,0,131072,0,0,0,0,0,128,0,0]-[0,256,0,528,32]
[0,0,0,0,0,0,0,0,1048576,4,8192,0,0,0,4,0]-[16777216,0,0,671089664,0]
[0,0,67108864,0,0,0,0,4194304,0,1024,0,0,0,0,0,0]-[0,8,8,262144,16384]
[0,0,0,0,524288,0,0,0,0,0,0,0,0,0,262144,0]-[20971552,0,2,0,0]
[8388608,0,0,0,0,0,0,0,0,0,0,0,0,0,512,0]-[83886080,8388608,0,0,1048576]
[0,0,0,0,2097152,8192,0,0,0,0,0,0,0,0,0,0]-[8192,524288,0,0,1536]
[0,0,0,0,0,0,0,0,0,0,4096,0,1048576,0,0,4096]-[16384,12,0,8,0]
[0,512,0,0,0,0,0,0,1048576,0,0,0,0,0,0,0]-[262144,268436004,8912896,537396224,1040]
[0,2,0,0,0,0,0,0,0,0,0,0,0,2,0,0]-[0,2,81920,16,0]
[0,0,0,0,0,0,0,0,0,32768,4096,0,262144,0,0,0]-[8458240,0,8388608,0,0]
[0,0,67108864,0,0,0,0,0,0,0,512,0,0,128,0,0]-[7,0,6144,138478592,2097152]
[0,0,0,0,0,0,0,512,0,0,0,0,0,524288,0,0]-[0,0,32,2048,16388]
[0,0,67108864,0,0,0,0,0,0,268435456,4096,0,0,0,0,0]-[142606340,4653056,33558528,272,16384]
[0,0,0,0,0,0,64,0,1048576,0,0,0,0,0,0,131072]-[0,128,33554560,4194304,0]
[0,0,0,0,0,0,0,16,0,0,67108864,0,0,0,0,0]-[2147500048,8915456,2149617666,234881121,2109569]
[0,16777216,0,0,0,256,0,1,0,0,0,0,0,0,0,0]-[0,0,1024,65536,262272]
[0,0,0,0,0,0,0,0,0,2147483648,0,0,0,0,67108864,0]-[536870912,2048,524288,256,0]
[0,0,0,0,0,0,64,0,0,0,0,0,0,0,32,0]-[32,536871168,0,1627521024,4096]
[0,0,0,0,0,256,134217728,0,0,0,0,0,0,0,0,0]-[67108864,65536,142606336,0,0]
[0,0,0,0,0,0,0,0,0,134217728,16,0,0,0,0,0]-[67110912,2,2147483648,0,0]
[0,0,67108864,0,0,0,134217728,0,0,0,0,0,0,128,0,0]-[2049,0,1048576,2097152,0]
[0,0,0,0,0,0,0,0,134217728,134217728,0,0,0,0,0,0]-[134217760,0,536872008,16777216,1024]
[0,0,0,0,0,256,0,0,0,0,512,0,0,0,0,0]-[0,4096,276824128,262148,1088]
[1073741824,0,0,0,0,0,0,0,0,0,0,0,64,1048576,0,0]-[8192,536870912,2,0,32]
[0,0,67108864,0,0,0,0,0,1048576,0,0,0,2,0,0,0]-[16842753,262144,4726816,4386,0]
[0,0,4,0,0,0,0,0,0,0,0,0,0,128,0,0]-[33792,8391712,8396930,1208221700,2891904]
[0,0,67108864,0,0,262144,0,0,17825792,0,0,0,0,0,0,0]-[2147483648,0,0,33554976,0]
[0,0,67108864,0,0,0,0,0,0,0,2048,0,1073741824,0,0,0]-[33554432,4,0,2147745792,0]
[0,0,0,0,0,0,8,0,0,0,4096,0,0,0,0,0]-[257,33685512,129,65664,16384]
[128,0,0,0,0,0,0,0,0,0,0,0,1048576,0,0,131072]-[4194304,1024,536870912,268435456,0]
[0,33554432,0,0,67108864,8192,0,0,0,0,0,0,0,0,0,0]-[134217728,1073741824,4100,0,0]
[0,0,0,0,0,0,0,0,1056768,0,0,0,0,0,0,0]-[36766104,5325444,587737260,3355444450,143361]
[0,0,0,32,2048,0,0,0,0,0,0,0,0,0,0,0]-[2147484672,0,16,65536,0]
[0,0,0,0,0,0,0,8388608,1048576,0,0,0,0,0,0,0]-[3221661697,1075331648,524288,1141379424,524288]
[0,0,67108864,0,0,0,0,33554432,0,0,0,0,0,128,0,0]-[64,603979776,2147483684,2162834,0]
[67108864,0,0,0,67108864,0,0,0,0,0,0,0,0,0,0,0]-[0,8,67108864,32,4096]
[0,0,0,0,0,256,0,33554432,0,0,0,0,0,0,0,0]-[16,4096,65536,0,1]
[0,0,0,0,0,256,0,16,0,0,0,0,262144,0,0,0]-[16400,6144,555745536,2113984,262144]
[0,128,0,0,0,0,0,0,135266304,0,4096,0,0,0,0,0]-[65536,0,0,268435712,128]
[0,0,0,0,0,16384,0,1073741824,0,0,0,0,0,0,0,0]-[0,1048576,524800,8192,0]
[128,0,0,0,0,0,0,0,2048,0,0,0,1048576,0,0,0]-[0,1024,8388608,8256,0]
[0,0,0,0,0,256,0,0,0,0,0,0,1048576,0,0,524288]-[131072,4096,16,4,0]
[256,0,0,0,0,0,0,0,16777216,0,0,0,0,0,0,0]-[0,16777728,128,0,128]
[0,0,0,512,262144,0,0,0,0,0,0,0,0,0,0,0]-[0,4194312,262144,2048,0]
[0,0,67108864,0,0,0,32768,0,0,0,0,0,1048576,0,0,0]-[0,133120,67117056,2164261189,133124]
[0,0,0,0,0,0,0,16,0,0,0,33554432,0,0,32,8192]-[0,8,134250496,16,0]
[0,0,0,0,0,0,0,0,0,2147483648,0,0,0,1073741824,0,0]-[67108928,1073741824,0,131072,0]
[0,128,0,0,0,0,0,0,0,0,0,0,1073741824,0,0,0]-[0,4,32769,131072,0]
[0,0,67108864,0,0,8192,0,8,0,0,0,0,0,128,0,0]-[0,0,1073741824,4,65600]
[0,0,0,0,0,16384,0,0,0,2,0,0,0,0,0,0]-[512,0,536871168,16777216,0]
[268435584,0,67108864,0,0,0,0,0,1048576,0,0,0,0,536870912,8,0]-[0,0,0,2147483664,524352]
[65536,0,67108864,0,0,0,0,1073741824,0,0,0,0,0,0,0,0]-[0,270532608,1024,65536,0]
[0,0,67108864,0,0,1,0,0,0,0,4096,0,0,0,0,0]-[64,256,0,66560,0]
[0,0,0,256,0,0,0,0,1048576,0,0,0,0,0,0,0]-[59091216,541718,33557632,5772625,2170880]
[0,0,67108864,0,0,0,0,16,4,0,0,0,0,0,0,0]-[4194304,16777216,1073741824,16785408,0]
[0,0,0,0,0,0,0,0,1048576,268435456,0,0,0,128,0,0]-[311440,268435456,1073741824,1073741824,131072]
[0,0,0,0,0,0,0,0,0,0,0,0,0,129,0,0]-[2128,64,2121728,67110912,8192]
[0,0,0,0,0,0,0,0,0,0,0,0,10,0,0,0]-[0,0,35651584,536870912,2097152]
[0,0,0,4096,0,8192,0,0,0,0,0,0,0,0,0,0]-[4194304,0,786432,262144,0]
[0,67108864,67108864,0,0,0,0,0,0,0,4096,0,0,0,0,0]-[0,256,268435456,4,128]
[0,0,0,0,0,0,0,16,1048576,0,0,262144,0,0,0,0]-[0,1048576,0,33554432,129]
[0,0,0,0,0,33554432,0,0,0,8,0,0,0,0,0,0]-[65536,268435456,0,8388608,1]
[256,0,67108864,0,0,0,0,0,0,0,0,0,1048576,0,0,0]-[0,0,2097152,1048592,32768]
[0,512,0,0,0,4096,0,0,1048576,0,0,0,0,0,0,0]-[0,16384,0,536871936,16]
[0,0,67108864,16777216,32,0,0,0,0,0,0,0,0,0,0,0]-[2147483648,0,2147483648,516,0]
[0,0,0,8192,0,0,0,0,1048576,0,0,0,0,0,0,0]-[2097153,33620128,20971536,67151552,532480]
[256,33554432,67108864,0,0,0,0,0,0,0,0,0,0,0,0,0]-[40,0,0,262160,0]
[0,0,67108864,0,0,64,0,0,0,2147483648,0,0,0,128,0,0]-[65,2112,0,64,1115136]
[0,0,0,0,67108864,32768,0,0,0,0,0,0,1048576,128,0,0]-[1048576,32,0,0,8224]
[0,0,67108864,131072,0,0,0,0,0,0,0,0,262144,0,0,0]-[524288,50176,33554432,2097152,1024]
[0,16777216,67108864,0,0,0,0,0,0,0,0,0,0,0,33554432,0]-[0,262656,20480,0,0]
[0,0,67108865,0,67108864,0,0,0,0,0,0,0,0,0,0,0]-[0,16,12288,512,0]
[1024,0,0,0,0,0,536870912,0,0,0,0,0,0,0,0,0]-[128,2,1048576,16,0]
[0,0,0,0,0,0,8192,0,0,0,0,0,1048576,0,33554432,0]-[268435456,16384,1,4,0]
[256,0,0,0,0,0,0,0,0,0,1048576,0,0,128,0,0]-[0,0,16384,0,8324]
[0,0,0,0,0,0,0,0,0,0,128,0,0,0,268435456,0]-[536870912,262144,524288,67108864,1024]
[0,128,0,0,0,0,0,0,0,0,0,0,1,0,0,0]-[524288,0,16777217,16384,0]
[0,0,67108864,0,0,0,131072,16,0,0,0,0,0,0,0,0]-[8388608,4210689,0,0,0]
[0,0,0,0,0,0,0,65536,0,0,0,0,0,128,0,0]-[34897940,605028608,1084391428,1149305584,98496]
[0,0,0,0,0,8192,0,0,0,0,262144,0,0,0,0,0]-[25165842,25165826,146837504,536870928,2051]
[0,131072,67108864,0,0,0,0,0,0,0,4096,0,1048576,128,0,0]-[0,32,0,12,128]
[0,0,0,0,0,0,32768,4,1073741824,0,0,0,0,0,0,0]-[0,0,0,16908294,0]
[0,32768,0,0,0,64,0,0,1048576,0,0,0,0,0,0,0]-[128,0,8192,1,4]
[0,0,0,0,0,33554432,0,1073741824,0,0,0,0,0,0,0,0]-[2097216,0,0,2,8]
[0,0,67108864,32768,32,0,0,0,0,0,4096,0,0,0,0,0]-[0,2214592768,1073741824,0,0]
[0,1024,0,0,0,8192,0,0,0,0,0,0,1048576,0,0,0]-[2,4096,0,65536,8]
[0,0,0,0,0,1,0,0,1048576,0,0,0,0,128,0,0]-[16400,0,1,48,131076]
[0,0,0,0,0,0,8192,1,0,0,0,16777216,0,128,0,0]-[268435456,0,524289,4,0]
[0,0,0,0,0,4,0,0,0,0,0,0,0,65536,0,0]-[536870912,0,33554496,262144,0]
[0,0,0,0,0,0,0,0,0,2147483648,0,0,1048576,0,0,0]-[194,2048,1,16908288,1216]
[0,0,4096,0,0,0,64,0,0,0,0,0,0,0,0,0]-[2097152,8,128,536870912,0]
[0,0,67108864,0,0,256,0,0,0,0,0,0,268435456,128,0,0]-[0,268502016,4,0,0]
[0,0,0,0,0,0,0,0,0,0,0,0,8,0,33554432,0]-[4456464,352322052,19399168,135136272,524554]
[0,0,0,0,0,0,0,0,0,0,0,262144,1048576,128,0,0]-[1048577,16777216,0,4,0]
[0,0,0,0,0,0,0,0,0,0,0,0,1048576,0,4194304,0]-[33554432,10486784,536873024,2048,25096]
[8388608,0,0,16777216,0,0,0,0,0,0,0,0,0,0,0,0]-[0,1073758208,268435458,0,0]
[0,0,0,0,67108864,0,0,0,0,0,0,0,0,33554432,0,0]-[0,0,67108864,1073741824,8224]
[268435456,0,83886080,0,0,0,0,0,0,1073741824,0,0,0,0,0,0]-[0,33816576,1024,2147483648,0]
[0,0,0,0,0,64,0,0,0,0,0,0,0,0,8,0]-[268435456,0,2048,1,2]
[0,2097152,0,0,0,0,0,8,0,0,0,0,0,0,0,0]-[268435456,6144,0,128,4]
[0,0,0,0,0,0,64,0,0,0,0,0,134217728,0,0,0]-[0,0,1073745920,536870976,4096]
[0,0,16777216,0,0,0,0,0,1048576,0,0,0,0,128,0,0]-[2097152,268697600,295041,1946157120,1057920]
[0,128,0,0,524288,0,0,0,134217728,0,4096,0,0,0,0,0]-[65536,1,8388624,0,0]
[0,0,0,0,0,16777216,64,0,0,0,0,0,0,0,0,0]-[3178496,604766208,1074004112,17301504,5120]
[128,0,67108864,0,0,64,0,0,0,0,0,0,0,536871040,0,0]-[2048,2048,0,64,64]
[0,0,0,0,0,0,33554496,0,0,0,0,0,0,0,0,0]-[65536,4096,0,1073742848,0]
[0,0,0,32,0,0,0,16,0,0,0,0,262144,0,0,0]-[0,67108864,18907136,33554432,8192]
[0,128,0,0,0,0,0,0,0,0,0,0,32,0,0,0]-[4,0,263168,64,0]
[0,0,16777216,0,0,0,0,16,2,0,0,0,0,0,0,0]-[67108864,2,0,524296,0]
[0,0,64,16777216,0,0,0,0,0,0,0,0,0,0,0,0]-[64,0,16777216,516,0]
[1048576,0,0,0,0,0,0,0,134217728,0,0,0,0,0,0,0]-[66048,128,524548,64,128]
[0,0,0,0,0,256,0,0,0,0,0,0,0,536870912,0,0]-[202761328,310523808,329452600,2156190996,139593]
[2147483648,0,0,0,0,0,0,0,0,0,0,0,1048576,0,262144,0]-[256,0,68,0,16]
[0,0,0,0,0,256,0,0,0,4194304,0,0,0,128,0,0]-[0,65536,131072,262144,131072]
[0,0,67108864,0,0,4194304,0,0,0,0,0,0,8,0,0,0]-[524354,0,0,33554816,0]
[0,0,0,0,0,0,0,0,0,0,0,2,262144,0,0,0]-[4198400,0,0,0,12]
[128,0,0,0,0,8192,0,0,0,0,0,536870912,0,0,0,0]-[4194304,0,0,1073774592,32]
[0,0,0,0,0,0,8,16777216,0,0,0,0,0,0,0,0]-[0,0,0,268435464,16896]
[0,0,67108864,0,0,0,0,16,0,0,0,0,8,33554432,0,0]-[67108865,0,0,524296,0]
[0,0,0,0,0,0,8192,0,134217728,0,0,0,0,0,0,0]-[545548313,614072739,554696780,1411862900,51225]
[0,0,0,0,131072,0,0,0,1048576,0,0,0,0,136,0,0]-[0,0,0,67108994,524288]
[0,0,0,0,0,256,0,0,1048576,0,0,0,0,524416,0,0]-[262144,256,32,2048,0]
[16777216,0,0,16777216,0,0,0,0,0,0,0,0,0,0,0,0]-[0,0,262144,0,262688]
[128,0,67108864,0,0,0,0,0,0,0,33554432,0,0,0,0,0]-[32,536887296,0,0,2097152]
[0,0,0,0,32768,0,64,0,0,0,0,0,0,0,0,0]-[2147485696,655360,0,0,0]
[0,0,67108864,0,65536,0,0,0,0,0,67108864,0,0,0,0,0]-[0,65536,33554432,2147745792,0]
[2097152,0,0,0,0,0,0,0,0,0,0,0,1048576,128,0,0]-[262212,0,1073741858,805306384,262144]
[0,0,0,0,0,256,8192,0,0,0,0,8388608,0,0,0,0]-[0,256,16781376,0,0]
[0,0,0,0,0,0,1,0,0,0,4096,0,0,0,67108864,0]-[262144,0,128,33685504,0]
[0,0,0,0,0,256,8192,0,0,262144,0,0,0,0,0,0]-[196608,0,4,268435456,0]
[128,0,67108864,65536,0,0,0,0,0,0,0,0,1048576,0,0,0]-[64,0,33554432,24,0]
[0,0,67108864,0,0,0,0,0,0,0,0,0,0,128,0,64]-[2,17041408,2097184,134479904,4]
[0,0,0,0,0,256,0,0,0,0,0,0,0,0,0,64]-[16,1024,16777216,2416181248,12288]
[0,0,65536,2048,0,0,0,0,0,0,0,0,0,0,0,0]-[0,2,0,131104,65536]
[0,0,0,0,0,256,0,0,0,0,64,0,0,0,0,0]-[64,0,131104,0,4096]
[128,0,0,0,0,0,0,0,0,0,0,0,0,8192,0,0]-[0,262144,0,147456,16]
[128,0,67108864,0,0,0,0,0,1048576,0,0,0,268435456,0,0,0]-[0,0,8,33554560,4]
[0,0,67108864,0,0,8192,0,0,0,0,0,32,0,0,0,0]-[14,2147489792,32768,32768,0]
[128,0,67108864,0,0,256,0,0,0,0,0,0,67108864,0,0,0]-[0,2048,8192,1,524288]
[128,0,0,0,0,0,0,0,268435456,0,4096,0,0,0,0,0]-[262144,1024,8388608,32768,0]
[0,0,0,0,0,0,536870912,0,0,0,0,32,0,0,0,0]-[0,1048576,268435458,268435456,0]
[0,0,0,0,0,268435456,0,0,1048576,0,0,0,0,0,0,0]-[260,570425344,1073741856,33556754,0]
[0,4,0,0,0,0,0,0,16777216,0,1073741824,0,65536,0,0,0]-[133120,2048,0,0,512]
[0,0,0,0,0,0,0,0,1048576,0,0,0,16384,536871040,0,0]-[262160,0,0,16,524288]
[0,0,67108864,0,0,0,0,0,0,0,64,0,0,128,0,0]-[0,67108864,32,16,64]
[0,0,67108864,0,0,0,1048576,16,0,0,0,0,0,128,0,0]-[64,32,0,134217856,0]
[0,0,67108864,0,0,0,0,0,32768,0,0,0,1048576,0,0,0]-[2097152,0,0,18874624,65536]
[0,0,0,0,0,0,0,0,4194304,0,4096,0,256,0,0,0]-[2048,8,1,2048,0]
[0,0,0,0,0,0,0,0,1048576,0,0,0,131072,0,0,0]-[262144,772014980,1661212705,1611145344,65536]
[0,268435456,0,0,0,0,524288,0,0,128,0,0,0,0,0,0]-[0,0,131592,32768,0]
[128,0,0,0,0,0,0,0,16777216,0,2,0,0,0,0,0]-[0,256,536870912,2,4096]
[0,0,0,0,0,0,0,0,0,128,4096,0,0,0,0,0]-[75517952,134217728,1311232,330240,0]
[0,0,0,0,0,0,0,0,0,8388608,4096,0,0,0,0,0]-[65792,172040,1,67108864,16512]
[0,0,0,0,0,0,0,0,1048576,0,0,2097152,0,0,0,0]-[4390912,17301508,192,2164261888,20]
[0,0,67108864,0,0,0,0,0,134217728,2048,0,0,0,0,0,0]-[33,0,0,1114112,0]
[0,0,0,0,0,0,65536,16,0,0,0,0,0,0,0,0]-[2147516432,524288,131840,2147483648,2064]
[128,0,0,0,0,8192,0,0,0,0,0,0,0,128,0,0]-[33554432,2048,32768,1073741824,32]
[262144,0,0,0,0,0,0,0,0,0,0,0,0,0,512,0]-[65536,0,536870912,2097152,32768]
[0,0,67108864,0,0,0,0,16,0,0,268435456,0,0,0,0,0]-[524288,4096,0,136314880,0]
[0,0,0,0,0,0,16384,0,0,0,4096,0,0,0,0,0]-[2097664,2684354592,17088,268503040,16416]
[0,1073741824,0,0,0,0,0,0,0,0,0,0,1048576,128,0,0]-[0,0,0,67108864,263232]
[0,0,0,1048576,0,0,0,16,134217728,0,0,0,0,0,0,0]-[0,1048576,0,268435456,16385]
[128,0,0,0,0,0,2,0,1048576,0,0,0,0,0,0,0]-[131072,256,0,1,4]
[0,0,0,0,0,0,0,0,0,16384,16,0,0,0,0,0]-[131072,32768,0,1024,4]
[0,0,67108864,0,0,0,0,0,0,4096,0,0,0,0,33554432,0]-[0,67108868,4,134217728,0]
[0,0,0,0,0,0,0,0,134217728,16384,0,0,0,0,0,0]-[72,75759616,8,1073745920,256]
[0,0,0,0,0,8192,0,0,0,0,2147483648,0,0,0,0,0]-[2149580800,0,0,65536,4096]
[0,0,67109888,0,67108864,0,0,0,0,0,0,0,0,128,0,0]-[0,2048,16384,2097152,524288]
[0,2048,67371008,0,0,0,0,0,0,0,0,0,0,0,0,0]-[0,2684354560,1280,0,0]
[0,0,0,0,4194304,256,0,0,134218240,0,0,0,0,0,0,0]-[0,8388608,20,0,1024]
[0,0,0,0,1048576,0,0,0,0,1024,0,0,1048576,0,0,0]-[294912,8,0,0,32]
[67108864,0,67108864,0,0,64,0,0,0,0,0,0,0,0,0,0]-[4194304,536870912,0,256,1]
[0,0,0,0,0,8192,0,0,1048576,0,4096,0,0,0,0,0]-[2686976,2147483648,8388672,128,20608]
[0,0,67108864,2,0,0,0,16,0,0,0,0,0,0,0,0]-[0,0,2147487744,64,128]
[0,0,0,0,0,256,0,0,0,0,4194304,0,262144,0,0,0]-[16,4096,0,67108864,131072]
[0,0,67108864,0,0,0,0,2,0,0,0,0,0,128,0,0]-[72,16777216,0,16,0]
[1073872896,0,0,0,0,0,0,0,0,0,0,0,0,128,0,0]-[64,8650752,0,0,262144]
[0,0,0,0,0,0,0,16,0,0,0,0,1048576,0,0,2048]-[16384,8388616,0,100679680,0]
[0,0,0,0,0,256,0,2,0,0,0,0,0,0,0,0]-[1089,4608,419450900,26624,1]
[0,0,256,0,8388608,0,0,0,0,0,0,0,0,0,0,0]-[1048576,8,0,262400,0]
[0,0,0,0,0,134217732,0,0,0,0,0,0,0,0,0,0]-[256,0,2147483648,50331648,0]
[0,0,67108864,0,0,64,0,0,0,0,262144,0,1048576,0,0,0]-[0,4,65536,65552,0]
[0,0,0,0,0,0,0,0,0,0,0,0,0,128,65536,0]-[268436264,328704,2180,32788,2097248]
[8,0,0,0,0,0,0,0,0,0,0,32768,0,536870912,0,0]-[16,17,131072,0,0]
[0,0,536870912,0,0,0,0,0,16777216,0,0,0,0,0,0,0]-[268435456,0,0,8192,131073]
[0,0,0,0,0,0,1,0,0,0,4096,0,1048576,0,0,0]-[16777216,33554433,134217728,0,8]
[16384,0,67108864,0,0,0,0,8,0,0,0,0,0,0,0,0]-[0,20480,8,0,2048]
[0,0,67109888,0,0,0,0,0,0,0,0,0,262144,0,0,0]-[2097152,14336,0,0,524288]
[0,0,2048,0,0,0,0,0,0,0,0,0,0,128,0,0]-[436471441,1275072832,139274,1075908608,262148]
[0,0,0,0,0,8192,0,0,0,0,0,0,1048576,512,0,0]-[0,4,134479872,0,8]
[0,0,67108864,0,32768,0,0,0,131072,0,0,0,0,0,0,0]-[0,4194336,3072,0,0]
[0,0,67108864,0,0,32,0,16,1048576,0,0,0,0,128,0,0]-[16384,8388608,0,268435456,8192]
[0,0,67108864,0,0,0,0,16,0,0,4096,0,1048576,536870912,0,0]-[0,4,0,0,2113664]
[0,0,1048576,1073741824,0,0,0,0,0,0,0,0,0,128,0,0]-[4,0,1,4,128]
[0,0,67108864,0,0,64,0,0,2,0,0,0,0,0,0,0]-[2,0,8,1,4]
[0,0,0,0,0,0,0,0,0,0,0,0,262144,1048576,0,0]-[8388640,0,4,536870912,0]
[128,0,0,0,0,0,0,0,0,0,0,0,0,536870912,256,0]-[262144,256,1024,0,524288]
[8,0,67108864,0,0,256,0,0,0,0,0,0,0,268435456,0,0]-[0,67108928,256,64,0]
[192,0,0,0,0,0,0,16,0,0,0,0,0,536870912,0,0]-[0,0,0,16417,32]
[128,0,67108864,0,0,64,0,16,1048576,0,0,0,0,0,0,0]-[0,268435456,0,33554448,16]
[0,0,0,0,0,0,0,0,0,0,0,0,1050624,0,0,0]-[2149580800,132226,16777232,1073745932,18432]
[0,0,1073741824,0,0,0,0,524288,0,0,0,0,0,0,0,0]-[2,2048,0,268435456,256]
[0,0,0,134217728,0,8192,0,0,0,0,0,0,0,0,0,0]-[0,536870912,0,8,8193]
[2148532224,0,0,0,0,0,0,0,0,0,0,0,0,0,0,0]-[0,536870920,134225920,0,0]
[0,0,67108864,262144,0,0,0,0,0,0,0,0,0,0,0,0]-[142610466,554002264,2216766768,2172159440,3737733]
[2048,0,16777216,0,0,0,0,0,0,0,0,0,0,0,0,0]-[32,263168,0,268435456,0]
[0,0,16777216,0,0,0,0,16,0,0,0,0,0,0,268435456,0]-[268436480,262144,0,1024,0]
[128,0,67108992,0,0,0,0,0,0,0,0,0,0,0,0,0]-[0,2147483648,2147485696,0,1]
[0,0,0,0,0,0,0,16,0,0,0,536870912,0,0,0,0]-[1048576,1090,32,553648128,0]
[0,0,67108864,0,0,0,0,0,0,0,0,0,1048576,0,2147483648,0]-[18874370,512,0,16777220,1048640]
[0,0,0,0,0,0,0,0,17825792,0,0,0,262144,0,0,0]-[256,1073741824,1,2097152,0]
[0,0,67108864,0,0,0,0,0,134217728,4194304,0,0,0,0,0,0]-[0,32768,534528,0,0]
[536870912,0,1024,0,0,0,0,0,0,0,0,0,1048576,0,0,0]-[1048576,268435488,0,4194304,0]
[0,0,2,0,0,0,0,0,1048576,0,0,0,0,128,0,0]-[128,1073742080,786560,2064,0]
[0,0,67108864,0,0,0,0,8,512,0,0,0,0,0,0,0]-[8,0,272,64,0]
[0,0,0,0,0,0,0,0,1090519040,0,0,0,0,0,0,0]-[8388608,1073741825,0,2097152,0]
[1048576,0,0,0,0,0,0,8,0,0,0,0,0,128,0,0]-[0,17039360,0,4,262144]
[0,0,0,0,0,0,8192,8,0,0,0,0,0,128,0,0]-[311296,0,524288,2359308,0]
[0,0,67371008,0,0,0,0,0,0,0,4096,0,0,0,0,0]-[0,8,268435456,260,0]
[0,0,67108864,0,0,0,0,0,0,0,134217728,0,0,128,0,0]-[2,256,8192,128,0]
[0,0,0,0,0,0,0,524288,0,0,0,8,0,0,0,0]-[0,3221225472,0,268435456,2]
[0,2097152,0,0,0,256,0,0,0,0,0,0,1048576,0,0,0]-[0,33554432,2097168,0,8192]
[0,0,67108864,0,0,0,0,8,0,0,512,0,0,0,0,0]-[1,0,2056,0,2097152]
[16384,0,67108864,0,0,0,0,0,135266304,0,0,0,0,0,0,0]-[2048,0,16,0,524289]
[0,0,0,0,0,256,0,0,0,0,134217728,0,0,0,0,0]-[268443648,268435456,4,0,0]
[0,0,83886080,0,0,256,0,0,0,0,0,0,0,128,0,0]-[8,0,8192,128,524288]
[0,0,0,0,0,0,0,0,0,0,0,0,1,0,33554432,0]-[1048576,71303200,285213700,16384,0]
[0,0,67108864,0,0,0,64,0,1048576,0,0,0,256,0,0,0]-[0,0,1073741824,1081600,0]
[0,0,67108864,0,0,0,0,0,1048576,0,0,0,0,0,0,4096]-[1,536870912,524288,2621440,131344]
[0,0,0,16,0,256,0,0,0,0,0,0,0,128,0,0]-[1,16777216,0,64,262144]
[0,0,0,0,16,0,0,0,16777216,0,0,0,0,0,0,0]-[570426368,8192,131072,2097152,36]
[0,0,0,0,0,0,0,0,0,0,33558528,16777216,16384,0,0,0]-[0,131072,8388608,128,16384]
[128,0,0,0,1048576,0,0,0,0,0,0,0,0,128,0,0]-[1,0,2147483648,67108864,32768]
[0,32,0,0,0,0,0,0,0,0,0,0,0,0,524288,0]-[512,0,33280,262144,0]
[0,0,0,0,0,0,0,0,1050624,0,0,0,0,0,0,0]-[25429256,2181038080,536870936,603990528,1577297]
[0,0,0,0,0,0,64,0,1048576,0,0,0,1048576,0,0,0]-[36028672,1073741828,570425360,7340288,524421]
[0,0,0,0,0,0,0,0,0,134217728,0,32,0,0,0,0]-[65536,268435456,2,134217728,0]
[0,0,0,0,16777216,0,0,0,0,0,0,0,0,0,65536,0]-[8389128,1024,0,0,0]
[0,0,1073741824,0,67108864,0,0,0,0,0,0,0,0,128,0,0]-[0,131072,9437184,4096,0]
[0,0,0,0,0,0,0,0,536870912,0,0,0,0,0,33554432,0]-[32,67108864,536870912,0,2048]
[0,0,0,16384,0,0,0,16,0,0,0,0,0,128,0,0]-[0,268435456,2148663296,0,0]
[0,0,512,0,0,256,0,0,1048576,0,0,0,0,0,0,0]-[0,268500992,64,0,131072]
[0,0,0,0,0,0,0,16,1048576,0,0,0,1048576,128,0,64]-[0,1048608,0,16,8192]
[0,0,1024,0,0,0,0,0,1048576,0,0,0,0,0,67108864,0]-[0,0,4227072,268435456,4]
[0,0,0,0,0,0,0,16,0,0,0,0,0,128,0,0]-[1962733149,1038057323,3921591799,2133612794,3570937]
[0,0,0,0,0,0,0,0,16777216,0,0,0,0,0,0,512]-[2717908992,0,0,2048,4]
[0,8192,67108864,0,0,8192,0,0,0,0,0,0,0,0,0,0]-[4,0,4096,0,16386]
[0,0,67108864,0,0,0,0,0,1048576,0,0,0,262144,268435456,0,0]-[0,536870912,33554432,0,525312]
[0,0,67108864,0,16,0,0,0,0,0,0,0,1048576,0,0,0]-[2,4,0,1048576,65536]
[0,0,0,0,0,0,0,0,0,67108864,0,0,262144,0,0,0]-[1048832,32772,0,0,0]
[0,0,67108864,0,0,0,4096,0,0,0,0,0,8,0,0,0]-[65536,32,4096,8192,0]
[16777216,0,0,0,67108864,0,0,0,0,0,0,0,0,0,0,0]-[134479872,0,268437504,0,0]
[0,0,0,0,0,0,2,0,0,0,0,0,0,0,33554432,0]-[131104,520,8404996,1048576,0]
[128,0,0,0,0,0,256,0,0,0,0,0,0,0,0,0]-[16384,2097216,0,1141964800,262144]
[0,0,0,0,0,0,0,0,0,0,0,0,0,134217856,0,0]-[17028,603980096,262183,75497492,1028]
[0,0,0,0,0,0,0,0,134217728,0,524288,0,0,128,0,0]-[268435472,0,8388608,0,524288]
[0,0,1073741824,0,0,0,0,0,0,0,0,0,262144,0,0,0]-[268435456,67119104,587202818,288,65536]
[0,1024,0,0,0,0,0,0,17825792,0,0,0,0,128,0,0]-[16384,0,262144,128,64]
[0,0,0,0,0,0,0,1073741824,0,0,4096,0,0,0,0,0]-[268963846,2552243228,184631441,201525392,20480]
[0,0,0,0,0,0,0,0,0,0,0,0,32,0,33554432,0]-[134349316,4,16777216,64,0]
[0,0,0,0,0,256,0,0,1048576,0,0,0,4096,128,0,0]-[0,8388608,0,67108864,139264]
[0,0,0,0,0,0,0,0,262144,0,0,0,1024,0,0,0]-[0,16779520,16777216,32772,0]
[0,0,0,0,0,0,0,8,1048576,268435456,0,0,0,0,0,0]-[0,128,128,130,0]
[1024,0,0,0,0,0,8192,0,0,0,0,0,0,0,0,0]-[8192,603979776,0,0,1]
[0,0,0,0,0,0,8192,0,0,64,0,0,0,67108992,16777216,0]-[2,0,8388608,512,2097152]
[0,0,0,0,16,0,0,0,8192,0,0,0,0,128,0,0]-[0,0,0,68,139264]
[0,0,0,0,0,0,0,2097152,1048576,0,0,32,0,0,0,0]-[0,16384,64,2181038080,0]
[0,0,83886080,8388608,0,0,0,1024,0,0,4096,0,0,0,0,0]-[0,268437504,1048576,524288,0]
[0,1,0,0,0,0,0,0,1048576,0,0,0,0,0,0,0]-[16990224,272629760,536871080,1207960064,1029]
[0,0,524288,0,0,0,0,16,1048576,0,0,0,0,128,0,0]-[262144,536870912,262272,0,0]
[0,0,201326592,0,0,0,0,0,1048576,0,0,0,0,0,0,0]-[65536,268435968,2048,2147484162,0]
[0,0,67108864,0,0,0,0,0,0,0,4096,0,1048576,128,33554432,0]-[0,0,0,4608,65664]
[0,2,0,0,4,0,0,0,0,0,0,0,0,0,0,0]-[0,524288,262144,16,524288]
[0,0,0,0,0,0,0,0,150994944,0,0,0,0,0,0,0]-[402729499,604110850,25240656,1216,525769]
[0,0,4,0,0,0,0,0,0,0,2,0,0,0,262144,0]-[0,142606336,0,0,1049088]
[0,0,67108864,2147483648,0,0,4,0,0,0,4096,0,0,0,0,0]-[524288,0,268435456,33816576,0]
[0,0,0,0,0,0,0,0,0,2,4096,0,0,0,0,0]-[131080,786432,1073750336,17235968,32800]
[0,0,0,0,0,4,0,0,0,0,0,0,1048576,0,536870912,0]-[0,33554432,0,2147483664,8]
[0,0,0,0,0,0,0,0,0,1,0,536870912,0,0,0,0]-[0,4194306,0,8192,32]
[0,0,0,0,0,4,0,0,0,0,4096,0,0,0,0,0]-[16777472,84182056,8388672,38011008,32]
[0,0,0,0,0,0,0,32,0,0,0,0,1048576,128,0,0]-[128,0,0,67112960,32768]
[0,0,67125248,0,0,0,0,8192,1048576,0,0,0,0,0,0,0]-[1,66304,0,0,0]
[0,0,0,0,0,0,0,0,16777216,0,0,0,8192,0,0,0]-[1090520064,0,0,2097152,0]
[128,0,0,0,2048,0,0,0,0,0,0,0,0,0,0,0]-[1677721600,32,704512,64,266272]
[0,0,0,1024,0,0,0,0,0,0,0,0,262144,0,0,0]-[4096,256,16384,0,2056]
[0,0,1024,0,0,0,0,0,1048576,0,0,0,1048576,0,0,0]-[2113664,268452352,0,0,1048640]
[0,0,4,0,0,0,0,0,135266304,0,0,0,0,0,0,0]-[0,8388608,0,1073742080,128]
[0,32768,0,0,0,0,16384,0,0,0,0,0,0,0,0,0]-[4210688,536870912,0,1073741824,0]
[0,0,0,0,67108864,0,0,0,0,4096,0,0,0,0,0,0]-[0,67125248,65536,536870912,0]
[0,0,0,0,0,128,0,0,0,0,0,0,0,524416,0,0]-[0,65536,1075839104,0,0]
[0,0,0,0,0,0,0,0,1024,0,1073741824,0,0,0,0,0]-[16,2149580800,2147648528,0,0]
[536870912,0,0,0,0,0,0,0,131072,0,0,0,0,0,0,0]-[0,128,1024,536903680,0]
[0,0,0,0,0,0,32,0,0,0,0,0,0,4096,0,0]-[262148,8192,0,0,262144]
[0,0,0,0,33554432,0,0,16,0,0,0,0,1048576,0,0,0]-[16384,520,0,33554432,0]
[0,0,0,0,0,8388624,0,16,0,0,0,0,0,0,0,0]-[2097160,0,1,0,512]
[0,0,0,0,0,256,0,0,134217728,0,4096,0,0,0,0,0]-[278528,67117120,1,4,20480]
[0,0,67108864,0,0,0,0,0,134217728,0,4096,0,0,128,0,0]-[2112,604309857,1073741828,266276,33920]
[0,0,0,0,2214592512,0,0,16,0,0,0,0,0,536870912,0,0]-[16384,4116,0,0,0]
[0,8,0,0,0,0,0,0,1048576,0,0,0,0,536870912,0,0]-[65536,0,2048,1024,8192]
[4096,0,0,0,0,0,0,0,0,0,4096,0,0,0,0,131072]-[1073741824,536870912,0,131072,32]
[0,4096,0,0,0,8192,0,0,0,0,4096,0,0,0,0,0]-[2097152,8192,0,32768,4096]
[0,0,67108864,536870912,0,0,0,16,1048576,0,0,0,0,0,0,0]-[16777216,0,0,565248,0]
[0,0,67108864,0,0,0,524288,0,0,0,0,0,0,32,0,0]-[2049,0,4096,0,131072]
[0,0,262144,0,0,0,0,16,0,0,0,0,0,0,0,0]-[0,135266304,131072,2147483648,0]
[0,0,0,0,0,0,0,16,0,0,0,0,1048576,131072,0,0]-[16384,512,2097152,0,32]
[0,0,0,262144,0,0,128,0,1048576,0,0,0,0,128,0,0]-[16,0,8224,2048,0]
[0,0,0,0,0,0,0,0,0,1,0,0,0,128,0,0]-[268828704,655360,1443842,538988570,1048768]
[0,0,0,0,0,0,0,544,0,0,0,0,0,0,0,0]-[64,0,0,536870912,16392]
[0,0,0,0,0,0,32768,67108864,1048576,0,0,0,0,0,0,0]-[0,128,8396800,2,0]
[0,0,33554432,0,0,0,0,0,0,0,0,0,67108864,0,0,0]-[262144,16785408,0,1,0]
[0,0,67108864,0,0,0,0,8,0,0,0,0,0,536870912,0,0]-[2,4096,1536,2181038096,2621636]
[0,0,0,0,0,0,0,2,0,0,4096,0,1048576,2048,0,0]-[0,0,0,520,10]
[1048576,0,0,0,0,0,0,0,0,0,0,32,0,0,0,0]-[131072,0,524544,1073741824,0]
[0,0,32,0,0,0,0,8192,0,0,0,0,0,0,0,0]-[0,4,268435456,131104,0]
[0,0,0,0,16777216,0,0,16,0,0,0,0,0,0,0,0]-[0,0,8388864,0,6144]
[0,128,67108864,0,0,256,0,0,1048576,0,0,0,0,0,0,0]-[2048,16400,2048,0,0]
[0,0,0,0,0,0,0,0,1048577,0,0,0,0,0,0,0]-[16811008,134483970,131200,3255304192,0]
[0,0,67108864,0,65536,0,0,0,134217728,0,16777216,0,0,0,0,0]-[67141632,0,0,1048576,131072]
[0,0,0,0,0,8448,0,0,0,0,4096,0,0,2,0,0]-[65536,0,8388672,0,4096]
[0,0,0,0,1048576,64,0,0,0,0,0,0,0,0,0,0]-[8388608,2,16384,0,32768]
[0,0,0,0,0,0,8192,0,0,0,0,32,0,0,0,0]-[302055425,262272,403214624,3661701120,12960]
[1048576,0,0,0,0,256,0,0,0,0,0,0,1048576,128,0,0]-[16384,0,0,65552,128]
[0,16384,67108864,0,0,0,0,0,0,0,0,0,0,0,33554432,0]-[134217728,32,268435456,0,524288]
[0,0,0,0,0,0,0,0,0,0,4096,0,0,32768,33554432,0]-[262144,8192,512,0,2097152]
[0,524288,0,0,0,0,0,0,0,0,0,0,262144,0,0,0]-[524288,17825792,0,2097152,0]
[1073741824,0,67108864,0,0,0,0,0,0,0,0,33554432,0,0,0,0]-[8,0,260,128,0]
[128,0,0,0,0,0,0,0,512,0,0,0,0,0,0,0]-[545259520,131072,2,0,0]
[0,0,0,0,65536,256,0,0,0,0,0,0,0,0,0,0]-[268697600,4096,8388608,0,0]
[0,0,0,0,0,0,0,0,68157440,0,0,32,0,0,0,0]-[2147483648,33554432,0,3221225472,0]
[0,0,67108864,0,0,0,0,16,0,0,0,0,0,0,0,4]-[0,1024,524320,1024,0]
[0,0,0,0,0,256,8192,0,0,0,0,0,1048576,128,0,0]-[262208,0,1,4,8256]
[0,128,0,0,0,8192,0,0,0,0,0,0,0,134217728,0,0]-[0,1179648,16,268435456,0]
[0,0,0,0,0,0,0,0,0,0,0,1024,0,128,0,0]-[68,537919552,524416,947912736,8192]
[33554432,0,0,0,0,0,0,0,0,0,32,0,0,0,0,0]-[0,2048,0,67117064,0]
[0,0,0,0,0,256,0,16,16777216,0,0,0,262144,0,0,0]-[540672,0,536871168,0,0]
[0,128,0,0,0,0,0,0,0,0,0,4,0,128,0,0]-[512,67371008,262144,0,0]
[0,0,0,0,0,256,0,0,0,0,0,0,0,0,8192,0]-[131328,0,2097152,0,1024]
[0,0,67108864,0,0,0,0,134217728,0,0,0,0,0,536870912,0,0]-[64,2048,65536,0,131072]
[0,0,67108864,0,0,0,0,0,0,0,0,0,0,128,8192,0]-[2151678018,100663296,1073750032,32,131136]
[0,0,67108864,0,0,0,0,0,1048576,0,0,0,524288,0,0,0]-[0,0,8,2098176,16]
[0,0,0,0,4194304,0,0,0,0,0,4096,0,0,0,0,0]-[16777792,0,1,20480,2101248]
[0,0,67108864,0,0,0,0,16,0,0,0,0,0,128,0,131072]-[0,536870976,8192,8,0]
[128,0,0,0,0,0,16,0,1048576,0,0,0,0,0,0,0]-[262144,0,8,8192,4]
[128,0,0,0,0,0,134217728,0,0,0,0,0,0,0,0,0]-[0,1024,570564608,2164260872,0]
[0,0,67108864,0,0,0,0,0,1048576,0,4096,0,1048576,0,8,0]-[16777216,32,0,4194816,0]
[0,0,0,0,67108864,0,0,16,1048576,0,4096,0,0,0,0,0]-[16384,16,0,4352,0]
[128,0,0,0,0,0,0,0,0,0,512,0,0,0,0,0]-[0,0,1048640,2052,0]
[0,0,0,0,0,256,0,0,0,0,0,0,8,128,0,0]-[1049665,67174400,131076,603983872,524352]
[128,0,0,16777216,0,0,0,0,1048576,0,0,0,0,0,0,0]-[262144,0,32768,2147483776,0]
[0,0,0,0,0,0,0,0,0,0,4096,0,262144,0,67108864,0]-[268959744,4,1,0,0]
[128,0,0,0,0,0,0,33554432,0,0,0,0,0,0,0,0]-[1073741824,0,163840,64,0]
[0,0,67108864,0,0,8192,0,0,0,0,32,0,0,0,0,0]-[0,536870912,8192,512,2048]
[128,0,0,0,0,0,0,16,0,0,0,0,262144,0,0,0]-[1048576,8195,0,0,0]
[0,4194304,0,0,0,0,0,0,0,0,0,0,0,128,0,0]-[1049088,268435456,0,201588736,65540]
[0,0,0,0,0,64,0,0,8192,0,0,4096,0,0,67108864,0]-[16,128,0,2147483648,2]
[0,0,67108864,0,0,0,0,0,0,0,4096,0,0,524288,0,0]-[8394752,393216,16,0,0]
[0,0,0,65536,0,0,0,16,134217728,0,0,0,1048576,0,0,0]-[64,8388608,0,16400,0]
[0,0,67108864,16,16384,0,0,0,0,0,67108864,0,0,0,0,0]-[0,64,0,134218752,1024]
[0,0,67108864,0,0,0,0,0,0,2048,0,32,0,0,0,0]-[0,2147483648,33554432,2181038080,0]
[0,0,0,0,0,0,0,0,0,64,4096,0,0,128,0,0]-[262144,0,0,4232,0]
[0,0,67108864,0,0,0,0,134217728,1048576,0,131072,0,0,0,0,0]-[32768,16384,0,32769,0]
[0,0,67108864,16,0,0,0,0,1024,0,0,0,0,0,0,0]-[0,268435968,512,0,32768]
[0,0,0,0,0,0,16,0,0,0,16777216,0,0,0,0,0]-[32,262144,0,0,768]
[0,0,67108864,0,0,0,0,16,0,0,0,0,0,0,0,256]-[2147483648,4096,2048,256,0]
[0,0,0,0,0,0,0,0,134217728,0,0,0,1048576,0,128,0]-[17825792,0,33816576,0,32768]
[0,4,0,0,0,0,0,0,16777216,0,0,0,0,0,0,0]-[2181038336,73728,67108864,33685504,0]
[0,0,0,0,0,0,2048,0,134217728,0,4096,0,0,0,0,0]-[262144,0,512,4196352,0]
[0,0,67108864,0,524288,256,0,0,0,0,0,0,0,0,0,0]-[0,73728,1342177280,2097152,1024]
[0,0,0,0,0,131072,0,0,4096,0,0,0,1048576,0,0,0]-[4194560,0,64,8192,0]
[0,0,67108864,0,0,0,0,0,135266304,0,0,0,0,536870912,0,0]-[0,0,24,2101280,257]
[0,0,0,0,0,0,64,0,0,64,0,0,0,0,33554432,0]-[2048,128,0,2097152,2048]
[0,0,0,0,0,0,0,0,0,0,4194304,0,0,128,0,0]-[2097160,1048576,9445542,1074003968,68]
[0,0,0,0,0,0,0,0,0,0,0,0,32768,32,0,0]-[8,262144,0,131072,256]
[0,0,67108864,4096,0,8192,0,0,0,0,0,0,1048576,0,0,0]-[65536,0,4,294912,0]
[0,0,0,0,0,0,64,0,0,0,0,0,262144,128,0,0]-[3162128,604110848,2130048,2097152,131072]
[0,0,67112960,0,0,0,0,0,0,0,0,0,0,128,0,0]-[2097160,264224,1081344,128,2097152]
[0,0,0,0,0,64,4,0,0,0,0,0,0,0,0,0]-[268435456,512,3072,0,0]
[0,256,0,0,0,0,0,16,0,0,0,0,0,128,0,0]-[64,0,537919488,4112,1310720]
[0,4,67108864,0,0,0,0,0,0,0,0,0,1048576,0,0,0]-[176160772,83894288,0,2147483680,0]
[0,4096,0,0,0,0,64,0,0,0,0,0,1048576,0,0,0]-[0,0,136314880,2147483648,8]
[0,0,33554432,0,0,0,0,0,0,268435456,1073741824,0,0,0,0,0]-[8,2147483648,16777216,32,0]
[0,0,0,0,0,0,0,0,0,0,12288,0,0,0,0,0]-[67108864,268435456,1048576,8388608,0]
[16777216,0,0,0,0,0,0,0,1048576,0,0,0,0,0,536870912,0]-[16,0,0,0,148]
[0,0,67108864,16384,0,536870912,0,0,256,0,0,0,0,0,0,0]-[8,9216,0,0,2]
[0,0,0,0,32,536870912,0,0,0,0,4096,0,0,0,0,0]-[65536,256,8388608,131072,0]
[0,0,0,0,0,0,0,640,0,268435456,0,0,1048576,0,0,0]-[536887296,2048,0,67108864,0]
[0,0,0,0,67108864,0,0,0,0,0,4096,0,1048576,128,0,0]-[278528,0,0,4096,2097152]
[0,0,0,0,0,0,64,0,4,0,0,0,0,0,0,0]-[5259264,1074282496,1073741824,0,1]
[0,0,67108864,0,0,0,1,0,1048576,0,0,0,0,0,0,0]-[16777216,570425616,0,136314880,1048644]
[0,0,0,0,0,0,0,128,0,0,0,0,0,128,0,0]-[278544,1310720,2,6,0]
[0,0,67108864,0,0,0,0,16,0,16777216,0,0,0,536870912,0,0]-[0,268435456,512,256,16384]
[0,0,0,0,0,1048576,64,0,0,0,0,0,0,0,0,0]-[2147483648,0,65536,655360,0]
[0,0,0,0,0,0,0,0,1048576,0,0,0,16842752,0,0,0]-[131072,128,32768,0,4]
[67108864,0,67108864,0,0,8192,0,0,0,0,0,0,0,0,0,0]-[33554432,2147483648,0,32768,128]
[0,0,0,0,0,256,0,8,0,0,4096,0,0,128,0,0]-[262656,256,0,262144,0]
[0,0,0,0,0,0,0,16,0,256,0,0,0,0,0,0]-[0,134217732,768,2149580832,262144]
[0,0,67108864,0,0,0,0,0,0,0,4608,0,0,0,0,0]-[1,0,0,98304,2097152]
[0,0,67108864,0,0,0,0,0,0,536870912,0,0,8,128,0,0]-[32832,0,4,0,64]
[33554432,0,67108864,0,0,0,64,0,0,0,4096,0,0,0,0,0]-[0,537001992,0,256,0]
[0,0,0,0,0,0,0,1048576,1048576,0,0,0,0,128,0,0]-[0,536870912,262144,32,4]
[0,0,0,0,0,0,131136,0,0,0,0,0,0,0,0,0]-[67108864,1073741824,2129920,0,0]
[0,0,0,0,32768,8192,0,0,1048576,0,0,0,0,128,0,0]-[0,262144,1,32,8192]
[128,128,67108864,0,0,64,0,0,0,0,4096,0,0,128,0,0]-[0,131169,0,0,0]
[0,0,68157440,0,0,0,0,0,1048576,0,0,0,1048576,0,0,0]-[0,33554432,8192,3145728,0]
[0,0,67108864,0,0,0,0,16,1048576,0,0,0,0,0,0,128]-[0,0,1073750016,40960,0]
[65536,0,67108864,0,0,0,0,0,0,0,0,0,256,0,0,0]-[0,0,0,786944,1]
[128,0,0,0,0,0,0,0,1179648,0,0,0,0,128,0,0]-[131072,65536,536870912,16,0]
[0,256,0,131072,0,0,0,0,0,0,0,0,0,0,0,0]-[536870912,0,536870912,4096,262144]
[0,0,0,0,0,0,64,0,0,0,0,0,0,32,0,0]-[1343488,524296,65536,537952324,6272]
[0,0,67108864,0,0,0,0,0,1048576,0,0,0,136,0,0,0]-[33554432,512,2048,1024,0]
[0,0,0,0,0,0,0,4096,1048576,0,0,0,0,0,0,0]-[1,8388740,262144,536870912,524416]
[128,0,0,0,0,0,0,0,1048576,0,0,0,1048704,0,0,0]-[0,0,536870912,8224,524288]
[0,0,67108864,0,16384,64,0,0,0,2147483648,0,0,0,0,0,0]-[65536,2048,524288,0,1024]
[0,0,67108864,0,0,8192,0,0,2,0,0,0,0,0,0,0]-[16842754,2147483648,2097152,128,256]
[0,0,0,0,67108864,64,0,16,0,0,0,0,0,0,0,0]-[80,1572864,0,64,0]
[0,0,16777216,0,0,0,0,536870912,0,0,0,0,0,0,0,0]-[0,2,0,8,6656]
[131072,0,0,0,0,0,0,0,0,0,4096,0,0,0,0,0]-[135790592,2147484672,1082917376,67125258,37024]
[0,0,0,0,0,33554432,0,0,0,0,0,0,256,0,0,0]-[1048576,0,0,0,1029]
[128,0,0,0,0,0,0,0,1048576,0,256,0,0,128,0,0]-[33816576,0,536870912,32,0]
[128,0,0,0,64,0,0,0,135266304,0,0,0,0,128,0,0]-[16384,256,536870912,32,0]
[0,0,0,0,0,0,8192,0,0,0,4096,0,0,128,0,4096]-[0,553648128,0,268500992,0]
[2,0,0,0,67108864,0,8192,0,0,0,0,0,0,0,0,0]-[2684354561,0,0,0,16]
[0,64,67108864,0,0,0,0,0,0,0,0,0,0,0,0,0]-[2382364678,2751463441,1342244352,2147779092,2113600]
[128,0,0,0,0,0,0,0,0,0,0,0,0,536870912,0,0]-[101007584,2147574016,2156037128,3276849265,917800]
[0,0,16777216,0,0,256,0,0,1048576,0,0,0,1048576,0,0,0]-[0,268435456,262144,256,8192]
[0,0,67108864,0,0,256,0,0,0,0,0,0,1048576,536870912,0,0]-[4,16,67108864,0,4]
[0,0,83886080,0,0,256,0,8,0,0,0,0,0,0,0,0]-[0,2048,1024,0,1050624]
[0,0,67108864,0,0,0,0,16,0,0,0,0,0,536871040,0,0]-[64,268503040,1048576,80,2097280]
[0,0,0,0,0,0,0,0,0,0,32,8192,0,0,0,0]-[0,33562624,131072,16384,0]
[0,0,67108864,0,0,0,8192,0,134217728,0,0,0,1048576,0,0,0]-[2,268468224,0,512,0]
[0,131072,0,0,67108864,0,0,0,0,0,0,0,0,0,0,0]-[131072,8,0,8,1]
[0,0,0,134217728,0,0,0,16,134217728,0,0,0,1048576,128,0,0]-[16384,8390656,2097152,0,0]
[0,0,0,0,0,2147483648,0,8388608,0,0,0,0,0,0,0,0]-[268435584,0,135168,0,0]
[0,0,0,0,0,8388608,0,0,0,0,4096,0,0,128,0,0]-[270532672,0,8388609,512,0]
[128,0,67108864,0,0,0,0,0,0,0,1048576,0,0,0,0,0]-[8388608,2146304,0,0,0]
[0,0,67108864,0,0,256,0,0,0,0,0,0,0,0,128,0]-[67108864,0,0,262400,1024]
[2048,0,0,0,0,0,0,0,134217728,0,0,0,0,128,0,0]-[4,0,32768,67174400,0]
[0,0,1024,0,0,0,0,0,0,0,0,0,262144,128,0,0]-[0,0,536870912,67174400,65536]
[0,0,0,16777216,0,0,0,0,0,0,0,0,0,0,33554432,0]-[1241514016,67125376,2164260864,8667140,8]
[128,0,0,0,0,0,0,0,0,0,64,0,0,0,0,0]-[1207959616,0,131072,33554433,0]
[0,0,67108864,0,0,0,0,0,0,0,0,64,1048576,0,0,0]-[2048,536,4,0,1048644]
[0,0,100663296,0,67108864,0,0,0,0,0,0,0,0,0,0,0]-[0,335679488,0,0,0]
[0,0,0,0,0,0,0,0,1048576,0,0,0,0,268435456,0,0]-[256,536870928,128,537395200,524352]
[0,0,67108864,0,0,256,0,0,0,0,64,0,1048576,0,0,0]-[134219776,16,0,0,4]
[0,0,1,0,0,256,0,0,0,0,0,0,0,0,0,0]-[16384,0,536870912,536870912,2048]
[0,0,67108864,0,0,256,0,0,8,0,0,0,0,0,0,0]-[524288,2080,16384,32768,32768]
[0,0,0,0,0,0,0,0,0,134217728,32,0,0,0,0,0]-[8192,8192,131072,16384,0]
[1024,0,67108864,0,0,0,0,0,0,0,4096,0,0,128,0,0]-[0,603979776,1073741824,0,2097152]
[0,64,0,0,0,0,64,0,0,4,0,0,0,0,0,0]-[0,134217728,268435456,16777216,16384]
[0,268435456,0,0,0,0,0,16,1048576,0,0,0,8,0,0,0]-[0,8388608,16777216,17,0]
[0,0,67108864,1024,0,0,0,1073741824,0,0,0,0,0,0,0,0]-[100663296,0,0,0,1026]
[0,0,67108864,4,0,0,0,0,0,0,0,0,0,0,67108864,0]-[0,32,2147485696,1048576,0]
[0,0,1024,0,0,0,0,0,4,0,0,0,0,0,0,0]-[0,2048,16448,4096,0]
[0,0,67108864,0,0,8192,0,0,0,0,0,0,0,2,0,0]-[0,0,4096,98320,0]
[0,0,0,0,0,0,0,0,0,0,4096,0,1048576,2097152,0,0]-[2155888640,0,135266304,536870912,6]
[0,0,67108864,0,0,0,0,0,134217728,0,0,0,8,0,0,0]-[20971520,512,512,0,0]
[0,0,0,0,0,8192,0,0,0,0,0,0,0,1,0,0]-[2686451712,2147487744,23134224,268435584,4098]
[128,0,0,0,0,0,0,0,0,0,0,0,0,0,0,64]-[0,2048,0,66,4096]
[0,0,0,0,0,0,33554432,1048576,0,0,0,0,0,0,0,0]-[83886080,1081344,0,0,0]
[0,0,0,0,0,0,0,64,0,0,0,1,0,0,0,0]-[512,134217728,1073741825,0,0]
[0,0,67108864,67108864,0,32,0,0,0,0,0,0,0,0,0,0]-[16384,8913024,0,0,0]
[0,0,0,0,0,0,0,0,1048576,4194304,4096,0,0,0,0,0]-[0,0,524288,1074266112,1024]
[0,0,67108864,0,0,0,64,0,1048576,1048576,0,0,0,0,0,0]-[16777216,0,0,2147483648,1048577]
[0,0,67108864,64,0,0,0,0,0,0,0,0,0,0,0,0]-[4720680,369139712,5120,50410496,16]
[0,0,67108864,268435457,0,0,0,0,0,0,0,0,0,0,0,0]-[0,512,2048,16777216,131072]
[0,0,16384,0,0,0,0,0,1048576,0,0,0,0,0,0,0]-[147604,545259556,1098907744,1212195969,1412]
[0,0,0,0,0,16777472,0,0,0,0,0,0,0,128,0,0]-[1048576,268435456,2097184,0,0]
[0,0,0,0,0,0,64,0,0,0,0,0,0,4194304,0,0]-[0,16,268435458,512,0]
[0,0,0,0,0,0,0,0,0,0,4096,0,0,0,0,16]-[1082130944,32,4096,268501000,0]
[128,0,0,0,1073741824,0,0,0,0,0,0,0,8,536870912,0,0]-[0,65536,131072,33554432,64]
[0,0,0,0,0,16384,0,0,1048576,0,0,0,8,0,0,0]-[129,0,0,1,1024]
[0,0,0,0,0,2,0,0,1048576,0,0,32,0,0,0,0]-[0,536870912,129,1,0]
[0,8388608,0,0,0,0,0,0,1048576,0,0,0,0,0,0,0]-[2181120,310378496,1090521304,1107335170,9216]
[0,0,67108864,0,4,64,0,0,0,0,0,0,0,0,0,0]-[0,0,4096,1,1026]
[0,0,67108864,0,0,256,0,0,1048576,0,0,0,0,0,33554432,0]-[0,268500992,0,4096,256]
[0,0,67108864,0,0,0,0,0,0,8388608,4096,0,1048576,0,0,0]-[0,67108864,33554432,33554944,0]
[0,0,0,524288,0,0,0,0,0,0,0,32,0,0,0,0]-[2098176,128,272635904,2048,0]
[0,0,0,0,0,0,16384,0,0,0,0,0,0,536870912,4096,0]-[0,131072,131584,64,0]
[0,0,67108864,0,0,256,0,0,0,0,0,131072,1048584,0,0,0]-[0,67141632,0,16,128]
[0,0,0,0,0,0,0,0,0,0,1073741824,32,0,0,0,0]-[32832,0,0,1074266112,34]
[0,0,0,0,0,0,524288,0,0,0,0,0,0,128,0,0]-[133121,67585,2158125088,2099712,32]
[0,0,0,0,0,256,0,16,0,0,5120,0,0,0,0,0]-[16384,32,0,128,16384]
[0,0,4,0,0,0,8192,0,0,1024,0,0,262144,0,0,0]-[4194304,134217792,0,134217728,0]
[32768,0,0,0,0,0,0,0,134217728,0,0,0,0,0,0,0]-[0,128,589824,65536,0]
[0,0,67108864,0,0,0,0,2097152,0,0,0,0,1048704,0,0,0]-[0,0,2560,524288,1]
[0,0,1073741824,0,0,0,1024,0,0,0,0,0,0,0,0,0]-[16384,0,16777216,1024,262144]
[0,0,17301504,0,0,0,0,0,0,0,0,0,135266304,0,0,0]-[268435456,268468224,0,0,32]
[0,0,0,0,0,64,0,0,0,0,0,0,2148532224,128,0,0]-[268435520,0,8192,0,128]
[128,0,0,0,0,0,0,2,0,0,0,0,0,0,0,0]-[1073741824,268435456,0,20971520,0]
[0,0,0,0,0,0,64,16,1048576,0,0,0,0,268435456,0,0]-[0,536870912,128,536903680,0]
[0,0,4194304,0,0,64,0,0,0,0,0,0,0,0,0,0]-[262148,134217728,0,2,0]
[0,0,67108864,0,0,0,0,64,0,0,4096,0,0,0,0,0]-[1,256,4096,8,0]
[0,0,67108864,0,0,0,0,0,0,0,0,0,1048576,0,1073741824,0]-[1,33554432,0,0,2097216]
[0,0,0,0,33554432,0,0,0,0,0,0,0,8,128,0,0]-[0,0,2621440,536870912,1024]
[0,0,0,0,0,256,0,268435456,1048576,0,0,0,0,0,0,0]-[65536,256,0,2097152,8192]
[0,0,0,0,0,0,0,0,0,0,0,33554432,0,128,0,0]-[1074004002,536870920,2147483656,68174922,397312]
[0,0,0,0,0,0,0,16,135266304,0,0,0,0,0,0,0]-[49232,469827584,8390722,335561136,18433]
[0,2147483648,67108864,0,0,0,0,0,1048576,0,0,0,0,0,0,0]-[0,4,1073741824,256,131072]
[0,0,0,2,0,0,64,0,0,0,0,0,0,0,0,0]-[33620000,134217728,0,4096,0]
[0,0,67108864,0,0,0,0,0,1048576,0,67108864,0,0,512,0,0]-[0,0,0,33563136,1]
[0,128,67108864,0,0,0,0,0,0,0,0,0,536870912,0,0,0]-[0,262144,4260864,0,0]
[0,0,0,0,0,0,0,16,1048576,0,0,0,0,134217728,0,0]-[32768,268435456,64,0,8192]
[0,0,0,0,67108864,0,0,0,524288,0,0,0,0,0,0,0]-[256,1073876992,512,1048576,0]
[0,0,0,65536,0,0,0,0,0,0,4096,0,0,0,0,0]-[1342718976,429141,318771202,373753864,2179200]
[0,0,0,16777216,0,0,0,0,1048576,0,0,0,1064960,0,0,0]-[0,0,8,2048,17]
[0,0,0,0,0,262144,0,0,0,0,0,0,0,0,32768,0]-[256,513,1073741824,0,0]
[0,128,0,0,0,0,0,0,4096,0,0,0,0,0,0,0]-[134217984,0,0,2,262144]
[128,0,67108864,0,0,0,0,0,0,0,0,0,0,0,2097152,0]-[0,0,16384,16777280,4]
[0,0,0,0,0,256,0,0,0,0,4096,32,0,0,0,0]-[66048,0,402718720,268699648,4096]
[256,0,0,0,67108864,0,0,0,0,0,4096,0,0,0,0,0]-[256,16777216,268435584,0,0]
[128,0,67108864,0,0,8256,0,0,1048576,0,0,0,1048576,0,0,0]-[0,0,8,8256,4]
[0,0,0,0,0,256,0,16,1048576,0,0,0,0,2147483776,0,0]-[0,1114112,8388608,67108864,0]
[0,0,0,33554432,0,0,0,0,0,0,0,0,0,128,0,0]-[132096,335544320,32,67108866,32]
[0,0,67108864,0,0,0,0,0,0,0,4096,32,0,128,0,0]-[2097152,262144,0,65540,0]
[0,16,0,0,0,0,0,16,0,0,0,0,0,0,0,0]-[2147491840,0,2290089984,153101312,0]
[0,0,67108864,0,0,0,0,0,4196352,0,4096,0,0,0,0,0]-[0,16916480,16,0,0]
[0,0,0,0,0,32,0,0,0,0,0,0,786432,512,0,0]-[0,1048576,33554434,256,0]
[0,0,0,0,0,0,0,0,0,64,0,0,8,0,0,0]-[67108864,8388609,524291,537001984,0]
[0,0,67108864,0,0,0,0,0,0,0,0,4194304,1048576,0,0,0]-[2147483648,0,1073742336,0,256]
[0,0,67108864,0,0,0,0,0,0,0,0,0,1074790400,128,0,0]-[0,2048,0,2097664,1048576]
[0,0,0,0,0,0,0,8,0,1,0,0,0,0,0,0]-[0,151257088,16384,0,0]
[0,0,67108864,0,0,0,0,0,0,0,1,0,524288,0,0,0]-[0,131072,33554432,0,16388]
[0,0,67108864,0,0,0,0,0,134479872,0,0,0,0,128,0,0]-[8,603979776,0,0,524288]
[0,0,0,0,0,0,0,64,1048576,0,0,0,0,128,0,0]-[132,268435456,262144,0,0]
[0,0,0,0,0,0,1048576,0,0,0,4096,0,1048576,0,0,0]-[1,1,65536,0,32]
[0,64,0,0,0,8192,0,0,0,0,0,0,1048576,0,33554432,0]-[134217732,0,536870912,8388608,0]
[0,0,67109888,8388608,0,0,0,0,0,0,0,0,0,0,0,0]-[134217728,65536,0,0,2097153]
[0,0,0,0,0,0,0,16777216,0,0,0,0,0,0,0,16]-[33562624,16384,0,4096,0]
[0,0,0,67108864,0,0,16384,16,0,0,0,0,0,0,0,0]-[0,524288,1048576,0,4128]
[0,268435456,0,0,0,0,0,16,134217728,512,0,0,262144,0,0,0]-[0,8388608,0,268435472,16384]
[0,0,0,0,0,0,0,0,1048576,0,1073741824,2,0,0,0,0]-[0,512,2056,67108864,0]
[0,0,67108864,0,0,0,0,0,553648128,0,0,0,0,0,0,0]-[0,0,1536,150994944,0]
[0,0,67108864,0,0,0,8192,0,0,0,0,0,0,0,262144,0]-[0,67117056,268435456,64,0]
[0,0,67108864,512,0,0,0,0,0,0,0,0,0,0,0,0]-[2147516418,2147517560,33619972,2164270880,1049601]
[0,0,0,0,1,0,8192,0,0,0,0,0,0,0,0,0]-[67108864,131072,0,2048,1048576]
[0,0,0,0,0,0,0,0,0,0,524288,0,0,0,16,0]-[134217744,524288,0,0,1048576]
[0,0,0,0,0,0,8192,0,0,0,32,0,0,0,0,0]-[2097152,524288,0,2147483652,0]
[1024,0,2097152,0,0,0,0,0,0,0,0,0,0,0,0,0]-[0,1073741824,131136,1024,0]
[0,0,0,8388608,0,0,0,0,0,0,0,0,0,1048576,0,0]-[67108864,4718592,0,0,2097152]
[0,0,0,0,0,0,0,0,2101248,0,0,0,0,0,0,0]-[0,0,8202,1,0]
[0,0,67108864,0,67108864,0,0,0,0,33554432,0,0,0,0,0,0]-[0,4,1114112,4096,0]
[1048576,128,0,0,0,0,0,16,0,0,0,0,0,0,0,0]-[65536,2,0,16777218,0]
[0,0,0,0,0,0,0,16,0,2097152,0,0,268697600,0,0,0]-[0,0,2,35651584,1048576]
[0,0,0,0,0,0,0,0,0,4,0,0,1048576,128,0,0]-[192,16777216,0,2097152,0]
[0,0,0,0,0,0,0,0,0,0,8388608,0,0,128,0,0]-[266528,67108864,0,64,270852]
[0,0,0,0,0,0,0,16,16777216,0,0,0,0,128,0,0]-[272654929,84150272,2159543426,134221954,1441928]
[0,0,0,0,2,0,0,0,0,0,0,0,1048576,128,0,0]-[262144,0,0,16,32832]
[0,0,0,0,0,256,0,0,1048576,8192,0,0,0,128,0,0]-[0,0,0,404750336,1024]
[268435456,0,0,0,4096,0,0,0,0,0,4096,0,0,0,0,0]-[2147483648,1073741824,0,0,10240]
[0,0,67108864,0,0,0,0,0,0,0,0,0,0,536870916,0,0]-[0,272629760,65536,16,0]
[0,0,67108864,0,0,0,0,0,1048576,0,4096,0,0,33554432,0,0]-[2147483652,0,0,0,132096]
[0,0,67108928,0,0,0,0,0,1048576,0,0,0,0,128,0,0]-[4,32,1073741824,0,1024]
[0,0,67108864,0,0,0,0,8388608,0,0,0,131072,0,0,0,0]-[0,1,301989888,0,4]
[0,0,0,0,1048576,8192,0,0,0,0,0,0,0,0,0,0]-[8,0,142606336,1,0]
[0,0,0,4,0,0,0,0,0,0,0,0,16,0,0,0]-[0,2,0,8,66048]
[0,0,0,0,0,256,128,0,0,0,0,0,0,128,0,0]-[528,0,32,2099200,0]
[0,0,16777216,0,0,0,0,0,0,0,67108864,0,0,128,0,0]-[0,2049,295040,0,32]
[0,0,0,0,0,0,0,0,524288,1024,0,0,0,0,0,0]-[2228224,134217728,2097152,0,0]
[0,0,1073741824,0,0,0,0,0,2048,0,0,0,0,0,0,0]-[33554496,0,268435456,2048,0]
[0,0,0,0,0,0,0,0,0,0,524288,0,64,0,0,0]-[256,0,1048576,33554432,64]
[32,0,0,0,0,0,0,16,0,0,0,0,0,0,0,0]-[0,0,64,1,16385]
[0,0,0,0,0,65536,0,0,0,2097152,0,0,0,0,0,0]-[0,71303168,0,0,544]
[0,0,0,0,0,256,0,16,0,0,0,0,1048576,0,0,0]-[1065024,345053736,136581136,2350928144,1323200]
[0,0,1073741824,0,0,0,0,0,0,0,0,256,0,0,0,0]-[0,64,524288,8519680,2048]
[0,0,67108864,0,0,0,0,0,0,32768,0,2,1048576,0,0,0]-[8388608,4096,0,4096,1048576]
[0,0,0,0,0,0,0,8,0,64,4096,0,0,0,0,0]-[2048,16777216,0,0,136]
[0,0,67108864,0,0,0,0,16,0,0,0,67108864,0,0,0,0]-[4096,536870912,524288,0,131072]
[0,0,0,0,0,0,2097152,0,0,0,0,0,67108864,0,0,0]-[256,33685504,0,2097152,0]
[0,8388608,0,0,0,0,0,0,0,0,0,134217728,0,0,0,0]-[33554432,34340864,0,0,0]
[0,0,67108864,0,0,0,0,16,0,0,0,0,1048576,128,0,0]-[2147532864,335613024,1075839744,203427857,3539104]
[0,0,8,0,0,256,0,0,0,0,0,0,0,0,0,0]-[1073758208,67108864,524288,8193,262272]
[0,0,83886080,0,0,0,0,0,1048576,0,4096,0,0,0,0,0]-[2097152,33816576,0,1024,0]
[0,0,0,0,0,0,67108864,0,1048576,0,0,0,0,0,0,0]-[0,570507392,1073750144,2099201,1572880]
[0,0,2097152,0,0,256,0,16,1048576,0,0,0,0,0,0,0]-[0,66048,16777216,0,1]
[0,0,0,0,0,0,0,0,0,8224,0,0,0,0,0,0]-[262144,1074003968,0,0,2048]
[0,0,0,131072,0,0,0,0,16777216,0,0,0,0,0,0,0]-[1024,8192,131072,131072,0]
[0,0,67108864,0,0,0,0,0,256,0,4096,0,0,0,0,0]-[0,16,1073745920,4,16384]
[0,0,0,0,0,0,0,8,0,0,4194304,0,0,0,0,0]-[32,8192,2147483648,2304,0]
[0,32,0,0,0,0,64,0,150994944,0,0,0,0,0,33554432,0]-[2048,67108866,0,0,2048]
[0,1,0,0,8192,0,0,0,0,0,262144,0,0,0,0,0]-[8388624,0,0,8519680,0]
[67108864,0,0,0,0,0,8192,0,0,0,0,0,0,0,0,0]-[67108864,0,134217728,268500992,0]
[0,0,67108864,0,0,0,0,524288,1048576,0,0,0,0,0,0,0]-[0,2147483649,4,0,2]
[0,0,67108864,0,262144,0,64,0,0,0,0,0,0,0,0,0]-[0,4096,0,16777216,2097156]
[0,0,0,0,0,8388608,8192,0,0,0,0,0,1048576,0,0,0]-[4096,2048,0,0,8256]
[8388608,268435456,0,0,0,0,0,0,0,0,0,0,0,128,0,0]-[8,8388608,8388608,0,2097152]
[0,0,67108864,0,0,0,0,0,0,0,0,0,512,0,0,0]-[2344617984,275021833,3288400128,33555968,2657347]
[2147483648,0,0,0,0,0,0,0,0,0,0,0,0,65536,0,0]-[1024,67108864,33554436,0,0]
[0,0,67108864,0,0,0,0,0,0,0,4096,0,0,0,16,0]-[0,42052,33554432,0,2113536]
[0,1,67108864,0,0,0,0,0,1048576,0,0,0,1048576,0,0,0]-[1,65540,0,134217728,0]
[0,0,67108864,16,16384,0,0,0,0,0,0,0,0,128,0,0]-[0,262208,524288,0,1049600]
[8,0,67108864,0,0,256,0,0,0,0,0,0,0,0,0,0]-[0,67108928,256,1,0]
[0,0,1024,0,0,0,0,0,0,0,8388608,4194304,0,0,0,0]-[1073741824,0,0,67108864,65537]
[0,0,0,0,0,0,33554432,0,0,0,0,32,0,128,0,0]-[66,0,32768,0,32]
[0,256,0,0,0,0,0,0,1048576,0,0,0,0,268435456,0,0]-[0,33554432,536872960,16,0]
[0,0,67108864,16384,67108864,0,0,0,1048576,0,0,0,0,128,0,0]-[0,262144,32768,16,1048576]
[0,0,0,0,0,0,64,256,0,0,0,0,0,0,0,0]-[285212928,0,512,536870912,1052800]
[0,0,67108864,131072,0,0,0,0,0,0,0,0,1048576,0,0,0]-[2281701376,2106432,268435744,160,524293]
[0,0,268435456,0,0,0,0,0,0,0,0,0,262144,0,0,0]-[0,0,3,1024,1024]
[0,0,67108864,0,0,8192,262144,8,0,0,0,0,0,0,0,0]-[0,1056,0,1048640,0]
[0,0,0,0,0,0,0,0,1048576,0,4096,0,8388608,0,0,0]-[0,0,16,272630016,0]
[0,0,0,0,0,0,0,0,1048576,0,65536,0,0,128,0,0]-[0,0,262176,1073743872,0]
[0,0,0,0,0,0,0,0,1048576,0,0,0,0,0,256,0]-[262144,302006532,1082392648,268443680,524292]
[0,0,67108864,0,67108864,0,0,0,1048576,0,0,0,0,128,0,0]-[33587201,327968,40992,2101888,1048580]
[0,0,0,0,16384,0,0,16,0,0,0,0,0,0,0,0]-[0,32,2684358912,201326593,8224]
[0,0,0,0,0,0,0,0,0,0,4096,0,256,0,0,0]-[2174241088,67239937,1208025216,306223388,1024]
[0,0,0,0,0,64,0,0,0,0,4096,0,0,128,0,0]-[268435456,256,1,6144,32928]
[0,0,0,0,0,8388608,0,0,0,0,0,0,8,0,0,0]-[0,32768,0,2064,524288]
[0,0,0,0,0,0,0,16777216,1048576,0,4096,0,0,128,0,0]-[2048,288,0,268435456,0]
[0,0,0,0,67108864,256,0,0,1048576,0,0,0,0,0,0,0]-[0,1073758224,2048,0,0]
[0,0,2147483648,0,0,0,0,0,0,0,0,0,0,128,0,0]-[33570822,75497729,3221364870,2630,8228]
[0,0,0,0,0,0,0,1073741824,1048576,0,0,0,1048576,128,0,0]-[65792,0,2048,8192,0]
[0,0,0,0,0,0,8192,0,2,0,0,0,0,0,0,0]-[1048577,128,268435456,0,0]
[0,0,0,0,0,0,0,0,1048576,0,0,0,0,128,16,0]-[2097156,0,128,128,1056836]
[0,0,0,0,0,536870912,0,0,1048576,0,0,0,1073741824,0,0,0]-[4194304,2,0,0,2101248]
[8388608,0,0,0,0,0,0,0,0,0,4096,2,0,0,0,0]-[0,0,81920,67112960,0]
[128,0,0,0,0,0,0,0,134217728,0,4096,0,0,0,0,0]-[2112,262144,0,16384,0]
[0,0,0,0,0,0,0,0,0,0,32768,0,0,128,0,0]-[131074,84934656,540674,0,524292]
[1048576,0,0,0,0,0,0,0,0,0,0,0,0,2,0,0]-[0,4202560,8512,269484032,0]
[0,0,67108864,0,0,64,0,0,0,0,0,0,0,33554432,0,0]-[0,6160,8192,0,0]
[0,0,67108864,0,0,16,0,0,0,0,0,0,0,128,0,0]-[0,268436512,32,0,0]
[0,0,16384,0,0,8192,0,0,0,0,0,0,8,0,0,0]-[536870912,0,18874368,0,128]
[0,0,0,0,0,64,64,0,0,0,0,0,0,0,33554432,0]-[2048,524416,0,0,2]
[0,0,0,0,0,0,8192,0,0,0,0,0,0,2,0,0]-[786432,33554432,1,2147483648,64]
[0,0,0,0,603979776,0,0,0,0,0,0,0,0,0,0,0]-[256,25165824,128,0,0]
[192,0,0,0,0,256,0,0,134217728,0,0,0,0,0,0,0]-[16384,2048,8,16,0]
[0,0,0,32,0,0,0,16,0,0,0,0,1048576,0,0,0]-[262144,16777216,262144,0,8]
[0,262144,0,32,0,0,0,0,0,0,0,0,0,128,0,0]-[33554432,0,536870912,10485760,0]
[0,0,67108864,0,0,0,0,0,1048576,0,0,0,262144,0,0,0]-[2212530213,2718253660,37800988,175155168,1705412]
[0,0,0,0,0,0,0,16384,0,0,0,0,1048576,0,0,0]-[1048576,16384,268441600,2216757248,524288]
[128,0,0,0,0,0,8192,16,1048576,0,0,0,0,0,0,0]-[0,0,536870912,301989888,16]
[0,0,67108864,0,0,0,0,0,0,512,0,16777216,0,0,16,0]-[134217728,0,0,16777232,1048576]
[128,128,67108864,0,0,0,0,0,1048576,0,0,0,0,0,0,0]-[33554432,262144,33562624,4235328,0]
[0,0,0,0,0,0,0,0,1048576,0,0,0,64,128,0,0]-[128,268435456,1073750017,538968096,131072]
[0,0,0,1048576,0,0,0,0,1048576,0,0,0,0,128,0,0]-[2097280,9699328,1073750016,1342177280,131072]
[0,0,0,16,0,64,0,0,0,0,0,0,0,0,0,0]-[2147484160,1048960,524416,2155872320,160]
[0,0,67108864,0,0,0,0,0,1048592,0,0,0,0,0,0,0]-[0,512,32792,33563680,0]
[0,0,67108864,0,0,0,0,0,0,1048576,4096,0,262144,0,0,0]-[65536,2147483648,1073741824,0,128]
[0,0,0,0,67108864,0,0,0,0,0,0,0,8,0,0,128]-[4456448,285212672,0,0,0]
[0,0,0,0,0,0,0,16,0,0,0,0,1048832,0,0,0]-[0,16777216,262160,16777216,0]
[0,0,0,536870944,0,0,0,2048,0,0,0,0,0,0,0,0]-[1048576,2147483648,0,0,2112]
[0,0,0,0,0,0,0,0,131072,0,0,0,0,128,0,0]-[712,344064289,2148270082,536875010,32864]
[0,0,67108864,0,0,0,0,0,134217728,0,0,0,32,0,0,0]-[0,0,1075838984,0,2048]
[4194304,0,0,0,0,0,8192,0,0,0,0,0,1048576,0,0,0]-[2147483648,0,608,0,0]
[0,0,67108864,0,0,0,8192,0,0,0,0,32,1048576,0,0,0]-[32770,0,33554432,0,2]
[0,0,67108864,0,1073741824,0,0,0,1048576,0,32,0,0,0,0,0]-[0,0,20484,0,2]
[8388608,0,0,0,67108864,0,0,0,0,0,0,0,0,0,0,0]-[67371264,1082134536,276890113,1073741856,2097168]
[0,0,0,0,0,0,0,0,0,0,0,2,1048576,0,0,0]-[25313280,2214597760,8462337,67633152,1049352]
[0,8,67108864,0,0,0,0,0,0,0,0,0,0,0,0,0]-[67176456,2149585232,1080044040,21804032,3]
[0,0,0,0,262144,0,0,0,1048576,0,0,0,1048576,0,0,0]-[16777217,0,262144,0,1048576]
[0,0,0,0,67109376,0,0,0,0,0,0,0,8,0,0,0]-[262656,16,2048,0,0]
[0,0,0,0,0,0,0,16,0,0,0,0,0,32768,0,0]-[0,65544,134217728,2048,0]
[0,0,67108864,16384,67108864,0,33554432,0,0,0,0,0,0,0,0,0]-[0,2214592512,0,256,4]
[0,8388608,0,0,0,0,0,0,0,0,0,0,537919488,0,0,0]-[131072,0,4194304,0,136]
[0,0,131072,0,0,0,0,0,0,0,0,8388608,0,0,0,0]-[262144,0,2,0,384]
[0,0,0,0,0,64,16777216,0,0,0,0,0,0,0,0,0]-[0,0,16777216,0,34817]
[0,0,0,0,0,0,0,0,4096,0,0,0,0,0,33554432,0]-[288,0,16386,17956864,524288]
[0,16,0,0,0,0,0,0,0,0,4194304,0,0,0,0,0]-[0,134283264,67108864,67108864,0]
[0,0,0,0,0,64,0,0,0,0,0,0,8388608,0,0,0]-[16402,528896,524288,0,1024]
[0,0,0,0,0,0,0,0,0,0,0,0,65536,0,67108864,0]-[16896,8320,0,0,0]
[0,0,0,0,0,0,0,256,0,0,0,0,0,0,16384,0]-[268435458,0,0,16777216,2048]
[0,1024,0,0,0,256,0,0,1048576,0,0,0,0,0,0,0]-[2147483648,33554432,16777216,0,8192]
[0,0,0,0,0,0,0,0,0,0,2101248,0,0,0,0,0]-[6144,536879109,64,147584,2097312]
[0,1024,67108864,0,0,0,0,0,1048576,0,0,0,0,128,0,0]-[2097153,0,32768,0,524288]
[0,0,67108864,0,0,0,8192,0,0,0,0,0,0,128,0,512]-[33554432,0,4,69632,0]
[16777216,0,0,0,0,0,0,0,0,0,0,0,1310720,0,0,0]-[16384,16384,2097152,4194304,0]
[0,0,67108864,0,0,0,32768,16,0,0,0,0,0,0,0,0]-[524288,65536,0,65,2048]
[0,0,67108864,0,0,0,0,0,0,0,0,32,8,0,0,0]-[0,0,524288,524288,2097154]
[0,0,67108864,0,8,0,0,0,0,0,0,0,1310720,0,0,0]-[0,0,35651584,33554432,1024]
[0,0,0,0,0,33554432,0,0,0,1048576,0,0,0,0,0,0]-[1073741824,524288,32768,32768,0]
[128,0,0,0,0,0,0,0,0,0,0,0,8,128,0,0]-[128,0,2148007938,262144,2097152]
[128,0,67108864,65536,0,8192,0,0,0,0,16384,0,0,0,0,0]-[33554432,2048,1024,65536,0]
[0,0,0,0,0,0,0,24,1048576,0,4096,0,0,0,0,0]-[17041408,0,1073741824,0,0]
[0,0,67108864,0,0,0,0,0,1048576,0,0,0,0,2097152,0,0]-[0,0,524288,4096,524544]
[0,0,0,0,0,536870912,0,0,0,1048576,0,0,0,0,0,0]-[0,9216,0,16,4096]
[0,0,0,0,0,0,8,2048,0,0,0,0,0,0,0,0]-[268435456,0,512,16777216,8192]
[0,128,67108864,0,0,0,0,0,0,0,0,0,128,0,0,0]-[8388608,1,268435456,1048576,0]
[0,0,0,0,0,0,524288,8,0,0,0,0,0,0,0,0]-[67108864,65536,0,512,32]
[0,0,0,0,2097152,0,0,0,0,0,0,0,1,0,0,0]-[1073741825,1,0,16,0]
[0,0,0,0,0,0,0,4194304,0,0,0,0,0,0,0,16384]-[1073741824,2097156,0,0,8]
[0,512,0,0,0,0,0,0,0,0,0,0,0,128,0,0]-[516,16777472,536870913,2560,1056]
[0,0,0,0,0,0,64,0,0,0,0,8388608,0,0,0,0]-[1048576,67633152,268698624,32768,4]
[16,0,67108864,0,0,0,0,0,1048576,0,0,0,0,0,0,0]-[0,0,33554464,8193,0]
[0,0,67108864,0,0,64,0,0,2097152,0,0,0,0,0,0,0]-[2,4096,524328,1,66]
[0,0,335544320,0,0,0,0,0,0,0,4096,0,1048576,0,0,0]-[0,67108872,0,512,2097152]
[0,0,67108864,0,0,8192,1073741824,0,0,0,0,0,0,134217728,0,0]-[0,327680,0,1024,32768]
[0,134217728,0,0,0,0,0,0,134217728,0,0,0,0,0,0,0]-[201859072,2147483648,8192,536870912,8192]
[64,0,0,0,0,0,8192,0,0,0,0,0,0,0,0,0]-[0,131328,0,0,33]
[1048576,0,0,0,0,0,0,16,0,0,0,0,0,0,33554432,0]-[1049088,0,4,16777216,0]
[0,4,67108864,0,0,0,0,0,16777216,0,0,0,1048576,0,0,0]-[0,16777216,0,2164260864,128]
[0,0,1140850688,0,0,0,0,0,0,0,0,32,0,0,0,0]-[1,0,256,525312,0]
[32768,0,0,0,0,0,0,0,0,268435456,0,0,0,0,0,16384]-[4,67633152,262144,0,0]
[0,0,67108864,0,0,0,0,0,0,0,0,0,2,128,0,0]-[33554442,1120,32,4096,64]
[1048576,0,0,0,0,0,0,0,0,0,0,0,0,0,268435456,0]-[2,16777216,268435456,0,8]
[0,0,128,0,0,0,0,0,0,16777216,0,0,0,0,0,0]-[8,1026,0,32,0]
[32,0,0,0,67108864,0,0,0,0,0,4096,0,1048576,0,0,0]-[262144,67108868,1,0,0]
[0,0,0,0,0,0,0,4194320,1048576,0,0,0,0,0,0,0]-[2147483648,16,0,0,8208]
[0,0,0,0,0,256,0,0,0,0,0,0,2,0,0,0]-[16,4096,0,4096,131072]
[0,0,67108864,0,67108864,0,0,0,0,0,0,0,0,0,4,0]-[67108864,67108864,0,768,0]
[67108864,0,0,1073741824,0,0,0,16,0,0,0,0,0,0,0,0]-[0,524288,134217728,301989888,0]
[0,0,0,0,0,0,8192,16,0,0,0,0,0,0,33554432,0]-[32768,512,10485760,0,0]
[0,0,0,1,0,0,0,16,134217728,0,0,0,0,0,0,0]-[0,1048576,2097152,0,2176]
[0,0,0,0,0,0,0,0,1048576,0,4096,0,8,0,0,0]-[0,8388608,17301504,536870912,524288]
[0,0,0,0,0,0,0,0,0,0,4096,0,0,128,8,0]-[0,1056,0,67109376,0]
[0,0,67109888,0,0,0,0,0,0,0,0,0,1048576,0,0,0]-[2101250,67203140,35655680,185668400,2097234]
[0,0,0,16777216,0,256,0,0,0,0,0,0,0,128,0,0]-[1024,0,0,266244,0]
[0,0,67108864,0,262144,0,0,0,0,0,0,32,536870912,0,0,0]-[32768,2147500032,0,8192,0]
[0,0,0,0,0,0,0,8388608,0,0,0,0,0,128,0,0]-[269501633,1610745888,1990656,270794784,131140]
[0,128,0,0,0,8192,64,0,0,0,0,0,0,0,0,0]-[1048576,64,67108864,1048576,0]
[0,0,0,0,0,0,8192,0,0,0,0,0,0,0,268435456,0]-[805306368,2112,0,71368704,1]
[0,0,0,0,0,256,0,16,2048,0,0,0,0,0,0,0]-[0,0,136314944,2048,0]
[0,0,0,0,0,0,0,16,0,2147483648,0,0,0,0,0,0]-[1114112,0,524288,16777216,0]
[0,0,67108864,0,0,0,0,128,0,0,0,0,1048576,128,0,0]-[278528,0,0,67108864,262144]
[0,0,67108864,0,0,0,0,0,0,0,0,0,0,0,0,8192]-[16779332,84017664,2097156,2105616,16385]
[0,0,0,0,0,256,0,0,0,0,0,0,8192,0,1,0]-[0,4224,2097152,4,0]
[0,0,67108864,0,0,0,0,0,1048576,0,0,2,8,0,0,0]-[0,512,2056,1024,0]
[0,0,1073741824,0,0,0,0,0,0,0,0,0,0,0,67108864,0]-[268435456,0,0,16785408,4096]
[0,0,0,1073741824,0,0,0,0,1048576,0,0,0,0,128,0,0]-[131076,268435456,8650752,536872960,1048576]
[0,0,0,256,0,0,0,0,0,0,0,0,0,128,0,0]-[8397377,1141113856,277357568,404816384,2555936]
[0,0,0,0,0,0,0,0,0,0,0,0,1048576,1048576,0,0]-[26366976,277874692,816054272,1064976,1024]
[0,0,0,0,0,0,0,0,0,0,8192,0,64,0,0,0]-[512,0,2097152,131072,131072]
[0,128,67108864,0,0,0,0,0,0,0,0,0,0,0,33554432,0]-[4,67108864,1028,4456512,0]
[16,0,0,0,0,0,0,16,0,0,4096,0,0,0,0,0]-[8388608,0,128,32776,0]
[0,0,67108864,0,0,8192,0,0,0,0,0,0,268435456,0,0,0]-[65536,0,4,32784,0]
[0,0,0,0,0,536870912,0,0,0,0,0,0,1048576,0,67108864,0]-[0,0,33554433,16777216,262144]
[0,0,0,0,0,0,0,0,0,0,268566528,0,0,0,0,0]-[2,0,0,301989888,131072]
[0,0,0,0,0,524288,0,0,0,0,4096,0,1048576,0,0,512]-[16777216,0,4096,8,4096]
[0,0,0,0,0,0,0,0,2048,0,4096,0,1048576,0,0,0]-[17039360,0,0,16384,32768]
[0,0,67108864,0,0,0,1048576,0,1048576,0,0,0,0,0,0,0]-[33619972,268435460,1073741872,34603072,1301]
[131072,0,0,0,0,0,0,0,0,0,0,0,4096,0,0,0]-[1048576,0,536870912,16842752,0]
[16384,0,67108864,0,0,256,0,0,0,16384,0,0,0,128,0,0]-[8,0,16384,16,128]
[0,0,128,0,0,0,64,0,0,0,0,0,1310720,0,33554432,0]-[1048576,6,0,4194304,0]
[0,0,0,0,0,0,0,0,0,0,0,0,64,0,4,0]-[524288,1073741824,589824,0,0]
[0,0,0,0,0,0,0,0,17825792,0,0,0,1048576,0,0,0]-[25165824,4256,537133152,2416616259,24769]
[0,0,0,8192,0,0,0,0,0,0,0,0,0,128,0,0]-[0,167772160,512,16777216,0]
[0,64,67108864,0,0,0,0,0,16777216,0,0,0,0,0,0,0]-[0,2164260864,512,0,64]
[0,0,67108864,0,0,0,8192,0,0,0,0,0,0,4,0,0]-[2,0,4194304,2359296,0]
[67108864,0,0,0,0,0,0,0,0,0,0,1,0,128,0,0]-[0,1179648,131072,2048,0]
[0,0,0,0,0,64,0,0,0,0,0,0,8,128,0,262144]-[1,0,2,8,2097152]
[256,0,67108864,0,0,0,0,0,0,1,0,0,0,0,0,0]-[8,8196,0,0,1048576]
[0,0,0,131072,0,0,0,0,0,0,0,262144,0,0,0,0]-[4096,16384,536870912,0,1024]
[0,0,0,0,0,0,0,0,262144,0,0,0,0,128,0,0]-[1048584,536870913,10493954,1610612768,0]
[128,134217728,0,0,0,0,0,0,0,0,0,131072,0,0,0,0]-[512,0,0,33554496,4]
[0,0,67108864,0,0,0,0,16,0,0,0,0,269484032,0,0,0]-[0,8,0,2097152,1064960]
[0,0,0,0,0,1073741824,0,0,0,0,0,0,1048576,128,0,0]-[0,0,0,2162688,2097184]
[0,0,67108864,0,0,0,0,0,0,0,4096,0,8,0,0,2]-[0,1,0,32768,130]
[0,0,67108864,0,0,0,0,0,134217728,0,0,0,1048584,0,0,0]-[0,0,0,4352,16448]
[0,0,0,0,8,0,0,0,0,0,0,0,1048576,536870912,0,0]-[1,0,134217728,67108864,1024]
[0,0,0,0,0,64,0,24,0,0,0,0,0,0,0,0]-[0,0,1184,8192,0]
[0,0,65536,0,67108864,0,0,0,1048578,0,0,0,1048576,0,0,0]-[128,65536,33554432,16,0]
[2097152,0,0,0,0,0,0,16,0,0,0,0,0,128,0,0]-[1025,262144,32,0,0]
[0,0,0,0,0,256,64,0,0,0,4096,1,0,0,0,0]-[2113536,8,0,32768,0]
[0,0,67108864,0,0,64,0,0,1048576,0,0,0,0,0,0,2048]-[0,256,2048,65,0]
[0,0,67108864,0,0,0,0,0,1048576,32768,0,0,0,0,0,0]-[16875520,16640,0,2654208,0]
[0,0,0,0,0,0,268435456,0,0,0,0,0,1048576,0,0,0]-[17825792,0,65536,4,0]
[0,536870912,0,0,67108864,0,0,0,0,0,0,0,0,0,0,0]-[0,67108864,8832,0,0]
[131072,0,0,2048,0,0,0,0,0,0,0,0,0,0,0,0]-[262144,3,0,32,0]
[0,8192,67108864,0,0,0,8192,0,0,0,0,0,1048576,0,0,0]-[0,268468736,8192,0,0]
[0,0,0,0,0,64,0,0,0,0,0,0,8,0,0,0]-[268452368,528,539784,536879169,1186]
[0,0,4096,0,0,0,0,0,0,0,2097152,0,1048576,0,0,0]-[128,8388608,0,16777216,128]
[2048,8192,0,0,0,0,0,0,0,0,0,0,0,128,0,0]-[0,67108864,163840,0,524288]
[128,0,0,0,0,0,0,8,0,0,0,0,8388608,0,0,0]-[4456448,262144,0,33554432,0]
[0,0,0,8388608,0,0,0,0,0,0,4096,0,1048576,0,0,0]-[268439552,8,0,20480,65666]
[0,0,67108864,0,0,8388608,0,0,0,0,4096,0,1048576,128,0,0]-[2097216,0,0,4608,0]
[134217728,0,0,0,0,0,0,0,0,0,0,0,262144,0,0,0]-[1032,0,4112,0,0]
[0,0,0,0,0,0,0,0,0,67108864,0,0,1048576,0,0,0]-[262147,128,135274560,6307840,12808]
[0,0,0,32768,0,0,0,16,0,0,0,0,0,0,0,0]-[0,528384,2147483648,201326656,2049]
[0,0,0,0,0,0,0,0,0,0,0,0,4096,0,0,16]-[285212672,2048,2147483648,0,0]
[0,0,1024,0,0,0,0,0,0,0,0,0,0,0,0,256]-[0,0,67143680,268435456,0]
[128,0,67108864,0,0,0,2097152,0,0,0,0,0,0,0,0,0]-[0,268435456,0,33554568,0]
[0,0,0,0,0,0,64,0,0,0,0,0,0,536871040,0,0]-[0,257,0,1073741824,4]
[0,0,0,0,67108864,0,0,16,4096,0,8388608,0,0,0,0,0]-[1073741824,0,1073741824,16785408,0]
[0,0,0,0,0,0,0,64,0,0,2048,0,0,0,0,0]-[0,4194304,536870912,262144,8192]
[128,0,1,0,0,0,0,0,0,0,0,0,0,0,0,0]-[0,32834,0,0,1048576]
[0,0,1073741824,0,0,0,0,0,0,0,0,0,1048576,0,0,0]-[167788548,9554496,25432082,565346886,334112]
[2097152,0,0,131072,0,0,0,0,0,0,0,0,0,0,0,0]-[524292,2097152,2,0,0]
[16777344,0,67108864,0,0,0,0,0,0,0,0,0,0,0,0,0]-[4194304,2048,0,0,524292]
[0,0,67371008,0,1073741824,0,0,0,0,0,0,0,0,0,0,0]-[0,536870912,1280,1,0]
[2147483648,0,0,0,0,0,0,0,0,0,4096,0,0,0,0,0]-[1090519296,603979800,436207824,369164296,49152]
[0,0,0,0,0,0,0,262144,2147483648,0,0,0,0,0,0,0]-[2048,134234112,8,0,0]
[0,0,67108864,0,0,0,64,0,0,0,0,16384,0,0,0,0]-[0,0,268436480,16842752,0]
[0,0,8192,0,0,0,0,16,1048576,0,0,0,0,0,0,0]-[16,36,0,0,1048576]
[0,0,0,65536,0,0,0,0,0,0,524288,0,1048576,0,0,0]-[0,0,8192,512,16392]
[0,0,0,0,0,0,32,0,0,0,4096,0,0,0,0,0]-[0,0,0,327680,65544]
[0,0,0,0,0,0,0,0,1048578,0,4096,0,0,0,0,0]-[2097408,4194304,33554432,0,0]
[128,0,0,0,0,0,0,0,1048576,0,0,1073741824,0,128,0,0]-[33685504,0,0,1073741952,0]
[0,0,1024,0,0,0,0,0,0,0,0,0,0,16,0,0]-[0,0,77594624,0,262144]
[0,0,0,0,0,0,0,0,0,0,0,8192,268435456,0,0,0]-[262656,8,0,2,0]
[0,0,0,0,0,0,0,0,0,0,0,8,1048576,0,0,0]-[2151679232,3489661952,0,268698176,38912]
[0,0,67108864,2147483648,0,0,0,0,0,0,0,0,0,0,0,0]-[50888777,340143128,1380534544,52703248,1247232]
[129,0,67108864,0,0,0,0,0,0,0,0,0,0,0,0,0]-[2048,268435456,1024,2,0]
[0,0,0,0,0,0,0,1024,0,0,0,0,0,0,0,128]-[8388608,2097152,64,262144,0]
[0,0,67108864,33554432,0,0,0,16,1048576,0,0,0,0,0,0,0]-[0,4,0,129,16]
[0,0,67108864,0,0,67108864,0,0,1048576,0,0,0,0,128,0,0]-[0,32,0,130,131072]
[0,0,67108864,0,0,0,0,0,1048576,0,0,0,0,536870912,16384,0]-[0,16,0,4194320,4]
[0,0,67108866,0,0,0,8192,0,0,0,0,0,0,0,0,0]-[0,256,268439552,16,0]
[0,0,67108864,0,67108864,0,0,0,0,0,0,0,262144,0,33554432,0]-[0,2048,0,6291456,524288]
[0,0,0,65536,0,0,0,0,16777216,0,4096,0,0,0,0,0]-[0,1,0,33818624,0]
[0,0,0,65536,0,0,0,0,0,0,0,0,4096,0,0,0]-[33554432,0,131072,4196352,0]
[0,0,0,0,0,268435456,0,0,0,0,0,0,0,128,0,0]-[1024,536870912,1076895745,6160,36]
[0,0,0,0,0,8448,0,0,0,0,0,0,262144,0,0,0]-[2621440,34816,536870912,0,0]
[0,0,0,0,0,0,0,0,17825792,0,0,16777216,0,0,0,0]-[4194304,16777216,1026,0,0]
[0,0,67108864,16777216,0,0,0,0,134217728,0,0,0,0,0,0,0]-[134283296,64,8,1552,0]
[0,0,0,0,0,0,0,0,1048576,0,0,32,1048576,0,8388608,0]-[33554432,0,2048,268435456,131072]
[0,0,0,0,0,16384,134217728,0,0,0,0,0,0,0,0,0]-[8405024,0,16777216,0,0]
[0,0,0,0,0,256,0,0,0,0,0,0,0,131200,0,0]-[1536,0,8388609,67371012,8192]
[0,0,0,0,67110912,0,0,0,0,0,0,0,0,0,0,0]-[1073741824,1073742352,2101248,16781312,0]
[0,0,0,0,0,0,0,0,0,0,0,2097152,0,128,0,0]-[33571392,16779264,541197320,335616000,1277960]
[0,0,0,4194304,0,8192,0,0,0,0,0,0,0,0,0,0]-[0,1073741824,1024,128,32]
[0,0,0,0,0,0,0,0,0,0,0,0,131072,128,0,0]-[0,1024,4,67108896,0]
[128,0,67108864,0,0,0,0,0,0,0,0,16777216,0,536870912,0,0]-[67108864,0,0,1081344,256]
[0,0,67108864,65536,0,0,0,0,0,0,4096,0,1048576,0,0,0]-[64,0,33558528,8,0]
[0,0,0,0,0,0,0,0,0,0,4096,0,0,8192,0,0]-[2097664,33955845,1107312640,272845828,81920]
[0,0,67108864,0,0,0,0,0,536870912,0,0,32,0,0,0,0]-[0,0,2048,65668,0]
[0,0,0,1024,0,0,0,0,0,0,0,0,1048576,0,0,0]-[1180672,2293760,52428800,16448,521]
[0,0,0,0,0,0,0,0,1048576,0,0,0,0,128,0,262144]-[166016,8650784,524320,805310464,4]
[0,0,67108864,0,0,0,0,4,0,0,0,0,0,33554432,0,0]-[0,16,2097664,0,524288]
[65536,0,67108864,0,0,0,134217728,0,0,0,0,0,0,0,0,0]-[67108864,0,0,134284288,0]
[0,0,0,0,0,0,8192,0,0,0,0,0,537919488,33554560,0,0]-[131073,67108864,0,65536,0]
[0,0,0,16384,0,0,0,0,1048576,0,0,0,0,0,0,0]-[0,128,536870912,256,131072]
[0,0,67108864,0,0,0,0,256,0,0,0,0,131072,0,0,0]-[0,1040,4,1048576,0]
[128,0,0,0,0,0,0,0,0,0,4096,32,0,0,0,0]-[512,0,0,272629888,0]
[0,0,0,0,67108864,0,64,0,134217728,0,0,0,0,0,0,0]-[0,257,2,16777216,0]
[0,0,83886080,4096,0,0,0,0,0,0,0,0,0,0,0,0]-[0,1024,1024,2147484672,0]
[0,0,0,1,2147483648,0,0,0,1048576,0,0,0,0,0,0,0]-[33554432,0,16777216,8192,64]
[0,0,0,33554432,0,256,0,0,0,0,0,0,1048576,0,0,0]-[0,512,0,67108868,1024]
[0,0,67108864,0,8192,2,0,0,0,0,0,0,0,0,0,0]-[0,8192,2147483648,0,2050]
[0,0,0,0,0,2097152,0,0,0,0,0,0,131072,0,0,0]-[0,512,0,1073872896,2097152]
[0,0,0,0,0,8192,0,0,0,0,4096,0,0,128,0,0]-[285229312,537265504,134238273,268472320,49152]
[0,0,0,0,0,0,0,0,1048576,0,33554432,0,0,128,0,0]-[2097281,0,262144,4192,8192]
[0,0,0,0,0,0,0,0,134217728,0,0,0,0,128,33554432,131072]-[512,67110912,0,32,0]
[0,0,67108864,0,0,0,0,16,0,0,0,0,0,0,2147483648,0]-[64,512,512,1,2048]
[0,0,67108864,256,0,0,0,0,0,0,0,0,0,0,0,256]-[8,0,2048,1048832,0]
[2,0,0,0,0,0,0,0,0,0,4096,0,0,0,0,0]-[413667328,37,8913472,537414916,0]
[0,0,0,0,0,0,0,0,1048576,0,0,16384,1048576,0,0,0]-[132,4,262216,0,129]
[0,0,0,0,0,0,0,0,0,1048576,4096,0,0,0,0,0]-[1082722368,2147746817,1207959632,37888,20650]
[256,0,0,0,0,1073741824,0,0,0,0,0,0,0,0,0,0]-[8192,80,0,0,8192]
[0,0,67108864,0,0,0,0,0,0,65536,0,0,0,0,0,0]-[52428800,2147483652,70377476,2097265,2100226]
[0,0,0,0,0,0,2,0,1048576,0,4096,0,0,0,0,0]-[2147483648,1073741824,16777216,0,8192]
[0,0,0,1048576,0,0,0,0,524288,0,0,0,1048576,0,0,0]-[2097280,2048,0,16777216,0]
[0,524288,0,0,0,0,0,0,0,0,0,0,1048576,0,0,0]-[33570816,2147487888,807404288,133120,3280906]
[0,0,67108864,0,0,0,1024,0,1048576,0,0,0,0,0,0,0]-[2149580804,268435712,0,524288,260]
[0,128,0,0,67108864,0,0,0,0,0,0,0,0,0,0,0]-[33685900,2164408860,19139713,1611923712,2097172]
[0,0,16384,0,0,0,67108864,0,0,0,0,0,0,128,0,0]-[1025,0,0,16,131072]
[0,0,0,0,0,0,64,16,1048576,0,4096,0,1,0,0,0]-[264193,0,0,32768,0]
[0,0,16777216,0,0,0,0,0,0,0,4096,0,512,0,0,0]-[65536,262144,0,268435456,32768]
[0,0,83886080,0,0,256,0,512,1048576,0,0,0,8,0,0,0]-[0,0,8192,1,524416]
[0,0,131072,0,0,0,0,0,0,0,0,0,1048576,128,0,0]-[128,16777248,0,0,128]
[0,0,67108864,128,0,0,64,0,0,0,4096,0,0,0,0,0]-[2048,12,65536,0,0]
[0,0,33554432,0,0,0,0,0,0,512,0,0,0,0,0,0]-[32,134217728,65536,0,64]
[8,0,0,0,0,0,0,0,0,0,0,0,1114112,0,0,0]-[0,0,64,1074003970,0]
[0,0,83886080,0,0,8192,0,0,0,0,0,0,0,0,0,0]-[8388640,537133056,0,1032,2064]
[0,0,0,16,0,8192,0,0,0,0,0,0,0,0,0,0]-[256,1073741824,557056,8454145,4104]
[0,0,0,0,0,0,64,16,1048576,0,0,0,0,0,0,0]-[262144,536870912,1074266240,541622272,0]
[0,0,0,0,8,0,0,16,0,0,0,0,256,0,0,0]-[1048576,0,1040,524288,0]
[0,0,0,0,0,256,0,16,16777216,0,0,0,1048576,0,0,0]-[0,268505088,0,0,8192]
[0,0,0,0,0,8192,16777216,0,0,0,0,0,0,0,0,0]-[0,48,0,655360,0]
[0,268435456,0,0,0,0,0,16,0,0,0,0,0,536870912,0,0]-[16,4096,131584,16,2113536]
[0,0,16777216,0,0,0,0,0,134217728,0,0,0,0,0,0,0]-[813762560,268730371,134217728,1342178304,3072]
[536871040,0,0,0,0,0,0,0,1048576,0,0,0,0,0,0,0]-[131072,0,33554432,33554433,0]
[0,16,67108864,0,67108864,0,0,0,1048576,0,0,0,0,0,0,0]-[0,4194304,33554432,8208,0]
[0,8256,0,0,0,0,0,0,0,0,0,0,262144,128,0,0]-[0,83886080,32768,67108864,0]
[0,0,16777216,0,0,0,0,0,0,0,16,0,0,0,0,0]-[0,805310464,134217728,0,0]
[0,0,0,0,0,4096,0,0,1048576,0,0,0,0,0,0,0]-[4260112,16898,4196512,638059520,3156032]
[0,0,67108864,0,0,0,0,16777216,0,0,33554432,0,0,0,0,0]-[0,133120,16,0,16384]
[0,0,134217728,0,0,0,0,0,0,0,0,0,0,2097152,0,0]-[0,16777216,536870912,32,4096]
[0,0,0,0,4,0,8192,0,0,0,0,0,0,0,0,0]-[1024,2147483656,0,262144,0]
[0,0,0,0,0,524352,0,16,0,0,0,0,0,0,0,0]-[80,2560,2048,2147483648,0]
[0,0,0,0,0,64,0,0,1048576,0,0,1073741824,0,0,0,0]-[131073,0,64,0,524288]
[0,0,0,0,0,0,0,0,0,0,0,0,1048576,0,0,32]-[2290221120,147456,1350567936,276955136,1064960]
[0,0,0,0,0,67109120,8192,0,0,0,0,0,262152,0,0,0]-[1048576,8192,0,67109120,0]
[0,128,0,0,0,0,0,0,0,0,0,524288,0,0,0,0]-[16777216,131074,0,0,256]
[128,262144,0,0,0,0,0,0,0,0,0,0,0,128,0,0]-[33554432,0,8388608,0,524320]
[0,0,0,0,0,0,0,16,8192,0,0,32,0,0,0,0]-[0,0,134217730,128,8192]
[0,0,0,0,0,0,0,0,134217728,0,0,0,262144,128,33554432,0]-[0,67108864,536870912,32,524288]
[0,0,0,0,0,0,0,512,0,0,0,0,0,0,0,16384]-[0,2097152,0,256,12]
[8,0,67108864,0,0,256,0,0,16777216,0,0,0,0,0,0,0]-[1,16777248,256,0,0]
[0,0,0,0,0,8192,0,0,0,0,0,0,8388608,0,0,0]-[138412032,0,8650752,0,16384]
[0,0,0,0,0,0,0,0,0,0,4096,0,1048576,0,67108864,0]-[278921216,36,17,33751040,0]
[0,0,0,0,0,0,0,0,8519680,0,0,0,0,0,0,0]-[67108896,131072,2,0,0]
[128,0,8,0,0,0,0,0,0,0,0,0,0,0,0,0]-[4194816,67584,1024,32784,32]
[0,0,67108864,0,0,0,0,0,0,2097152,4096,0,0,0,0,0]-[0,16778524,1342177280,98432,128]
[0,0,67108864,0,0,0,0,1073741824,0,0,0,0,0,128,1024,0]-[2097152,64,0,134217728,128]
[0,0,67108992,0,0,0,0,0,0,0,4096,0,0,0,0,0]-[16777217,4203521,1073741824,360448,16386]
[0,0,0,0,0,8388608,0,0,0,0,0,0,0,0,512,0]-[8,2097152,4096,67108864,0]
[0,0,65536,0,8,0,0,0,0,0,0,0,0,0,0,0]-[2097152,0,512,0,262656]
[0,0,0,0,0,16384,0,0,0,0,0,0,0,536870912,0,0]-[129,2147483648,0,17039360,66592]
[0,0,0,64,0,0,0,0,0,0,134217728,0,0,128,0,0]-[2049,0,131072,536870912,0]
[0,0,67108864,0,0,0,0,0,0,0,0,0,0,0,0,2]-[21006368,2233884765,2182676992,50372625,1219]
[0,0,0,0,0,0,0,8,0,0,4096,0,1048576,16384,0,0]-[17039360,0,134217728,4,0]
[0,0,0,0,0,0,64,0,0,0,0,67108864,0,0,0,0]-[1310720,0,128,0,2]
[0,0,0,0,0,256,0,0,0,0,0,0,0,0,0,4096]-[8256,0,1082130432,4,0]
[0,0,67108864,0,0,0,0,0,0,0,0,0,0,128,0,4096]-[8,536870912,4,0,32768]
[0,0,0,0,0,0,0,0,0,0,0,0,0,256,268435456,0]-[134217728,0,2,8388612,0]
[0,0,0,0,0,0,0,0,0,0,0,0,262144,0,0,2048]-[2097408,16777216,536870912,2162688,1048578]
[0,0,0,0,0,8192,0,16777216,0,0,0,0,0,128,0,0]-[16,131328,0,268435456,0]
[0,0,0,0,0,0,64,0,0,0,0,0,1048576,128,0,0]-[548700163,67174401,4464640,2166788,8360]
[0,0,0,0,0,0,8192,0,0,0,0,0,268435456,0,0,0]-[81930,640,8196,393232,0]
[0,2147483648,67108864,0,0,0,0,0,1310720,0,0,0,0,0,0,0]-[2147516416,0,0,1024,1024]
[0,0,67108864,0,0,0,0,0,134217728,0,131072,0,0,0,0,0]-[0,2049,0,0,524289]
[0,0,0,0,0,0,0,0,1048576,2097152,0,0,0,128,0,0]-[2375696,262144,536903680,335544834,1048580]
[0,0,0,0,0,0,0,0,1048576,0,131072,0,0,128,0,0]-[16384,0,0,2048,1048580]
[0,0,0,0,0,2147483648,0,0,8388608,0,0,0,1048584,0,0,0]-[0,32768,2097153,0,8]
[128,0,67108864,0,0,0,0,0,0,1073741824,0,0,0,0,0,0]-[0,0,1024,2147549200,0]
[0,262144,0,0,8388608,0,0,0,0,0,0,0,1114112,0,0,0]-[0,0,8388608,8388608,524289]
[128,0,0,0,67108864,0,0,0,1048576,0,0,0,0,0,0,0]-[32,3,2,0,0]
[0,0,67108864,0,0,0,0,0,16777216,0,64,0,0,0,4194304,0]-[0,2147484160,65536,0,64]
[0,0,0,256,0,0,0,8,0,0,0,0,0,0,0,0]-[24,0,0,1048832,0]
[0,0,67108864,0,0,8192,0,0,2097152,0,0,0,0,0,0,0]-[4,32768,4,16,0]
[0,0,1024,0,0,0,0,16,1048576,0,0,0,0,0,0,0]-[16384,276824580,16812032,33554577,16]
[0,0,0,0,0,0,0,0,0,0,0,0,1048576,33554560,0,0]-[1048576,2048,2105345,0,0]
[0,0,0,0,0,0,0,536870912,0,0,0,0,0,0,16,0]-[4096,0,524288,16448,0]
[0,0,0,0,0,64,2,0,0,0,0,0,0,0,0,0]-[0,67108864,131328,16777216,0]
[0,0,67108864,0,0,64,0,0,0,0,4096,0,1048576,128,0,0]-[1,67108864,0,12,0]
[0,0,0,0,0,2,0,0,134217728,0,0,0,0,128,0,0]-[520,65536,0,268435456,0]
[0,1,67108864,0,0,0,0,8,0,0,0,0,262144,0,0,0]-[16777220,33554432,4096,0,0]
[0,0,67108864,0,0,0,0,0,1048576,0,0,256,0,0,0,0]-[4194336,16777280,4096,16777216,2048]
[0,0,67108864,0,0,0,0,0,0,0,1048576,0,0,65536,0,0]-[64,536903680,0,1048576,0]
[0,0,67108864,0,0,0,0,0,0,0,0,0,1048576,128,65536,0]-[0,0,0,4124,0]
[0,0,33554434,0,0,0,0,0,0,0,0,0,0,0,0,0]-[2147483784,0,262144,0,0]
[0,0,0,0,0,0,0,0,1050624,0,0,0,1048576,128,0,0]-[16384,0,0,2097152,1048640]
[0,1,0,0,0,0,0,0,0,0,0,0,0,128,0,0]-[3179008,67110976,2097152,1073807376,524320]
[0,0,67108864,0,0,0,0,0,1048576,0,0,0,0,0,0,131072]-[2147483652,536871188,34078720,0,655376]
[0,0,0,0,67108864,0,0,0,1048576,0,16384,0,0,0,0,0]-[0,16,129,1048576,0]
[0,0,16777216,0,0,0,0,0,0,0,1024,0,1048576,0,0,0]-[1073742080,0,0,2048,256]
[128,0,0,0,0,16,0,0,0,0,0,0,0,0,0,0]-[1074003968,67584,0,204929,36]
[0,16777216,67108864,0,0,0,0,4,0,0,0,0,0,0,0,0]-[67108864,4112,69632,1114112,131072]
[0,0,0,0,0,0,256,0,0,0,4096,0,0,0,0,0]-[268451840,262144,0,460032,4128]
[0,0,268435456,8388608,0,0,0,0,0,0,0,0,0,0,0,0]-[0,524288,0,512,2099200]
[0,0,201326592,0,0,0,0,0,0,0,0,0,0,128,0,0]-[8,268500992,2147483648,65540,128]
[0,0,67108864,0,0,0,0,0,0,16384,0,16,0,0,0,0]-[32,536870912,0,262148,0]
[0,0,0,0,0,0,0,0,0,0,0,0,0,65536,0,64]-[0,16777216,570425344,134217728,0]
[0,0,67108864,0,0,0,0,0,0,0,0,0,0,0,32,0]-[102760448,553656896,2181042176,524544,65600]
[0,2,0,0,0,256,0,0,1048576,0,0,0,0,0,0,0]-[0,128,0,2147485952,0]
[128,0,0,0,0,0,0,0,1048576,0,0,524288,0,0,0,0]-[131072,0,8396800,33595426,64]
[0,0,0,0,0,33554432,0,0,0,0,0,0,0,536870912,0,0]-[0,4096,128,0,131076]
[0,1073741824,0,0,0,0,0,0,1048576,0,0,0,0,0,0,0]-[131076,1048576,2112,3222800832,4]
[0,0,0,512,0,0,0,0,0,0,0,0,1048576,0,2147483648,0]-[65536,0,0,8224,512]
[1075838976,0,67108864,0,0,0,0,0,1048576,0,0,0,0,0,0,0]-[0,256,16,0,144]
[0,524288,0,0,0,0,0,0,0,0,0,0,0,0,0,524288]-[131073,0,65536,0,131072]
[0,0,1024,0,0,0,0,0,0,0,0,0,1048576,128,0,0]-[2228354,1409288224,5,67180568,139296]
[0,0,67108864,0,0,0,0,0,0,0,0,0,327680,0,0,0]-[0,256,268435456,0,2052]
[0,0,0,0,0,0,0,24,0,0,0,0,0,1,0,0]-[0,134217728,4096,33554432,262144]
[0,16777216,67108864,0,0,8192,0,0,0,0,0,0,0,0,0,0]-[8388608,131072,16,0,17]
[0,0,67108864,0,0,0,32768,0,0,0,8388608,0,0,0,0,0]-[524288,2097152,0,64,4]
[16,0,0,0,0,256,0,0,0,0,0,0,0,0,0,0]-[1073741825,32,536870912,536952834,0]
[0,256,0,0,0,0,0,0,1048576,0,0,0,0,0,0,0]-[268962048,303563009,557842560,101724434,64]
[0,0,0,0,0,8192,8192,0,0,0,0,0,1048576,0,0,0]-[537165888,34619402,8192,66064,262152]
[0,0,268435456,8192,0,0,0,16,0,0,0,0,0,0,0,0]-[0,32,512,0,2105344]
[0,0,67108864,8388608,0,0,0,0,1048576,0,0,0,0,0,0,0]-[1,4259840,0,1581184,1]
[0,0,0,0,0,0,0,0,0,0,0,0,0,0,536870912,16384]-[0,1064960,2181038080,0,0]
[0,0,0,0,2048,0,0,0,0,0,4096,0,0,0,0,0]-[536871232,257,163968,16777216,16386]
[16384,0,0,0,0,0,0,0,0,0,4096,0,0,0,0,0]-[512,2164260864,69632,67584,128]
[0,128,67108864,0,0,256,0,0,0,0,0,0,0,128,0,0]-[8,67108864,8192,64,0]
[0,0,0,8192,0,0,0,0,135266304,0,0,0,0,0,0,0]-[0,1073741824,0,67118208,0]
[0,0,0,0,0,8192,0,0,0,0,0,0,8,0,0,0]-[603979776,22183943,16777232,402951185,131]
[0,0,67108864,0,0,0,0,0,0,0,4128,0,0,0,0,0]-[2097152,131136,268435456,32772,0]
[0,0,0,0,0,0,0,0,0,0,536875008,0,0,0,0,0]-[1074528513,537134080,16384,272793728,98312]
[0,0,67108864,0,0,0,0,0,0,524288,0,0,1048576,0,0,0]-[18874368,72,1049088,135311360,2098176]
[0,0,0,0,0,0,0,0,0,0,0,0,2148532224,536870912,0,0]-[129,8320,268437504,0,5120]
[0,0,0,0,0,0,8192,0,1,0,0,0,0,0,0,0]-[0,0,9437184,163840,0]
[128,0,0,0,0,0,0,16777216,134217792,0,0,0,0,128,0,0]-[2048,2304,0,268435456,0]
[0,0,0,16416,0,536870912,0,0,0,0,0,0,0,0,0,0]-[524288,524544,16384,0,0]
[0,0,67108864,0,0,0,0,0,0,0,0,0,134217728,0,0,0]-[2206728200,2170703904,3224908036,136578804,1048640]
[0,0,0,0,67108864,0,0,0,0,0,0,0,0,0,33554432,0]-[138414240,130287874,3514839554,32772352,524296]
[0,0,0,0,0,0,0,0,0,0,0,0,537919488,0,0,0]-[268604161,35670018,0,2149597440,140]
[0,0,67108864,4096,0,8192,0,16,0,0,0,0,0,0,0,0]-[4259840,0,524292,0,0]
[0,0,16777216,0,0,0,0,134217728,0,0,0,0,0,128,0,0]-[0,536870913,32768,1073741824,0]
[0,0,0,0,0,0,0,0,0,0,4096,16777216,1048576,0,0,0]-[1073741824,2147483672,528,37945472,32]
[0,0,32768,0,0,8192,0,0,134217728,0,0,0,1048576,0,0,0]-[0,0,1048576,2,516]
[0,0,67108864,16777216,0,0,0,0,0,0,0,32,0,0,0,0]-[2281701442,512,0,1024,32768]
[0,0,67108864,0,0,0,0,0,1048576,2097152,0,8388608,0,0,0,0]-[0,16777224,1024,0,65536]
[0,0,32768,0,0,0,0,0,0,0,0,262144,0,0,0,0]-[2147484672,16777216,0,0,1]
[0,4,67108864,0,0,0,0,16,0,0,0,0,0,0,0,0]-[1,2097152,16,2,0]
[0,0,0,0,0,0,0,0,512,0,4096,0,0,0,0,0]-[9437184,134348800,268435456,1073741824,262176]
[1,0,0,0,0,0,0,0,0,0,0,0,1048576,0,0,0]-[1073741824,0,0,1074003968,131072]
[0,0,0,0,0,0,8192,8,0,0,4096,0,262144,0,0,0]-[262144,33816576,0,4,0]
[0,0,67108864,0,0,16777216,0,0,0,0,0,0,0,0,0,0]-[99123265,912621576,1076408124,51184660,68739]
[0,0,67108864,0,0,2147483648,0,0,0,0,0,0,262144,0,0,0]-[16777218,538968064,2097408,128,2]
[0,0,0,0,131072,0,0,0,0,0,1073741824,0,0,0,0,0]-[65536,2097152,132098,33556480,524288]
[128,0,2,0,0,0,0,0,0,0,0,0,0,32,0,0]-[1073872896,262144,0,131072,0]
[128,0,0,0,0,536870976,0,0,0,0,0,0,0,0,0,0]-[64,0,8388616,2147483648,0]
[0,0,2,0,0,0,0,0,0,0,67108864,0,0,128,0,0]-[0,2113,262144,0,128]
[0,0,0,0,0,0,8192,0,0,0,0,0,0,33554432,0,0]-[570433536,8192,4100,16,512]
[0,2097152,0,0,0,0,0,0,17825792,0,0,0,0,0,0,0]-[0,128,2048,67633152,0]
[0,0,67108864,0,32768,0,0,0,0,0,0,0,0,0,0,0]-[2355101737,2772677488,68173352,2149913301,2132359]
[0,0,0,0,0,0,0,0,0,0,0,0,262144,131072,0,0]-[16384,16793600,32768,0,0]
[0,0,67108864,0,128,0,0,8388608,0,0,4096,0,0,0,0,0]-[524288,32768,16,0,2097152]
[0,0,0,0,0,0,134217728,0,0,0,4096,0,0,0,0,0]-[1073741824,8192,142606352,4260864,0]
[0,0,0,0,0,0,0,0,0,0,4096,0,1048576,0,0,128]-[64,32772,0,0,32]
[0,0,0,0,0,0,0,0,8388608,0,0,0,536870920,0,0,0]-[536870912,67108864,0,2049,0]
[65536,0,0,0,0,0,0,16,0,0,0,0,0,0,0,0]-[2147500032,1048576,536906240,0,262144]
[0,0,0,0,0,0,8192,0,0,0,0,0,0,0,4096,0]-[0,0,67108864,256,544]
[0,0,0,0,0,0,0,0,4194304,0,0,0,0,128,0,0]-[33558150,537133376,2685665280,1476395172,131168]
[0,0,0,0,0,0,8192,0,0,0,0,2,0,128,0,0]-[131072,67109120,0,67108864,0]
[0,0,0,0,0,0,0,33554432,0,0,4096,0,0,0,0,0]-[12583296,524357,2097280,131328,118786]
[0,0,0,0,0,0,0,0,0,0,67108864,0,0,0,256,0]-[0,8921088,67108864,0,0]
[0,0,0,0,524288,0,0,0,1048576,0,0,0,0,128,0,0]-[128,262144,1073741824,2097152,1024]
[0,0,0,0,0,0,0,0,16778240,0,0,0,0,0,0,0]-[512,16384,0,8192,1024]
[0,0,0,0,0,0,536870912,0,134250496,0,0,0,8,128,0,0]-[268435456,8388608,2,16,0]
[0,0,0,0,0,64,0,0,0,0,0,0,0,0,512,0]-[8192,0,0,64,68]
[0,0,67108864,8192,0,0,0,0,0,0,0,0,1048576,128,0,0]-[2097152,2080,0,0,2097152]
[0,0,0,0,0,1,0,0,0,0,0,32,0,0,0,0]-[1042,268435456,2112,1024,2097152]
[0,0,67108864,0,0,8192,0,0,0,4096,0,0,0,0,0,0]-[2149580800,32768,2097152,0,0]
[0,0,0,0,16384,0,0,8388608,0,0,0,0,0,0,0,0]-[33554432,8,256,67108864,0]
[0,0,67108864,0,0,0,0,1073741824,0,0,0,0,0,0,0,2048]-[8,65552,4,0,0]
[0,0,0,0,0,0,0,0,0,1024,0,0,0,0,33554432,0]-[131328,0,1024,134217728,0]
[0,0,256,0,0,0,0,16,0,0,0,0,0,128,0,0]-[0,1048576,8388608,0,2097280]
[8388608,0,0,0,0,0,0,0,0,2,0,0,64,1048706,0,0]-[0,1610612736,2,0,32]
[0,0,0,32,0,0,0,0,0,0,0,0,524288,0,0,0]-[2621440,0,0,1610612992,0]
[8388608,0,0,0,0,0,0,0,0,0,0,0,1310720,0,0,0]-[0,16781312,0,67108864,2]
[0,0,0,0,0,0,0,0,0,0,0,0,0,2097280,33554432,0]-[262144,268436480,0,512,0]
[0,0,67108864,0,131072,0,0,0,0,0,4096,0,0,128,0,0]-[0,536870912,16384,4,128]
[0,0,0,0,0,0,0,0,0,0,2113536,0,0,0,0,0]-[0,8388608,0,16941056,0]
[0,8388608,0,0,0,8192,0,0,0,0,131072,0,0,0,0,0]-[134217728,8192,0,8388608,2]
[8192,0,0,0,0,0,0,0,0,0,0,0,16777216,0,128,0]-[134217728,0,33816576,256,0]
[0,0,67108864,0,0,0,0,0,1048576,0,5120,0,0,0,0,0]-[65536,288,0,128,0]
[134217728,0,0,0,0,0,0,0,0,0,0,0,0,0,0,131072]-[512,0,33816576,0,32]
[0,0,67108864,0,67108864,0,0,0,1048576,2147483648,0,0,0,0,0,0]-[0,328192,0,8192,0]
[0,0,0,0,1048576,0,0,0,0,0,0,0,8,0,0,0]-[536870913,0,2097152,0,524288]
[0,0,16777216,0,0,0,0,0,0,0,0,32,0,0,0,0]-[2963275776,536870912,268992642,3221750784,1084466]
[128,0,67108864,0,0,0,0,16,0,0,0,0,0,8192,0,0]-[8454144,2113536,0,0,0]
[536870912,0,67108864,0,0,0,0,0,0,0,0,0,1048576,0,0,0]-[0,2415919184,33554432,4194304,33024]
[0,0,67108864,0,0,0,0,0,0,0,67108864,0,262144,0,0,0]-[0,64,268435456,134217728,128]
[0,0,67108864,0,0,16384,4,0,0,0,0,0,1048576,128,0,0]-[32768,32,2097152,4,0]
[0,0,67108864,0,0,0,0,0,16777216,0,4096,64,0,0,33554432,0]-[0,0,0,36872,128]
[0,0,0,0,0,0,0,4096,0,0,0,0,0,128,0,0]-[8,814743552,278528,805568640,8352]
[0,0,67108864,0,0,0,0,0,8,0,0,0,1048576,541065216,0,0]-[0,0,65536,16,2097216]
[0,32,0,65536,0,0,0,0,0,0,0,0,0,0,0,0]-[1,33558528,0,1073741824,0]
[0,0,0,0,0,0,0,0,17825792,0,0,0,0,1073741824,0,0]-[0,262272,0,0,132096]
[128,0,0,0,0,64,0,0,0,16777216,0,0,0,0,0,0]-[16896,0,0,8192,64]
[0,0,67108864,0,0,0,8192,16,134217728,0,0,0,0,0,0,0]-[0,0,0,4384,2048]
[0,0,67108864,0,0,4,0,0,0,0,0,0,0,0,0,2048]-[2147487744,0,67108864,1024,0]
[131200,0,0,0,0,0,0,0,0,0,0,0,0,0,0,0]-[201588736,2048,16384,1073946688,32]
[0,0,75497472,0,0,0,0,0,0,0,0,0,0,0,0,0]-[2155876361,2523240716,3295273992,2168295444,51602]
[0,0,0,256,16384,0,0,0,0,0,0,0,0,0,0,0]-[0,0,67108864,67637248,0]
[0,0,67108864,0,0,0,0,0,1048576,0,0,0,0,0,67108864,0]-[33554436,272646656,33564712,2148020384,1048768]
[128,0,0,0,67108864,8192,0,0,0,0,0,0,8,0,0,0]-[0,0,1024,1073741824,4352]
[0,0,0,512,1,8192,0,0,0,0,0,0,0,0,0,0]-[35651584,0,32768,0,8]
[0,0,0,0,0,0,0,268435456,0,0,0,0,0,2147483648,0,0]-[524288,1048576,0,1048576,8192]
[0,0,67108864,0,0,0,0,16,0,128,4096,0,0,0,0,0]-[524288,67108880,0,0,16384]
[0,0,0,0,0,2147491840,0,0,0,0,0,0,0,0,0,0]-[2147483652,1610614784,134287872,16,12320]
[0,0,67108864,0,0,0,0,8,0,0,0,0,0,0,0,4096]-[4194306,256,4096,786432,192]
[0,0,134217728,0,0,0,8192,0,1048576,0,0,0,0,0,0,0]-[0,256,553910272,0,0]
[0,0,0,0,0,0,0,0,1048576,0,0,0,0,0,8192,4]-[0,0,128,2148009984,0]
[0,0,0,4194304,0,0,0,0,0,0,0,0,1,0,0,0]-[532480,32,0,16384,0]
[0,0,67108864,0,0,0,8192,65536,0,0,0,32,0,0,0,0]-[32776,2147483648,33554432,0,0]
[0,0,67108864,0,4,0,0,0,0,0,0,0,8388608,0,0,0]-[32,262144,0,0,16448]
[0,0,0,0,0,0,0,0,0,0,0,0,1114112,0,524288,0]-[1048576,32,65536,0,128]
[0,0,0,0,0,0,0,0,1048576,0,4096,4,0,128,0,0]-[0,0,1073741825,268435968,0]
[0,0,268435456,0,0,0,0,0,0,0,0,0,1048576,0,0,0]-[9437184,1140850704,8388608,512,2048]
[0,0,0,0,0,0,512,0,0,0,0,0,1048576,0,0,0]-[393216,10,1076887555,1073170,3414048]
[0,0,0,524288,1024,0,0,0,0,0,0,0,0,0,0,0]-[0,8,6144,8388608,0]
[0,0,0,0,0,0,64,0,32768,0,0,0,0,0,0,0]-[0,536870912,32,131072,2]
[2147483648,0,67108864,0,0,0,0,0,0,0,4096,0,1048576,0,0,0]-[0,8,33619984,8,49152]
[128,0,0,0,0,0,0,0,0,0,131072,0,0,128,0,0]-[0,1024,536870912,16,131072]
[0,0,67108864,0,0,0,0,0,0,0,131072,32,0,0,0,0]-[0,0,69632,148,131072]
[0,0,67108864,0,0,0,0,0,1048576,0,0,0,0,1073741824,0,0]-[50397188,268435504,1073741856,4202592,0]
[0,0,0,0,16777216,0,0,0,4194304,0,0,0,0,0,0,0]-[0,0,1082130432,8388608,4096]
[0,0,0,0,67108864,0,0,0,0,0,4096,1024,0,128,0,0]-[278528,131072,8388608,0,0]
[0,0,67108864,0,0,0,0,0,1048576,0,1024,0,1048576,4,0,0]-[2147483648,4194304,1073741824,8192,0]
[0,0,0,0,0,0,0,0,0,0,4096,0,0,536870912,0,0]-[3222630464,2326179133,1518424721,2217204868,2183342]
[0,0,0,0,0,0,0,0,16777216,0,0,2097152,0,128,0,0]-[2,0,536887298,268435464,192]
[0,0,67108864,0,0,0,0,0,8192,0,4096,0,0,0,0,0]-[8392768,71311440,33554960,1920,49152]
[0,33554432,0,0,0,0,512,0,0,0,0,0,0,0,0,0]-[134479876,0,0,0,524288]
[0,0,67108864,0,0,0,0,0,134217728,0,0,0,0,512,0,0]-[16777216,512,0,4456448,0]
[128,0,0,0,0,0,0,0,2,0,4096,0,0,0,0,0]-[0,0,8388608,301989896,0]
[0,0,0,0,0,0,0,0,1048576,0,4096,0,0,524416,0,0]-[2099200,0,8388608,268435456,0]
[0,0,0,0,0,8192,0,0,0,0,0,0,1,0,0,0]-[67125248,4096,67108864,1082130496,8]
[0,0,67109120,0,4,0,0,0,0,0,0,0,0,0,0,0]-[0,0,12288,0,65537]
[0,0,67108872,0,0,0,0,0,0,0,4096,0,1048576,0,0,0]-[65536,8208,1073741824,0,0]
[0,0,0,0,0,0,0,0,536870912,0,0,0,0,1,0,0]-[0,16384,1311744,0,0]
[0,0,0,0,0,0,32768,0,64,0,0,0,0,0,0,0]-[0,1,536870912,1,8192]
[0,0,16384,0,0,0,0,0,0,0,0,0,0,128,0,0]-[34603531,67109120,9699458,1073807412,139328]
[0,1048576,0,0,0,0,0,0,1048576,0,0,0,1048576,0,0,0]-[0,32,1,2147483648,128]
[0,0,0,524288,0,8192,0,0,0,0,0,0,1048576,0,0,0]-[0,0,264,0,516]
[0,0,0,0,0,0,0,0,0,0,4096,0,0,0,0,64]-[67108864,65792,1048578,603979792,16416]
[0,8388608,0,0,0,0,0,0,0,0,0,0,0,128,0,0]-[2097152,0,2097280,2054,262176]
[0,0,67108864,0,0,0,0,0,33554432,0,4096,0,0,0,0,0]-[589825,8516,0,33816576,49154]
[0,0,67108864,2048,0,0,0,0,0,0,0,0,0,0,0,262144]-[0,0,0,16781312,1050624]
[0,0,67108864,0,0,0,0,0,134217728,268435456,0,0,1048576,0,0,0]-[8388608,65536,0,16,16384]
[33554432,0,0,0,0,0,0,0,0,0,4096,0,1048576,128,0,0]-[1,16777216,0,67108872,0]
[0,0,67108864,0,268435456,0,0,0,0,0,0,0,0,0,0,0]-[528386,2436956164,1058856,602658,198851]
[0,0,0,0,0,8192,2,0,0,0,0,0,0,0,0,0]-[2147483648,1073745924,0,0,0]
[0,0,524288,0,0,0,0,0,1048576,0,4096,0,0,536870912,0,0]-[262144,16,128,33554432,0]
[4224,0,0,0,0,0,0,0,0,0,0,0,0,4194304,0,0]-[0,0,0,1073758210,4096]
[0,0,0,0,0,67108864,0,0,0,0,0,0,128,0,0,0]-[1024,67108866,128,0,0]
[0,0,67108864,1,0,0,0,0,0,0,4096,0,0,0,0,0]-[526336,67272960,0,33817600,0]
[0,0,0,0,0,0,2,0,1048576,0,0,0,4096,0,0,0]-[2147483648,1073741856,0,2147483648,0]
[0,8,67108864,134217728,0,0,0,512,0,0,0,0,0,0,0,0]-[67110912,0,1073743872,0,0]
[0,0,67108864,0,67108864,0,0,0,0,0,0,65536,536870912,0,0,0]-[32,33554496,0,2097152,0]
[0,0,0,0,0,0,8192,0,17825792,0,0,0,0,128,0,0]-[0,256,537133088,4160,0]
[0,0,67108864,0,0,1048576,0,0,67108864,0,0,0,0,0,0,0]-[8,0,1048592,32768,0]
[0,0,0,0,0,64,0,0,0,8,0,0,0,0,0,0]-[262144,134225920,4194304,0,0]
[0,16777216,0,0,0,0,8192,0,0,0,0,0,0,0,0,0]-[16384,268435456,2097152,0,256]
[0,0,0,2097152,0,0,0,0,1048576,0,0,0,1048576,0,0,0]-[0,0,8388608,536903680,131072]
[0,0,67108864,0,0,0,0,0,1048576,0,0,0,1048576,0,0,0]-[2342619205,1466004021,1111500920,3682448371,3868119]
[0,0,0,0,0,0,0,0,134217728,0,0,0,0,524288,0,0]-[4,32768,0,67108928,0]
[0,0,0,0,0,8192,0,0,0,0,0,0,32,0,0,0]-[4,8388608,17040384,1056,2048]
[0,0,0,4194304,32768,0,0,0,134217728,0,0,0,0,0,0,0]-[0,8208,67108864,0,4096]
[0,33554432,67108864,0,0,0,0,0,1048576,0,0,0,0,0,0,0]-[100,20971561,5132,81,209]
[0,0,0,0,0,0,0,0,0,16777216,0,0,1048576,0,0,0]-[0,131074,276826178,4104,262144]
[0,0,67108864,0,32768,0,0,0,512,0,268435456,0,0,0,0,0]-[0,541065216,1024,4,0]
[0,0,0,0,0,0,0,0,0,0,0,0,1048576,0,301989888,0]-[0,4,0,134234112,2]
[0,0,0,0,0,256,0,65536,0,0,4194304,0,0,0,0,0]-[0,640,268566528,0,0]
[0,0,67108864,0,0,0,0,0,2147483648,0,0,0,0,0,0,0]-[2196242498,2181089329,3752448,2184216672,2670677]
[0,0,268435456,0,0,0,0,0,0,0,0,16777216,0,0,0,0]-[16384,0,131073,1048576,0]
[0,0,67108864,0,0,0,0,0,0,0,4096,0,0,0,2097152,0]-[1,536870912,0,256,65536]
[0,0,1073741824,0,0,0,8192,0,0,0,0,0,0,128,0,0]-[2048,268435456,9437184,0,0]
[0,0,0,0,0,0,0,16,1048576,0,0,0,2097152,0,0,0]-[0,65536,0,268435840,0]
[0,0,67108864,536870912,0,64,0,16,1048576,16777216,0,0,0,4194304,0,0]-[0,0,532480,532480,0]
[0,0,67108864,0,0,0,0,0,0,0,4096,0,0,0,0,262144]-[0,131104,65536,0,128]
[0,8192,16777216,0,0,0,0,0,0,0,0,0,0,0,0,0]-[8389632,0,2,2147483648,0]
[0,0,0,0,0,0,0,0,1048576,0,0,0,16,0,0,0]-[65536,16384,0,1074268192,144]
[0,0,0,0,0,8192,0,1073741824,0,0,0,0,0,0,2048,0]-[2097152,0,0,1082130432,8]
[0,0,67108864,0,262144,0,0,0,0,0,0,16384,0,0,0,0]-[524288,33554432,0,0,2176]
[0,0,0,0,0,0,0,0,0,0,1073741824,0,0,33554432,0,0]-[33554432,536871936,0,0,512]
[0,0,0,0,0,0,0,16777216,0,0,0,0,0,536870912,0,0]-[134479888,280832,134283298,570425344,278528]
[2097152,0,0,0,0,0,0,0,0,524288,0,0,0,0,0,0]-[2147483648,557056,1280,0,262144]
[0,0,67108864,0,0,0,8192,0,0,512,0,0,0,0,0,0]-[67108864,67108864,0,16,1048576]
[0,0,67108864,8192,67108864,0,0,0,0,0,0,0,0,0,268435456,0]-[2147516416,8192,0,33554432,0]
[536870912,0,67108864,0,0,262144,0,16,0,0,0,0,0,0,1048576,0]-[0,8,4608,0,16]
[0,0,0,0,0,33554432,0,0,0,0,0,0,0,0,8192,0]-[0,32,0,8388608,2052]
[0,0,67108864,0,0,0,0,0,0,0,134217728,524288,8,0,0,0]-[0,67108864,2147483648,0,130]
[0,0,67108864,0,0,0,0,0,0,512,0,0,0,0,1,0]-[0,4096,4,0,524416]
[0,0,0,0,0,67108864,0,0,0,0,0,0,0,0,33554432,0]-[134219776,67633152,0,0,0]
[0,0,67108864,0,0,0,0,0,0,0,0,0,0,0,0,4]-[213944328,262416,3525331204,2167963777,2132048]
[0,0,67108864,0,4,0,8192,0,0,0,0,0,1048576,0,0,0]-[32768,520,8192,0,2]
[0,0,0,0,0,0,0,524288,4194304,0,0,0,2056,0,0,0]-[268435456,1,524288,0,2]
[0,2097152,0,0,0,0,64,0,0,0,0,0,0,128,0,0]-[0,0,8194,0,32772]
[0,0,67108864,0,0,0,4194304,0,4096,0,0,0,0,0,0,0]-[0,536870912,0,2147483648,2097156]
[0,0,67108864,0,131072,0,8192,0,0,0,0,0,1048576,0,0,0]-[2147483648,0,4,32,16]
[0,0,0,0,0,1024,0,0,0,0,0,0,1048576,0,0,0]-[830473408,2164260896,2097152,131136,267816]
[0,0,0,0,0,64,0,0,0,0,131072,0,0,0,0,0]-[2147483648,0,8192,8388608,2]
[0,0,0,0,0,0,512,0,0,0,0,0,0,0,0,128]-[268435456,262144,256,0,64]
[0,0,0,64,65536,0,0,8,0,0,0,0,0,0,0,0]-[160,0,2,4096,0]
[0,131072,67108864,0,0,8192,0,0,0,0,0,0,0,0,0,0]-[2181038080,2147487744,0,0,0]
[0,0,0,0,0,8192,0,1073741824,0,0,131072,0,1048576,128,0,0]-[262144,0,0,2097156,1048576]
[0,0,0,0,0,8192,128,0,0,0,0,0,0,0,0,0]-[0,0,65538,512,2048]
[0,8388608,0,0,0,4194304,0,0,8192,0,0,0,0,0,0,0]-[528,8192,0,512,0]
[0,0,67108864,0,0,0,0,16,135266304,0,0,0,1048576,0,0,0]-[0,65536,0,4352,128]
[128,0,512,0,0,0,0,0,0,0,0,0,0,128,0,0]-[278592,1024,536870912,65552,64]
[0,0,0,0,0,0,0,0,0,2048,0,0,8,0,0,0]-[0,536871424,576,0,0]
[0,0,67108864,0,0,0,0,0,1048832,0,0,0,0,0,0,0]-[0,268435456,4194304,4194323,129]
[0,0,67108864,0,0,0,0,0,1048576,0,0,16777216,0,0,0,0]-[65536,302071808,32,4228240,1]
[0,0,0,0,0,0,0,536870912,0,2097152,0,0,0,0,0,0]-[4198400,0,524288,268435456,0]
[0,0,0,0,0,0,0,48,0,0,0,0,0,0,0,0]-[524288,142671872,0,0,0]
[128,0,0,0,0,0,0,0,0,0,0,0,0,0,0,4096]-[0,4194312,33685505,2097152,131328]
[0,0,67108864,131072,0,0,0,16,0,0,0,0,0,0,0,0]-[134217728,0,301989888,0,1024]
[0,0,33554432,0,0,0,0,0,1048576,0,0,0,0,128,0,0]-[2097152,0,536870912,201326592,0]
[0,0,0,0,0,0,64,0,0,0,0,0,0,0,0,512]-[335544400,0,0,2147483648,262144]
[65536,0,0,0,0,0,0,0,134217728,0,8192,0,0,0,0,0]-[0,262144,8388608,0,16640]
[128,0,1024,134217728,0,0,0,0,0,0,0,0,0,128,0,0]-[0,65536,0,1342242816,0]
[0,0,0,0,0,0,0,0,0,0,0,0,0,144,0,0]-[131072,131072,1610612868,2048,1056768]
[128,0,67108864,0,0,0,0,0,1048576,0,0,32,0,128,0,0]-[33554432,0,0,144,131072]
[0,0,0,0,0,0,67108864,0,0,0,0,0,0,128,0,0]-[1537,2147565760,384,16,524288]
[0,128,67108864,0,0,8388608,0,0,0,0,0,0,0,0,0,0]-[557058,278528,0,0,2244612]
[0,0,67108864,268435456,0,0,0,0,0,0,0,0,64,0,0,0]-[0,0,34603008,33554432,4]
[0,0,0,0,0,0,0,0,0,0,0,0,256,0,131072,0]-[67108992,8388608,0,16384,0]
[0,0,0,0,0,0,8,0,0,0,0,0,0,0,262144,0]-[131072,64,0,4194304,64]
[0,0,1048576,0,0,0,0,0,0,4,0,0,0,0,0,0]-[16793600,0,16384,1073741824,0]
[0,0,0,0,0,0,0,0,0,0,0,33554448,0,0,0,0]-[1024,8192,2097152,128,0]
[0,0,0,0,0,4096,0,2,0,0,4096,0,0,0,0,0]-[0,0,0,268451840,69632]
[0,0,0,0,0,0,0,0,16777216,0,0,134217728,0,0,0,0]-[0,16777728,536871424,0,0]
[0,0,67108864,0,0,0,0,0,17825792,0,0,0,0,536870912,0,0]-[0,32,0,36864,256]
[0,0,67108864,0,0,0,0,24,0,0,536870912,0,0,0,0,0]-[0,2048,1050624,128,0]
[0,0,0,0,64,0,0,16,0,0,0,0,1048576,0,0,0]-[0,2048,0,4096,278528]
[0,0,0,16,0,0,0,0,0,0,4096,0,0,128,0,0]-[0,16777216,0,268439552,65536]
[0,0,67108864,0,0,0,0,524288,0,0,0,0,0,128,0,0]-[2,536872961,524292,328194,1114116]
[0,0,0,0,0,0,0,0,0,0,4096,0,0,33554560,33554432,0]-[1048576,2048,2147483648,2097152,0]
[0,0,0,0,1,0,0,0,0,268435456,0,0,0,0,0,0]-[134217732,1048576,0,0,64]
[2097152,0,1073741824,0,0,0,0,0,0,0,0,0,0,0,67108864,0]-[0,0,2181038080,8192,4096]
[0,0,0,0,0,0,0,0,0,67108864,0,262144,1048576,0,0,0]-[32769,0,8192,0,4096]
[0,0,0,0,0,0,0,16,1081344,0,0,0,0,0,0,0]-[0,0,8388608,256,17]
[0,0,0,0,0,0,0,0,0,0,4096,2097160,0,128,0,0]-[0,0,0,268435968,32896]
[0,0,0,0,0,262144,0,0,0,0,0,0,67108864,0,0,0]-[0,0,1210056704,0,4]
[0,0,0,0,0,0,0,0,8388608,0,0,0,2,0,0,0]-[16777248,0,1,4096,0]
[0,0,0,0,0,64,0,2048,0,0,0,0,0,128,0,0]-[268435456,0,0,536870912,132]
[0,0,0,0,67108864,0,64,0,0,0,0,0,268435456,0,0,0]-[0,67108864,4096,537919488,0]
[0,0,67108864,0,0,0,0,0,1048576,0,4096,0,536870912,0,0,0]-[0,67108928,65536,65536,0]
[0,0,0,0,0,0,0,0,1310720,0,0,0,0,0,0,0]-[65680,544,294912,68159488,139264]
[0,0,16777216,0,0,8192,0,0,0,0,0,0,0,2097152,0,0]-[0,0,134218752,0,34]
[0,0,0,0,0,128,0,32784,0,0,0,0,0,0,0,0]-[335544320,1024,0,16777216,0]
[0,0,67108864,0,0,0,0,0,1048576,0,0,0,0,0,0,128]-[0,0,1073752064,134226081,1029]
[0,0,0,0,0,0,0,0,0,0,0,0,0,128,256,0]-[8,131072,0,268435488,0]
[0,0,0,0,67108864,256,0,0,0,0,0,0,0,128,0,0]-[2176,262144,2,0,0]
[0,0,67108864,8388608,0,0,0,0,0,0,4096,0,0,536870912,0,0]-[64,260,0,0,2097152]
[0,0,83886080,16,0,0,0,0,0,0,0,0,0,0,0,0]-[0,268468224,268435456,0,2048]
[0,0,0,32,0,0,2048,0,0,0,0,0,0,0,33554432,0]-[2048,0,2684354560,0,8]
[0,0,0,0,0,8192,0,0,0,0,0,0,1048584,0,0,0]-[536870912,32772,0,0,8]
[0,0,0,0,0,64,0,0,1048576,0,0,0,67108864,0,0,0]-[0,0,8388736,2147483648,1024]
[128,0,0,0,0,0,0,0,0,0,8388608,0,0,0,0,128]-[512,0,8192,32896,0]
[0,0,0,0,0,0,16384,0,134217728,0,0,0,1048576,0,0,0]-[128,544,0,131072,0]
[0,4,67108864,33554432,0,0,0,0,0,0,0,0,0,0,0,0]-[33554432,8192,0,32,2]
[0,0,0,67108864,0,0,8,0,0,0,0,0,0,0,0,0]-[536870912,262144,0,8388608,8]
[0,0,0,0,0,64,0,0,1048576,0,0,0,0,128,0,512]-[4,0,1,2048,131072]
[2,0,0,0,0,256,0,0,134217728,0,0,0,0,0,33554432,0]-[0,67108864,0,16793600,524288]
[0,0,0,0,0,0,0,0,150994944,0,0,0,0,2048,0,0]-[0,256,2,268435456,256]
[0,0,67108864,0,0,0,0,0,1048576,0,0,0,1048576,512,0,0]-[16777216,512,0,4194320,0]
[0,0,0,0,0,2048,0,0,0,0,512,0,0,0,0,0]-[19,8388608,264192,66560,0]
[0,268435456,0,0,0,4,0,0,0,0,0,0,0,0,0,0]-[1073741824,0,66,4,0]
[0,0,0,0,0,0,0,0,1048576,32,0,0,0,128,0,0]-[393216,262144,0,536870912,0]
[0,0,67108864,0,0,0,0,0,2097152,0,4096,0,0,128,0,0]-[4,0,36,16,0]
[2048,0,0,0,0,0,0,0,33554432,0,0,0,0,0,0,0]-[16,0,0,65792,512]
[0,0,0,0,0,256,0,0,0,0,0,0,262144,0,0,0]-[269747984,1074855552,1806700691,606085412,736640]
[0,256,67108864,0,0,0,0,0,1048576,0,0,0,1048576,0,0,0]-[65536,268435456,4194304,1082176,65]
[0,0,67108864,0,0,0,0,0,0,0,0,0,262144,128,0,0]-[312526878,625347905,1345356804,69533870,721924]
[134217728,0,0,0,0,0,0,0,0,0,0,0,1048576,0,0,0]-[2097154,32780,33816576,0,34]
[0,0,67108864,0,0,0,0,0,0,16777216,0,0,0,536870912,0,0]-[0,268435456,0,33554432,2228224]
[0,0,0,0,0,0,0,0,16777216,0,536875008,0,0,0,0,0]-[16384,0,65536,36864,0]
[0,0,0,0,0,8192,0,0,0,0,0,0,0,0,512,0]-[0,1073743872,0,1073741824,4096]
[0,0,0,0,1073741824,0,0,0,0,0,0,0,0,536870912,0,0]-[0,69632,132096,0,0]
[128,128,67108864,0,0,0,0,0,0,0,0,0,0,128,0,0]-[134217728,0,0,17825792,256]
[0,0,0,0,0,256,0,0,0,0,0,524288,0,128,0,0]-[0,67108864,536879104,65536,0]
[0,0,0,0,0,64,0,0,1048576,2147483648,0,0,0,536871040,0,0]-[0,1073741824,0,64,192]
[0,0,0,0,0,0,0,16,134217728,0,0,0,0,8388608,0,0]-[131072,0,0,262144,33280]
[0,0,67108864,0,0,0,0,0,4,0,0,0,0,0,0,0]-[139199567,2535508304,1348521472,2304779896,27919]
[0,0,0,0,0,0,0,0,1,0,0,0,0,128,4,0]-[0,131072,2097152,262144,8192]
[0,0,0,0,262144,0,0,16,1048576,0,0,0,0,0,0,0]-[0,66064,536870912,134217729,0]
[0,0,0,0,0,0,0,0,0,0,0,0,65536,0,65536,0]-[0,2097408,2097152,0,512]
[0,16777216,0,0,0,0,0,0,0,0,1073741824,0,0,0,0,0]-[4096,0,4,2560,0]
[0,0,0,0,0,0,8388608,0,1048576,0,0,0,0,0,0,0]-[16777217,4194436,262144,1075847424,16]
[0,0,67108864,0,0,2097152,0,0,0,0,0,0,262144,0,0,0]-[524288,16384,0,65536,65536]
[0,0,0,0,67108864,8192,64,0,0,0,0,0,1048576,0,0,0]-[4,8192,536870912,0,256]
[0,0,67108864,0,0,131328,0,0,0,0,0,0,0,0,0,0]-[0,2048,256,16777217,0]
[0,0,0,0,0,0,0,64,134217728,0,0,0,0,0,0,0]-[0,0,134219776,1049600,0]
[0,0,0,0,0,0,0,0,134217728,0,0,32,0,128,0,0]-[512,1048576,0,268435472,0]
[0,0,67108864,0,0,536870912,0,0,1048576,0,0,0,0,0,33554432,0]-[0,262144,0,524560,0]
[0,0,0,0,0,256,0,0,0,0,0,8388640,0,0,0,0]-[512,0,4096,4,131072]
[0,0,0,0,134217728,0,0,0,1048576,0,0,0,0,0,0,0]-[2147748112,33554480,128,2281736738,192]
[0,0,67108864,0,0,1048576,0,0,0,0,0,0,0,0,0,0]-[2282225676,620822532,1140918552,16814278,133252]
[0,0,0,0,0,0,64,16,0,0,67108864,0,0,0,0,0]-[16,0,2097152,2147500032,0]
[0,8388608,0,0,67108864,64,0,0,0,0,0,0,0,0,0,0]-[512,4112,0,0,4]
[0,0,0,131072,32768,0,0,0,0,0,0,0,262144,0,0,0]-[524288,1024,2,32,0]
[128,0,0,0,0,0,0,16,0,0,0,0,1048576,0,0,0]-[0,8456196,134217728,2113536,4128]
[0,0,67108864,0,0,0,0,0,0,0,4096,0,0,0,0,16384]-[0,16777472,33554944,0,0]
[0,0,67108864,1024,0,0,0,0,0,0,0,0,0,536870912,0,0]-[100663300,33554432,528,0,524352]
[0,0,0,0,256,0,0,0,0,0,0,0,0,0,65536,0]-[268435456,1073741824,0,128,8]
[128,0,67108864,0,0,256,0,0,0,0,0,0,0,8,0,0]-[0,2048,17408,8321,0]
[0,0,67108928,0,0,0,0,0,134217728,0,0,0,0,0,0,0]-[8388608,67174400,0,32,0]
[0,0,67108864,0,0,0,0,0,0,1048576,0,0,4,0,0,0]-[16777216,0,34603008,0,16384]
[0,0,335544320,0,0,0,0,16,0,0,4096,0,0,0,0,0]-[0,67108896,512,0,2097152]
[0,128,67108864,0,0,0,0,0,1048576,0,4096,0,0,0,0,0]-[16842752,0,0,256,128]
[128,0,67108864,0,0,0,0,0,0,0,0,0,16777216,0,0,0]-[0,327680,0,16777218,0]
[0,4194304,67108864,0,0,0,0,16,0,0,0,0,0,128,0,0]-[0,0,8228,0,64]
[0,0,0,0,0,0,0,0,16777216,0,1,0,0,0,0,0]-[0,0,2147483904,268435456,8]
[0,0,0,0,0,256,0,0,0,0,0,0,0,2097152,0,0]-[8192,0,2101760,536887296,192]
[0,0,0,0,0,0,0,0,0,0,128,0,0,0,33554432,0]-[0,262144,1048576,67633152,0]
[0,0,67108864,0,0,0,0,0,0,0,0,0,0,32,0,0]-[2220986415,3041238076,1348058648,2302453102,3819649]
[0,0,0,0,0,0,0,0,16777216,0,0,0,1024,0,0,0]-[0,0,262146,2147483776,0]
[0,0,0,32,67108864,0,0,0,0,0,0,0,0,128,0,0]-[131072,32,2129920,1084227628,0]
[0,0,67108864,0,0,0,0,0,0,0,1,0,1048576,0,0,0]-[0,131072,2048,1,4]
[0,0,67108864,0,0,0,131072,0,0,0,0,0,0,0,0,0]-[77594662,121651200,2415961092,12800,2754562]
[0,0,0,0,0,0,0,0,1048576,0,0,0,0,128,0,16384]-[32769,0,128,32,0]
[0,0,0,0,0,0,0,16,0,0,4096,4096,0,0,0,0]-[64,32,134217728,128,0]
[0,1024,0,0,0,256,0,0,0,0,0,0,0,128,0,0]-[0,1048576,393216,2048,0]
[0,0,0,0,0,8448,0,0,0,0,0,0,1048576,0,0,0]-[262208,33554432,2363392,2097152,4096]
[1073741824,0,67108864,0,0,0,0,0,0,0,0,0,0,0,0,0]-[2372507753,2504457532,3493395228,58565373,3784919]
[0,0,1140850688,0,0,0,0,0,150994976,0,0,0,0,0,0,0]-[3,0,256,64,0]
[0,0,0,524288,0,0,0,0,0,16777216,0,0,0,128,0,0]-[262144,0,4,8392704,0]
[0,0,67109888,0,0,0,0,16,0,0,0,0,0,0,0,0]-[4096,6664,1280,12288,64]
[0,0,0,0,0,0,0,24,0,0,4096,0,0,128,0,0]-[262144,262144,1073741824,8,0]
[0,0,67108864,0,32768,0,0,0,16777216,0,0,0,0,0,0,0]-[8,536870912,2048,0,2097152]
[0,0,67108864,0,0,0,0,0,0,0,0,131072,0,0,0,0]-[2216693761,102799457,304089360,33554520,559300]
[2097152,0,0,0,0,0,0,0,1048576,0,0,0,0,0,0,0]-[2147795013,2191015937,1115693152,406847553,4]
[0,0,0,16777216,0,8192,0,0,0,0,0,0,0,0,0,0]-[21038144,20480,538968064,8388612,264]
[0,0,0,0,0,0,0,0,67108864,0,0,0,0,128,0,0]-[131079,68157440,8396928,1610612740,524416]
[0,0,0,0,65536,0,0,0,0,0,4096,0,0,0,0,0]-[16641,67239956,1073807424,4266240,2101256]
[0,0,0,0,0,0,8192,0,0,0,4096,0,1048576,128,0,0]-[1,16777217,0,67178496,32]
[0,0,0,0,33554432,0,0,0,0,0,0,256,0,0,0,0]-[0,0,131072,33816576,262144]
[0,0,0,0,0,0,0,16,0,0,0,0,0,1048576,0,0]-[16781824,4120,4,4194304,262144]
[0,0,0,0,0,0,0,16,0,0,0,0,65536,0,0,0]-[5242896,524288,2147483780,8192,8192]
[0,0,0,0,0,0,0,0,1024,0,0,32,0,128,0,0]-[0,0,557056,0,32800]
[0,0,0,0,0,0,0,0,1048576,0,8,0,0,0,0,0]-[402981268,3289677876,738328581,3859850178,516]
[0,0,67108864,0,0,256,16384,0,0,0,0,0,0,0,0,0]-[8,1056,590336,2424896,540672]
[0,262144,0,0,0,0,4,0,0,0,0,0,0,0,0,0]-[268435456,0,134218752,2048,0]
[0,0,0,0,0,0,0,0,262144,0,0,0,262144,65536,0,0]-[134479872,0,0,0,266240]
[0,0,0,0,0,0,0,16,0,0,4096,256,0,0,0,0]-[524288,67108864,0,0,16416]
[0,0,0,0,0,0,4194304,0,0,0,0,0,0,524288,0,0]-[0,524800,0,1048576,65536]
[0,0,0,0,0,0,0,16,0,0,4096,0,0,0,0,131072]-[1073742336,536879169,128,4194312,0]
[0,0,0,0,2097152,0,0,268435456,0,0,0,0,0,0,0,0]-[8,1024,0,268468224,0]
[0,0,67108864,0,0,0,134217728,0,0,0,4096,0,1048576,0,0,0]-[64,0,33554432,4616,2]
[0,0,0,0,536870912,0,0,0,0,134217728,1,0,0,0,0,0]-[512,0,524352,65536,0]
[0,4,0,0,0,0,64,0,0,0,0,0,0,0,0,0]-[33554432,8192,536870912,0,1024]
[0,0,0,0,1048576,0,0,0,0,0,0,0,1048584,0,0,0]-[805306369,0,2097152,0,0]
[0,0,0,0,0,0,0,0,0,0,4096,0,0,0,8192,0]-[16777728,33693984,0,131584,4096]
[0,0,134217728,0,0,0,0,0,0,0,0,0,1048576,0,0,0]-[17826305,9437216,1207959552,67117120,0]
[0,0,0,32,0,0,0,0,0,0,0,0,262144,0,0,0]-[272105472,12288,539000960,33554464,0]
[0,0,0,0,0,0,0,0,0,0,4096,0,8,128,0,0]-[278528,620757024,8929282,671352840,32]
[0,0,0,0,1024,0,8192,0,0,0,0,0,0,0,0,0]-[0,0,67108864,100663312,0]
[0,0,67108864,0,0,0,0,33554432,0,0,4096,0,1048576,0,0,0]-[64,0,65536,33558528,0]
[0,0,16384,0,0,0,0,134217728,0,0,0,0,0,0,0,0]-[536870916,536870912,0,1073741824,0]
[0,0,67108864,0,67108864,0,0,0,134217728,0,0,0,0,0,0,0]-[201394240,805820736,2172936,19923600,526464]
[8,0,8388608,0,0,0,0,0,0,0,0,0,0,0,0,0]-[65664,268435456,0,0,4096]
[0,0,0,0,0,128,8192,0,0,0,0,0,0,0,0,0]-[65536,67117056,0,67108928,1048592]
[0,0,0,0,0,2147483648,0,0,0,0,4096,0,1048584,0,0,0]-[0,32768,1,0,10]
[0,133120,67108864,0,0,0,0,0,0,0,0,0,1048576,0,0,0]-[0,32776,0,6291456,0]
[0,0,67108864,0,0,2048,0,0,8192,0,0,0,0,0,0,0]-[8,0,0,1088,32768]
[512,0,0,0,0,0,0,0,0,0,0,0,0,128,0,0]-[131072,33,536870912,0,0]
[0,0,0,0,0,0,0,1073741824,134217728,0,0,0,1048576,0,0,0]-[1048576,32,33554433,0,0]
[0,0,0,0,0,0,0,16,17825792,0,0,0,0,0,0,0]-[0,544,536871104,2550173891,192]
[0,0,0,0,0,0,0,16777216,134217728,0,4096,0,0,0,0,0]-[8390656,0,0,268435456,16384]
[0,0,67108864,0,0,0,0,0,0,0,0,0,0,4194304,0,0]-[2407600172,805725204,337699604,18981680,1084609]
[0,0,0,0,128,0,0,16,134217728,0,0,0,0,0,0,0]-[1310720,8192,0,131072,0]
[0,524288,0,0,0,0,0,0,0,0,4096,0,0,2147483648,0,0]-[131200,0,8192,0,512]
[268435456,0,0,0,0,0,0,0,1050624,2147483648,0,0,0,0,0,0]-[262144,0,0,2147483648,524289]
[0,0,0,0,0,0,268435456,16,0,0,0,0,0,0,0,0]-[22020096,134217728,153092096,16777216,0]
[0,0,0,0,0,0,0,0,0,0,0,0,0,0,32772,0]-[0,0,335544320,16384,512]
[0,0,16777216,0,0,0,0,0,0,0,0,0,0,2,0,0]-[2097152,2,0,65536,2048]
[0,0,603979776,0,0,0,0,0,0,0,4096,0,1048576,0,0,0]-[8388608,32768,33554432,0,32768]
[0,0,0,0,0,256,0,0,0,0,4096,8,0,128,0,0]-[0,1280,0,268697600,0]
[0,0,0,0,0,0,2147483648,0,0,0,0,0,0,8192,0,0]-[512,8192,67108864,16777216,0]
[0,0,67108864,0,0,8388608,0,0,0,0,0,0,0,0,33554432,0]-[0,67108868,4,4194304,0]
[0,268435584,0,0,0,0,0,0,0,0,0,0,0,0,0,0]-[536870912,134217744,16777216,0,0]
[0,0,0,0,0,0,0,0,16777216,0,4,0,0,0,0,0]-[0,0,1088,2147516416,0]
[0,131072,0,0,0,0,8192,0,0,0,0,0,0,0,0,0]-[1048576,0,0,0,1049089]
[64,0,0,0,0,0,0,0,0,268435456,0,0,0,0,0,0]-[16384,2099200,8,67371008,4096]
[128,0,0,0,0,0,0,0,262144,0,0,0,1048576,0,0,0]-[1048576,3,16,0,1048586]
[1048576,0,0,0,0,0,64,0,134217728,0,0,0,0,0,0,0]-[512,0,12,16,0]
[0,0,67108872,0,0,1024,0,0,0,0,0,0,0,0,0,0]-[0,4,67108864,8193,0]
[0,0,67108864,0,0,0,0,0,2,0,131072,0,0,0,0,0]-[0,2684420096,2097152,0,0]
[0,0,67108864,0,0,0,0,0,0,0,4,0,1048576,0,0,0]-[2097152,512,0,1048576,2]
[0,0,67108864,16777216,0,0,0,0,0,0,0,0,0,0,268435456,0]-[134217730,0,268959744,1028,33792]
[0,0,0,0,0,0,0,0,0,0,67112960,0,0,128,0,0]-[268713984,65,1082130561,4104,32928]
[4096,0,0,0,0,256,0,0,0,0,0,0,0,0,0,0]-[8192,0,276824064,67108864,0]
[0,0,0,0,0,256,1048576,0,0,0,0,0,0,0,0,0]-[1310721,131072,541065296,0,0]
[1048576,16384,0,0,0,0,0,0,0,0,0,0,0,0,0,0]-[67110400,0,0,0,128]
[0,0,0,0,0,0,0,0,0,0,0,0,0,0,33556480,0]-[4,128,0,8388608,8]
[0,0,67108864,0,0,0,1048576,0,0,0,0,0,0,128,0,0]-[64,2048,557060,136315008,2162752]
[0,2097152,268435456,0,0,0,0,0,0,0,0,0,0,0,0,0]-[0,34078728,268435456,0,0]
[0,0,67109120,0,0,0,0,0,17825792,0,0,0,0,128,0,0]-[0,0,0,4226,524288]
[0,0,0,0,0,256,0,0,1048576,0,0,0,0,128,536870912,0]-[16,268435712,0,134217728,0]
[0,0,0,4194304,0,0,0,0,0,0,131072,0,0,0,0,0]-[1024,16416,0,32,0]
[128,0,67108864,0,0,0,0,0,0,0,0,0,0,0,2048,0]-[67108864,0,33554432,65536,524560]
[0,0,67108864,0,0,0,0,0,1048576,2097152,0,0,269484032,0,0,0]-[1,32,0,33554432,1048576]
[0,0,67108864,0,0,0,0,0,0,0,268435456,0,0,0,0,0]-[67637312,541348048,2148078660,137363892,74210]
[0,0,1073741824,0,0,0,0,16,0,0,0,0,0,0,0,0]-[268746752,276826112,9441536,285220864,264241]
[0,0,67108864,2,0,0,0,0,0,0,0,0,0,0,0,0]-[193527808,2147486756,1074824712,16786468,34834]
[0,0,0,0,128,0,0,65536,0,0,0,32,0,0,0,0]-[32768,2147483648,131072,0,2]
[0,0,0,0,0,256,64,0,0,0,0,0,0,0,0,64]-[1,131072,0,537001984,0]
[0,128,0,0,0,0,0,0,0,0,33554432,0,1048576,0,0,0]-[2097152,16384,0,16384,2097152]
[0,0,0,0,0,0,0,16,0,16777216,0,0,0,0,0,0]-[524288,2048,0,256,262272]
[0,0,67108864,0,0,0,0,0,0,32768,0,0,0,128,0,0]-[34816,16908288,0,2101248,0]
[0,0,0,0,0,256,0,0,0,32768,0,0,0,0,0,0]-[131072,0,276824064,2149581056,8192]
[0,0,0,536870912,0,256,0,16,0,0,0,0,0,0,0,0]-[0,0,512,129,262144]
[0,0,0,0,0,0,0,0,0,0,0,0,1310720,0,33554432,0]-[536870912,268501120,268435456,262144,2112]
[128,0,67108864,0,0,0,0,0,3145728,0,0,0,0,0,0,0]-[0,262400,8200,0,0]
[0,0,0,0,0,256,0,0,0,4096,4096,0,0,0,0,0]-[512,9216,0,4096,0]
[0,0,0,0,0,0,0,16777232,1048576,0,0,0,0,128,0,0]-[16,32,0,134217856,0]
[0,0,0,0,0,0,0,16,0,0,0,8,0,0,0,0]-[16,589832,1048640,67108864,262144]
[16777216,0,67108864,0,0,0,16777216,0,0,0,0,0,0,0,0,0]-[0,0,1052672,1048576,2]
[32,0,0,0,0,0,0,0,4,0,0,0,256,0,0,0]-[0,1073758208,0,0,16385]
[0,0,0,0,0,0,0,0,0,0,0,0,1048576,0,0,2048]-[809500674,0,10489856,1638400,12]
[0,0,0,0,0,64,0,0,0,0,0,0,0,512,0,0]-[262144,4194306,0,0,8192]
[0,0,16777216,0,0,0,0,0,1048576,0,4096,0,1048576,0,0,0]-[276824064,1,0,0,2]
[0,0,67108864,0,0,0,0,0,0,0,4096,0,1048576,536870912,0,0]-[2,268500992,0,2147483648,0]
[0,32,0,1,0,0,0,0,0,0,0,16384,0,0,0,0]-[0,33554432,0,1073741824,2176]
[128,0,67108864,134217728,0,0,0,0,1048576,0,0,0,0,0,0,0]-[0,0,8192,1,524292]
[0,2097152,67108864,0,0,0,0,0,1048576,0,0,0,0,0,0,0]-[65536,37748740,8208,2147487872,131093]
[0,0,67108864,0,0,0,0,0,0,0,2097152,0,0,0,0,0]-[138941000,8388736,16777296,1208132608,32]
[0,0,67108864,1024,0,0,256,0,16777216,0,0,0,0,0,0,0]-[2,0,65536,16809984,0]
[0,0,0,0,0,0,67108864,8,0,0,0,0,0,0,0,0]-[0,20672,128,0,1572865]
[0,0,0,0,0,0,0,0,1048576,0,0,1,0,0,33554432,0]-[4,541065216,536870912,0,0]
[0,0,0,0,0,0,8192,0,0,0,67108864,0,0,128,1024,0]-[268435456,2112,0,134217728,0]
[0,0,0,0,0,8192,0,0,0,0,131072,0,0,0,0,0]-[0,2147483648,2359296,262144,0]
[0,0,0,0,67108864,0,0,16,0,0,4096,0,0,128,0,0]-[0,65536,2147483650,2097152,0]
[0,0,8,0,0,0,0,16,134217728,0,0,0,1048576,0,0,0]-[16384,75497480,0,0,0]
[0,0,67633152,0,0,0,0,0,0,0,0,0,1048576,0,0,0]-[16777216,65536,0,16777472,0]
[0,0,0,0,32,0,0,16777232,0,0,0,0,0,0,0,0]-[524304,0,0,134217856,0]
[64,0,16777216,0,0,0,0,0,0,0,0,0,0,0,0,0]-[0,536872960,134217856,0,0]
[128,0,67108864,0,0,0,0,0,0,0,0,0,16384,0,0,0]-[0,536875008,67108864,0,1]
[8192,0,0,0,0,8192,0,0,0,0,0,0,0,0,0,0]-[33554432,0,2097220,0,0]
[0,0,0,1024,0,0,0,16,0,0,0,0,0,0,0,0]-[1048576,1024,4,0,8]
[0,0,67108864,0,0,0,0,0,0,0,4096,0,0,0,128,0]-[16777216,32832,33554432,327936,32768]
[0,0,67108864,0,16777216,0,0,33554432,0,0,0,0,0,0,16384,0]-[0,1,100663296,1024,0]
[128,0,67108864,0,0,0,0,0,0,0,0,0,0,128,33554432,0]-[0,603979808,2147483648,0,0]
[0,0,67108864,0,0,256,0,1073741824,0,0,0,0,0,0,0,0]-[0,74240,4,0,0]
[0,0,0,0,0,0,8192,0,524288,0,0,0,0,0,0,0]-[0,16777216,16777216,16,32]
[0,0,1,0,0,0,0,0,0,0,4096,0,0,0,0,0]-[256,64,1073745937,16640,2129920]
[0,0,0,0,0,260,0,0,0,0,0,0,0,0,0,0]-[524288,0,0,536895488,0]
[0,0,67108864,0,0,0,2097152,0,0,0,4096,0,0,0,0,0]-[0,2164260864,1073742336,128,16386]
[0,0,0,0,536870912,256,0,0,1048576,0,4096,0,0,0,0,0]-[0,33554432,0,67111168,0]
[0,0,67108864,0,0,0,0,0,8,0,4096,0,0,0,0,0]-[17301504,536871968,0,4227076,32768]
[0,0,536870912,0,0,0,0,512,0,0,0,0,1048584,0,0,0]-[0,0,8192,131072,2097280]
[0,0,128,0,33554432,0,0,0,0,0,0,0,0,0,0,0]-[33562624,0,524288,67108864,0]
[0,1073741824,67108864,0,0,0,0,0,0,0,0,131072,0,0,0,0]-[2097152,4096,1073741840,0,0]
[4,0,8388608,0,0,0,0,0,0,0,0,0,0,0,0,0]-[8388608,524288,0,0,1310720]
[0,0,67108864,0,0,0,0,268435456,0,0,0,32,0,0,0,0]-[2,16384,32800,0,0]
[0,0,67108864,0,0,256,0,0,0,2,0,0,0,0,0,0]-[8,2097160,8200,16785408,0]
[0,0,0,0,0,0,0,8,0,0,0,0,0,0,256,0]-[0,16384,1049736,0,528384]
[0,0,67108864,0,2147483648,0,0,0,0,0,0,0,1048576,0,0,0]-[0,16793608,16,134217728,65600]
[0,0,0,0,0,0,0,16,1048576,0,0,16384,0,0,0,0]-[2048,0,524288,536871936,0]
[0,0,67108864,131072,0,0,0,0,0,0,0,33554432,0,0,0,0]-[8,8192,260,0,0]
[268435456,0,67108864,0,0,0,0,0,0,0,4096,0,0,0,0,0]-[8388608,67108864,512,0,32768]
[0,0,0,0,0,0,0,0,0,0,0,0,0,192,0,0]-[262664,4653184,2147746308,6148,589832]
[0,0,67108864,0,67108864,0,0,8,0,0,0,0,0,128,0,0]-[0,64,32768,16,1048576]
[0,0,0,0,0,0,0,0,0,8388608,0,32,1048576,0,0,0]-[131074,0,0,35651584,0]
[0,4,0,0,0,0,0,0,64,0,0,0,0,0,0,0]-[167772416,0,0,0,1024]
[0,0,67108864,0,0,0,0,0,1048576,0,4096,0,0,0,33554432,0]-[0,33816576,0,1280,0]
[0,0,0,0,0,0,8388608,0,0,0,0,0,537919488,0,0,0]-[131072,0,0,2179072,0]
[0,128,67108864,0,0,0,0,0,0,0,0,0,0,0,8,0]-[2,0,4,33280,0]
[0,0,1048576,0,0,0,0,0,0,0,0,0,0,262144,0,0]-[0,8388616,2147483648,0,4]
[0,0,0,0,0,256,0,16,1048576,0,0,32,0,128,0,0]-[16,0,0,134219776,8192]
[0,0,0,0,0,0,2097152,0,1048576,0,0,0,0,128,0,0]-[2097152,0,1073741824,192,139264]
[2,0,0,0,0,0,0,2048,0,0,0,0,0,0,0,0]-[134217728,0,512,536870916,0]
[0,0,0,0,2097152,0,0,0,0,0,4096,0,65536,0,0,0]-[4096,32,65536,2048,0]
[268435456,128,67108864,0,0,0,0,0,1048576,0,0,0,0,0,8,0]-[2048,16,2048,2097152,0]
[0,524288,0,0,0,0,0,16,0,0,0,0,0,0,0,0]-[0,402657280,2129984,33554496,2111520]
[0,0,131072,0,0,0,0,16,0,0,0,0,0,128,0,0]-[16384,0,536870912,0,270336]
[0,0,0,16384,0,0,0,0,0,0,0,0,0,128,0,0]-[0,268436480,3221356546,4,32768]
[0,0,0,0,0,0,64,0,0,0,0,0,1050624,0,0,0]-[2147485696,128,0,0,2048]
[0,0,0,0,0,0,0,16,0,0,0,0,32768,128,0,0]-[64,0,2147483648,67108928,0]
[0,0,67108864,0,0,0,8192,0,0,0,0,1,0,0,0,0]-[0,139264,0,65536,1]
[0,0,67108864,0,0,0,0,8,0,0,0,0,262144,0,0,0]-[20973572,256,4096,262144,128]
[0,0,0,4096,67108864,0,0,0,0,0,0,0,0,0,0,0]-[262144,2147483648,4,256,0]
[0,0,16777216,0,0,64,0,0,0,0,0,0,1048576,0,0,0]-[268435456,0,0,2147483648,66]
[0,0,0,0,0,8192,0,2048,0,0,0,0,0,128,0,0]-[0,0,2392064,128,0]
[0,0,0,0,0,0,0,0,1048576,8,0,0,0,128,0,4]-[0,0,524321,0,128]
[4,256,0,0,0,0,0,0,0,512,0,0,0,0,0,0]-[136314880,0,0,268435456,16384]
[0,0,67108864,262144,0,0,64,0,0,0,0,0,0,0,0,0]-[2,8192,0,0,65540]
[0,0,0,0,0,0,0,1,0,0,0,0,1048576,0,0,0]-[33620226,16448,536889664,402792480,4]
[0,0,0,0,0,0,0,32,1048576,0,0,0,0,0,0,0]-[1048580,100663808,8519880,18448,5248]
[0,0,0,67108864,0,0,0,1073741824,0,0,0,0,0,0,0,0]-[2148532224,33,0,0,0]
[0,0,0,0,0,4352,0,16,0,0,0,0,0,0,0,0]-[0,4608,131072,0,8192]
[0,0,67174400,65536,0,0,0,0,0,0,0,0,0,0,0,0]-[8,8192,3145728,0,0]
[0,0,0,0,0,0,0,8388608,0,0,4096,0,262144,0,0,0]-[65536,64,142606336,0,0]
[0,0,67108864,0,0,0,0,0,0,0,4096,0,268435456,128,0,0]-[0,65536,4,2097154,0]
[0,0,0,0,67108864,8388608,0,0,0,0,0,0,0,0,0,0]-[67108864,8388624,66048,4096,0]
[0,0,0,0,0,0,0,0,1572864,0,0,0,0,0,0,262144]-[256,512,0,5242880,0]
[16777216,0,0,0,0,256,0,0,1048576,0,0,8388608,0,0,0,0]-[131328,256,64,0,0]
[0,0,67108864,0,0,0,0,256,0,0,0,0,0,0,0,0]-[789055795,543594484,33657364,2186642101,2197831]
[0,0,0,0,0,0,0,0,0,0,0,16384,1048576,128,0,0]-[64,25165824,0,2097152,0]
[0,0,67108864,0,0,8388608,0,0,0,0,0,0,0,0,0,1]-[134217800,0,0,0,16384]
[0,0,67108864,0,0,0,64,0,1048576,0,0,0,0,0,0,4096]-[33554432,262912,0,0,0]
[0,0,0,0,0,0,0,16,0,0,0,0,0,0,0,32]-[0,8388608,131072,0,16512]
[0,0,67108864,0,67108864,0,0,0,135266304,0,0,0,0,128,0,0]-[2048,327936,1073741824,2097168,524288]
[0,0,0,0,0,0,0,4112,0,0,0,0,0,0,0,0]-[1040,150995472,134353984,155904,8232]
[0,0,0,0,67108864,0,0,0,0,0,262144,0,0,0,0,0]-[0,1572864,8,1024,0]
[16,0,0,0,0,0,0,512,0,0,0,0,1048576,0,0,0]-[16384,2048,4194304,2097152,0]
[0,0,0,0,0,0,0,0,32,0,0,0,0,128,0,0]-[4,536870912,537133056,0,2228224]
[0,0,67108864,0,536870912,0,0,0,0,0,0,0,256,0,0,0]-[0,4210688,0,0,16385]
[0,0,0,0,8192,0,0,0,0,0,0,0,0,1,0,0]-[1082130432,1073741824,0,0,1]
[0,0,0,0,0,256,1024,0,0,0,0,0,0,0,0,0]-[520,128,8912905,536870912,0]
[0,0,0,0,0,0,64,16,0,0,0,0,0,128,0,0]-[1310720,546308160,3759276194,603979776,2105376]
[0,0,0,0,2147483648,0,0,0,0,0,0,0,0,128,2097152,0]-[0,524288,0,0,16912]
[0,0,0,0,0,2147483648,0,0,16777216,0,0,0,0,0,0,0]-[128,2147483648,1073807376,268435456,786432]
[0,0,0,0,0,0,2048,0,1048576,0,0,0,1310720,0,0,0]-[0,1064960,0,6291456,0]
[128,0,67108864,0,0,8192,0,0,0,524288,0,0,0,0,0,0]-[0,1024,0,1048640,4]
[0,0,67108864,0,0,0,0,131072,1048576,0,0,0,0,0,0,0]-[2147485700,536871440,524288,0,1048576]
[0,0,0,0,0,32,0,0,0,0,0,0,262144,512,0,0]-[0,1,33554434,256,0]
[0,0,0,0,0,0,0,0,0,0,4096,0,1074790400,0,0,0]-[0,0,0,135176,2]
[0,0,0,0,0,4096,0,0,0,0,0,0,0,128,0,0]-[2,0,0,8652816,0]
[0,0,0,0,536870912,0,0,0,0,0,0,0,1048576,0,0,0]-[4472832,4227,16,1048640,25604]
[0,0,67108864,0,0,64,0,0,0,0,0,0,0,0,33554432,0]-[2048,67109120,2148007940,16777216,2]
[524288,0,0,0,0,0,0,0,0,0,0,0,0,32,0,0]-[2147483648,1024,16785408,0,0]
[0,0,67108864,0,4194304,256,0,0,0,0,0,0,0,0,0,0]-[524288,256,512,65540,3073]
[0,0,0,0,8192,8192,0,0,0,0,0,0,0,0,0,0]-[32,545521664,0,0,0]
[1048576,0,67108864,0,0,0,0,0,1048576,0,0,0,0,128,0,0]-[32768,536870912,0,64,4]
[0,0,0,0,0,0,0,0,0,0,262144,524288,0,0,0,0]-[16,0,8454144,65536,0]
[0,0,2,0,0,0,0,0,0,0,2147483648,0,1048576,0,0,0]-[0,18433,262144,0,0]
[128,0,67108864,0,0,0,0,0,4194304,0,4096,1,0,0,0,0]-[0,131072,16,0,2097154]
[0,0,0,16384,16777216,0,0,0,0,0,0,0,0,0,0,0]-[257,1024,256,0,0]
[0,0,0,0,0,131072,0,0,0,0,4096,0,0,128,0,0]-[2048,262144,0,67174400,0]
[0,0,0,0,0,0,0,0,142606336,0,0,536870912,0,128,0,0]-[512,67108864,0,32,128]
[0,0,0,0,0,0,0,16,0,0,0,0,0,33554560,0,0]-[262144,536871936,4,0,0]
[0,0,0,0,0,8192,0,0,4096,0,0,0,0,0,0,0]-[536870916,0,64,0,8]
[0,0,67108864,0,0,0,0,0,1048576,0,0,32,1048576,0,268435456,0]-[32769,0,0,34603008,0]
[0,0,67108864,0,0,16,0,0,0,0,4096,0,0,0,0,0]-[0,0,512,65668,0]
[0,2048,0,0,67108864,0,0,0,1048576,0,0,0,0,0,0,0]-[131076,0,0,32,1]
[0,0,0,0,0,256,8192,0,1048576,0,0,0,0,0,0,0]-[2147696640,416,17047648,335583488,1]
[0,0,83886080,0,0,0,0,0,0,0,0,0,32,0,0,0]-[2147483680,0,524288,0,16]
[0,0,0,0,0,0,0,0,1048576,0,0,0,0,0,1048576,64]-[0,0,8388608,1056768,1048576]
[0,0,67108864,0,0,0,8192,0,1048576,0,0,0,0,128,0,0]-[33589249,805306624,524320,136319728,1572928]
[0,0,0,0,33554432,0,0,0,0,0,0,0,1048576,0,0,0]-[1,32770,6295552,67108868,2162688]
[0,0,67108864,0,16,0,64,0,0,0,0,0,1048576,0,0,0]-[0,0,8192,16781312,32768]
[0,0,67108864,0,0,2147483648,0,0,0,0,0,0,1048576,0,0,0]-[0,20,71368704,2097280,51202]
[0,0,0,0,0,0,33554432,0,1048576,0,0,0,0,0,33554432,0]-[1048608,8,1024,0,0]
[0,0,67108864,0,0,64,0,16,0,0,4096,0,0,128,0,0]-[1,65,0,8,0]
[0,0,0,0,0,0,0,65536,0,0,0,0,4,0,0,0]-[32,512,0,1073741952,0]
[0,0,0,0,0,0,0,0,0,0,0,0,0,1048704,0,0]-[268436488,1048576,545259522,0,32]
[0,0,0,0,0,0,0,0,0,0,0,0,1048576,131072,0,0]-[16641,51202,141889792,67371168,2359424]
[0,0,0,0,0,0,0,8,0,0,4096,0,8,0,0,0]-[16777728,16777216,512,0,0]
[0,0,0,0,0,0,0,0,1048576,0,0,0,0,262144,0,0]-[196608,268435456,0,537919584,64]
[0,0,67108864,0,8388608,0,0,0,0,0,0,0,0,0,0,0]-[4227137,2154053904,2451571216,17306697,2621527]
[128,0,67108864,0,0,0,8,0,0,0,0,0,0,0,0,0]-[0,0,33570816,32,64]
[0,0,0,0,0,64,0,0,16384,0,0,0,0,0,0,0]-[576,2147483648,0,64,0]
[0,0,0,0,0,32,0,0,134217728,8388608,0,0,0,128,0,0]-[0,256,2097152,1073741824,1024]
[0,0,0,0,0,128,0,0,0,0,0,0,0,256,0,0]-[0,514,1073742080,0,0]
[0,0,0,0,0,64,0,268435456,0,0,0,0,0,0,0,0]-[16,524288,2080,0,0]
[0,0,335544320,0,0,256,0,0,0,0,0,0,0,0,0,0]-[0,16777248,512,0,2048]
[0,0,67108864,0,0,64,0,0,5242880,0,0,0,0,0,0,0]-[0,768,524296,0,0]
[0,0,0,0,0,0,64,0,150994944,0,0,0,0,0,0,0]-[0,256,536870914,0,256]
[0,0,0,131072,0,0,64,0,0,0,0,0,0,0,0,0]-[0,32768,536870912,4096,1024]
[128,0,83886080,0,0,8192,0,0,0,0,0,0,4194304,0,0,0]-[8388640,0,16,0,32768]
[0,0,0,262144,0,0,0,0,1048576,0,0,0,1048576,0,0,0]-[65540,128,536870912,0,0]
[0,0,67108864,536870912,0,0,0,0,1048576,0,0,0,0,0,0,0]-[0,262656,33554464,288,4]
[0,0,0,0,0,0,0,16,0,0,4096,0,1048576,0,0,0]-[1350848577,92284973,1207963664,2248331544,2117800]
[0,0,67108864,0,67108864,0,0,0,0,0,0,32,0,0,0,0]-[134217728,2701148176,40,1048640,2099200]
[0,8192,67108864,0,0,0,0,268435456,0,0,0,0,0,0,0,0]-[2214592522,0,2080,32768,16]
[0,0,67108864,0,0,0,0,0,0,0,0,4096,0,128,0,0]-[4,335609856,2097152,200,0]
[0,0,8,0,0,0,0,0,0,0,4096,0,0,0,0,0]-[2102016,4,8392704,67143680,65538]
[0,0,0,0,0,0,0,0,0,2097152,0,0,0,8,0,0]-[0,1073741824,1048576,2048,8]
[0,524288,0,0,0,0,0,0,16777216,0,0,0,1048576,0,0,0]-[0,0,262144,134217728,72]
[128,0,0,0,67108864,0,0,0,0,0,0,0,0,128,0,0]-[128,65,2147483648,262144,0]
[0,0,67108864,0,0,0,64,0,134217728,0,4096,0,0,128,0,0]-[2048,67108928,1073741824,0,0]
[128,0,524288,0,0,64,0,0,1,0,0,0,0,0,0,0]-[0,0,8192,8193,32]
[0,0,1024,0,0,0,0,16,0,0,0,0,0,128,0,0]-[32832,67108864,537919488,469764240,2105376]
[0,0,0,0,0,0,0,0,0,0,0,32,0,0,16,0]-[8,33554432,524288,16384,0]
[0,0,0,0,0,64,0,0,134217728,0,0,0,0,536871040,0,0]-[2064,2048,0,0,192]
[0,0,0,0,0,0,0,0,134217728,0,0,0,0,0,0,262144]-[0,266,0,268435472,524544]
[0,0,0,0,0,0,0,0,0,8192,0,0,256,0,0,0]-[524288,0,0,1073872904,0]
[0,0,67108864,0,0,0,0,0,0,0,0,256,0,128,0,0]-[32,0,0,32768,2049]
[0,0,0,0,0,0,0,0,256,0,0,32,0,0,0,0]-[0,0,655360,2147483648,1048576]
[0,0,0,0,0,256,0,0,2048,0,0,0,0,0,0,0]-[336593168,33558528,0,2048,0]
[0,0,67108864,0,0,0,0,0,0,1073741824,4096,0,0,0,0,0]-[0,17039376,4096,65796,0]
[0,8388608,67108864,536870912,0,0,0,0,1048576,0,0,0,0,0,0,0]-[0,528,0,256,4]
[0,0,0,128,0,0,0,0,0,0,4096,0,1048576,128,0,0]-[4,1073741824,2,1073741824,0]
[0,0,0,0,0,64,16384,1073741824,0,0,0,0,0,0,0,0]-[0,0,16385,2048,1]
[0,0,67108864,0,0,0,0,0,0,0,0,8388608,0,0,0,0]-[134283304,2219107872,1411917328,19706036,3755143]
[0,0,0,0,0,256,0,0,16777216,0,0,0,262144,0,0,0]-[0,1060864,0,2097152,0]
[0,0,67108864,0,0,0,0,0,2048,0,0,0,0,128,0,0]-[4,536870977,32768,134217732,128]
[0,0,0,0,67108864,0,0,0,1048576,0,0,0,1048576,0,536870912,0]-[128,0,0,6291456,128]
[0,0,0,0,32,128,0,0,0,0,0,0,0,128,0,0]-[512,0,16384,1140850688,0]
[0,0,0,0,0,8192,8192,16,0,0,0,0,0,0,0,0]-[536870912,0,262148,0,8]
[8192,0,0,0,0,0,4,0,0,0,0,0,0,0,0,0]-[0,4194304,2097152,132096,0]
[0,0,0,0,0,256,0,0,0,0,0,256,0,0,0,0]-[0,67108928,541065216,553828480,264192]
[0,0,67108864,0,0,0,0,0,0,0,67108864,0,1048576,0,0,0]-[0,8192,268451848,1,4]
[0,0,67108864,0,0,0,0,0,0,262144,0,0,0,0,0,0]-[209715243,2181447681,104861976,2164859357,589958]
[0,0,0,0,0,256,0,0,0,0,0,0,0,0,0,131072]-[0,8576,0,0,131072]
[0,4096,67108864,0,0,0,0,0,0,0,4096,0,0,0,33554432,0]-[2621440,8192,0,0,2097152]
[0,0,67108864,0,0,0,0,0,0,0,0,0,0,128,0,131072]-[0,536870977,0,36,131072]
[0,0,0,0,67108864,0,0,0,1048576,0,4096,0,0,0,0,0]-[278784,16,1,640,0]
[128,0,0,0,0,0,0,0,0,0,0,0,262144,0,0,0]-[173427264,604503299,545259658,1179836609,1052770]
[0,0,67108864,0,0,0,0,65536,1048576,0,0,0,0,0,0,0]-[2149613573,536871680,33554440,2130049,0]
[0,0,67108864,0,0,256,0,8192,0,0,0,0,0,0,0,0]-[524288,2099200,256,8192,2048]
[0,0,0,0,0,0,2147483648,0,0,0,0,0,1048576,0,0,524288]-[0,2097152,0,2176,131072]
[0,0,65536,0,0,0,0,0,1048576,0,0,0,0,128,0,0]-[0,536870912,32,144,8192]
[0,0,67108872,0,0,0,0,0,0,0,0,0,0,0,0,2048]-[1,64,0,138412032,0]
[0,0,0,0,0,0,0,0,1048704,0,0,0,0,0,0,0]-[1375995136,134217794,33587289,1074790785,2623488]
[0,0,67108864,0,0,0,0,0,1048576,0,0,65536,0,0,0,0]-[0,0,4196368,128,0]
[0,2097152,67108864,0,0,0,0,0,0,0,4096,16777216,1048576,0,0,0]-[0,8,16,4259840,0]
[0,0,0,0,0,0,0,0,0,0,0,32,64,0,0,0]-[0,1049600,0,268435456,512]
[8,0,0,0,0,0,0,0,1048576,0,0,0,0,128,0,0]-[32768,0,0,1342177792,0]
[0,1073741824,0,0,0,0,0,0,0,0,0,0,0,128,0,0]-[269615104,268437504,32768,67108866,262208]
[0,128,67108864,0,0,8192,0,0,0,0,0,0,0,0,0,0]-[36175882,2147483648,2130948,294912,16384]
[1048576,0,64,0,0,0,0,0,0,0,0,0,0,0,0,0]-[0,0,268435456,18432,262144]
[0,0,0,0,0,0,0,0,0,0,16384,0,262144,0,0,0]-[268435456,2,33554817,67174400,0]
[0,0,67108864,0,0,0,1073741824,0,0,0,0,0,1310720,0,0,0]-[0,2052,0,65792,0]
[0,0,67108864,0,0,0,0,8,0,32768,0,0,0,0,0,0]-[16779264,16908288,4096,2097152,0]
[0,0,67108864,0,0,0,0,0,0,0,0,0,0,0,0,256]-[2292776970,179244,3590371372,36708878,673799]
[0,0,0,0,0,16,0,0,0,0,4096,0,0,0,0,0]-[1074003968,16777248,512,65668,0]
[0,0,67108864,0,0,0,0,0,1048608,0,0,0,0,2147483648,0,0]-[65536,512,0,128,64]
[0,0,67108864,0,0,0,0,16,0,524288,0,0,0,0,0,0]-[4194305,1024,0,16777216,0]
[0,32,0,0,0,0,0,16,0,0,0,0,262144,0,0,0]-[16384,4096,16777216,67108864,0]
[0,1048576,0,0,0,0,0,0,0,0,0,0,0,16,0,0]-[0,0,536870912,64,1048578]
[0,0,0,0,0,256,64,16,2048,0,0,0,0,0,0,0]-[80,0,134217728,2048,0]
[0,0,0,1048576,0,256,0,0,0,0,0,0,1048576,128,0,0]-[0,64,536887296,2,0]
[0,0,536870912,0,4194304,0,0,0,0,0,0,0,0,128,0,0]-[0,536870912,131072,8388612,0]
[131072,0,67108864,0,0,256,0,0,0,0,0,0,0,0,0,0]-[0,0,0,73792,128]
[0,0,67108864,0,0,0,0,0,1048640,0,0,0,0,0,0,0]-[0,0,0,2147483664,1025]
[0,0,0,0,0,0,0,0,0,1,4096,0,1048576,0,0,0]-[262144,4,0,8,128]
[0,0,0,0,0,64,33554432,16,0,0,0,0,0,128,0,0]-[16464,0,0,0,32]
[0,0,16777216,0,131072,0,0,0,0,0,0,0,0,0,0,0]-[0,4097,33554432,1073741824,0]
[0,0,2147483648,0,0,0,2048,16,0,0,0,0,0,0,0,0]-[0,134218272,0,134217728,0]
[0,0,0,67108864,0,64,0,0,0,0,67108864,0,0,0,0,0]-[16384,524288,128,0,1024]
[0,0,0,0,0,0,0,0,1024,0,33554432,0,0,0,0,0]-[0,512,1024,0,262176]
[1073741824,0,67108864,0,0,0,0,0,16777216,0,0,0,0,0,0,0]-[0,8192,0,2097184,16]
[0,0,67108864,0,0,0,0,0,0,0,0,0,0,16,0,0]-[8388648,2151743856,0,1086804,1179794]
[0,0,67108864,8388608,0,0,0,0,0,0,0,0,0,128,0,0]-[67108864,4194308,65536,0,0]
[0,256,0,0,0,0,0,0,0,0,0,0,0,128,0,0]-[304087044,268829728,1075880068,1073811586,262240]
[0,0,256,0,0,0,0,0,1048576,0,0,0,0,0,0,0]-[131076,1073741956,56,268447906,0]
[0,0,0,0,0,0,134217728,0,0,0,0,0,0,130,0,0]-[0,0,536870912,8393216,0]
[0,0,0,0,0,536870912,0,0,0,0,0,0,0,131200,0,0]-[16384,16777216,557056,0,0]
[0,4194304,0,0,0,0,64,0,0,0,0,0,0,128,0,0]-[512,2048,0,201326592,0]
[0,0,0,0,0,0,0,16,0,0,4096,16777216,0,0,0,0]-[0,16,0,128,20480]
[0,0,67108864,0,16777216,0,64,0,134217728,0,4096,0,0,0,0,0]-[2048,603979776,16,0,0]
[0,0,0,0,0,8192,0,256,134217728,0,0,0,0,0,0,0]-[16,1048834,0,0,0]
[0,128,0,0,0,0,0,0,1048576,0,0,32,131072,0,0,0]-[0,33554944,33554432,1073741824,0]
[128,1024,0,0,0,0,0,0,0,0,0,0,0,128,0,0]-[0,256,0,268435458,32]
[0,0,67108864,0,0,0,0,0,16777216,0,0,131072,0,0,0,0]-[0,67141632,16,0,2048]
[0,0,67108865,0,0,0,0,0,17301504,0,0,0,1048576,0,0,0]-[0,0,33566720,0,65536]
[0,2048,0,16777216,0,0,0,0,0,0,0,0,0,128,0,0]-[64,1073741824,0,266240,0]
[0,0,0,0,65536,0,0,0,16777216,0,4096,0,0,0,0,0]-[0,9216,0,393216,0]
[0,0,0,0,0,0,0,0,0,0,4096,0,0,128,512,0]-[0,2048,32,1073741856,0]
[0,0,67108864,0,0,0,8192,0,0,0,0,0,0,0,4,0]-[524288,0,524288,134217728,524288]
[0,128,0,0,0,0,0,0,0,512,0,0,0,128,0,0]-[1048576,131072,0,268435456,128]
[128,16777216,0,0,0,0,0,0,0,0,4096,0,0,0,0,0]-[0,262144,16384,163840,0]
[0,0,0,0,0,0,0,0,17825792,0,8388608,0,0,0,0,0]-[2164260864,1073807360,0,0,0]
[1,0,0,0,0,0,0,16,0,0,0,0,0,0,0,0]-[0,0,2102016,67108864,0]
[0,0,0,8388608,0,256,0,0,0,0,0,0,0,0,0,0]-[0,0,0,16908416,32768]
[0,0,0,0,0,8192,0,0,0,0,0,0,0,512,0,0]-[0,32768,64,1073741952,0]
[0,0,0,0,0,0,0,67108864,1048576,0,4,0,0,0,0,0]-[0,8650752,33554432,0,256]
[0,0,0,0,67108864,64,0,0,0,0,0,0,0,0,0,0]-[8536968,3355449904,9517280,671088773,16388]
[0,0,0,0,8,0,16384,0,0,0,0,0,0,0,0,0]-[32,524288,512,0,32]
[0,0,0,0,0,0,0,16,16779264,0,0,0,0,0,0,0]-[0,512,2147483650,128,0]
[0,4,67108864,0,0,0,64,0,0,0,0,0,1048576,0,0,0]-[33554436,8208,0,0,0]
[0,0,67108864,0,65536,0,0,0,0,0,4096,0,1048576,0,0,0]-[0,0,16,4198400,2097152]
[0,0,67108864,0,0,0,0,16,0,0,0,0,262144,0,0,32]-[0,67112964,32768,0,0]
[0,0,0,0,0,0,0,0,134217728,2097152,0,0,0,0,0,0]-[65536,268437632,536872960,276824320,0]
[0,0,0,0,0,0,0,0,0,2147483648,0,0,131072,0,0,0]-[0,0,2049,1073872896,0]
[8388608,0,67108864,0,0,0,0,0,0,4194304,0,0,0,0,0,0]-[16777224,0,268435456,0,2097152]
[0,0,67108864,0,0,0,0,0,134217728,0,0,0,0,16384,0,0]-[32,16384,10240,0,0]
[0,0,67108864,0,2147483648,0,0,16777216,0,0,0,0,1048576,0,512,0]-[8388608,0,0,134217728,2097216]
[0,0,0,0,2147483648,64,0,512,0,0,0,0,0,0,0,0]-[128,0,0,2147483648,6]
[0,0,0,0,524288,0,0,0,134217728,0,67108864,0,0,128,268435456,0]-[268435456,64,1073741824,0,1024]
[0,0,67108864,0,0,0,0,0,0,0,0,0,0,536871040,0,0]-[33556551,285346101,1074855936,2147811440,2753732]
[0,0,0,0,0,8256,0,0,0,0,0,0,8,0,0,0]-[536870912,0,0,1,130]
[0,0,67108864,0,0,0,0,0,134217728,0,128,0,0,0,0,0]-[4,16384,65536,65536,0]
[0,1048576,67125248,0,0,0,0,0,0,0,0,0,0,0,0,0]-[0,776,0,0,2097152]
[0,0,67108864,0,0,0,0,0,268435456,512,0,0,0,128,0,0]-[278528,0,0,268435456,262144]
[0,0,512,0,0,0,4,0,0,0,0,0,0,0,0,0]-[0,268435456,2147491904,0,0]
[0,0,0,16384,0,0,0,8,0,0,0,0,0,0,0,0]-[20484,4227072,0,32768,8]
[0,8192,67108864,0,67108864,0,0,0,0,0,0,0,0,0,0,0]-[0,2231386112,268435460,0,0]
[0,0,16777216,0,0,0,0,0,0,0,536870912,0,0,0,0,0]-[0,0,262144,2147484672,2]
[4,0,67108864,0,0,0,0,0,0,0,4096,0,0,0,0,0]-[4096,536870944,1073741824,0,0]
[128,0,67108864,0,0,8192,0,0,1048576,0,0,0,0,0,0,0]-[0,268435456,32768,32769,256]
[0,0,134218240,0,0,0,0,0,0,0,0,0,0,0,0,0]-[536870912,8650784,0,0,0]
[0,0,0,98304,0,0,0,0,0,0,0,0,0,0,0,0]-[1048576,0,0,268566528,131072]
[0,0,0,0,0,0,0,0,1048576,0,0,0,0,16512,0,0]-[0,806354944,270336,128,0]
[0,0,0,0,0,8192,0,0,1048576,0,0,64,0,128,0,0]-[16,262144,1,512,0]
[256,0,67108864,0,0,0,0,0,0,0,0,0,0,0,256,0]-[8,33554436,0,1048576,0]
[524288,0,0,0,0,0,0,0,0,0,0,268435456,1048576,0,0,0]-[2147549700,0,0,0,0]
[0,0,67108864,0,0,0,0,0,0,0,0,16384,1048576,536871040,0,0]-[64,285278208,0,0,0]
[0,0,0,1073741824,0,256,0,0,0,0,0,0,1048576,128,0,0]-[1048576,268435456,262144,4,0]
[0,0,67108864,0,0,0,0,16,17825792,0,0,0,1048576,0,0,0]-[0,544,0,134221824,0]
[0,536870912,0,0,0,0,8192,0,0,0,0,0,0,0,0,0]-[266240,64,0,0,8192]
[0,0,0,0,0,2147483648,0,0,0,0,0,262144,0,0,0,0]-[2147483648,33152,0,0,0]
[0,128,0,0,0,32,0,0,0,0,0,0,0,0,0,0]-[0,524288,6291458,1107558400,32768]
[0,32,0,0,0,0,0,0,0,0,0,0,0,536870912,0,0]-[4096,134217760,32768,0,0]
[0,0,603979776,0,0,64,0,0,1048576,0,0,32,0,0,0,0]-[2147483648,512,32,8192,0]
[0,0,67108864,0,0,0,0,0,0,0,4096,0,262144,0,0,4096]-[0,553648128,33554432,65536,0]
[524288,0,67108864,0,0,0,64,0,0,0,0,0,0,0,0,0]-[0,8192,0,512,1028]
[0,0,0,0,0,64,0,0,0,0,0,524288,0,0,0,0]-[65538,0,8388608,8192,0]
[0,0,0,0,0,64,0,0,0,0,4096,0,65536,0,0,0]-[65536,2147483648,128,0,128]
[0,0,0,0,2147483648,0,0,0,1048576,0,0,0,16777216,0,0,0]-[0,0,0,4196354,1]
[0,0,0,0,0,0,0,0,1048576,0,0,262144,0,0,0,0]-[0,384,536879112,1048704,1024]
[1048576,536870912,0,0,0,0,0,0,0,0,0,0,0,0,0,0]-[0,0,134217728,1073750016,4]
[536870912,0,67108864,0,0,0,0,16,0,0,0,0,0,0,0,0]-[0,536879104,32,32768,0]
[0,0,0,0,0,256,0,0,1048576,0,0,1,0,128,0,0]-[0,1048576,1073741824,2048,131072]
[0,0,67112960,0,0,0,0,0,0,0,4096,0,1048576,0,0,0]-[2097152,8,0,0,16386]
[0,0,0,0,0,0,0,16,1048576,0,0,8388608,1048576,0,0,0]-[0,1049120,0,0,128]
[0,0,0,0,0,0,65536,0,16777216,0,0,0,0,0,0,0]-[32,0,1073741824,1073741824,2048]
[0,0,0,0,0,4194304,0,0,0,32,0,0,0,0,0,0]-[134217728,8396800,0,512,0]
[0,0,0,0,0,0,0,0,0,0,4096,0,2,0,0,0]-[268435456,0,0,272630784,2097152]
[0,0,67108864,0,0,0,0,0,1048576,0,0,0,0,0,65536,0]-[65536,0,8192,128,64]
[0,0,0,0,0,0,0,0,0,1,0,2,0,0,0,0]-[0,8389632,0,16,512]
[0,0,0,0,262144,0,0,0,0,0,0,0,1048576,128,0,0]-[0,2048,262144,67174400,0]
[0,0,0,0,0,0,0,0,0,0,0,0,1048640,128,0,0]-[128,268435456,2105344,4096,262144]
[0,2,67108864,0,0,0,0,0,134217728,0,0,0,0,0,0,0]-[0,262400,4,0,256]
[0,0,0,0,0,0,2,8,0,0,4096,0,0,0,0,0]-[16777216,0,134222336,0,0]
[4,0,0,0,0,0,0,0,1048576,0,0,0,0,128,0,0]-[35667972,268435456,160,1409286144,655552]
[0,0,0,16777216,0,0,0,0,0,0,4096,0,0,128,0,0]-[0,0,4160,33554432,2]
[0,0,0,0,0,384,0,0,0,0,0,0,0,0,0,0]-[335544640,1114624,1226833920,0,0]
[0,0,67108864,0,0,0,65536,0,0,0,0,0,1048576,0,0,0]-[2147483648,64,1073742592,32768,133136]
[0,0,0,0,0,0,0,16,0,0,0,0,4,0,0,0]-[262208,1,3221227008,268435456,0]
[0,0,128,0,0,256,0,0,0,0,0,0,0,0,0,0]-[68157696,0,134217728,0,0]
[0,0,0,0,0,64,0,0,0,1024,0,0,0,0,0,0]-[8650756,4194304,16793600,0,0]
[0,0,67108864,0,0,0,0,1,0,1048576,0,0,0,0,0,0]-[0,0,33555456,2147483648,32768]
[0,0,67108864,0,0,8448,0,0,512,0,0,0,0,0,0,0]-[0,131080,8704,0,0]
[0,0,16777216,0,0,0,0,0,1,0,0,0,0,0,0,0]-[8388608,0,262144,268435456,16]
[0,0,268435456,128,0,0,0,0,0,0,0,536870912,0,0,0,0]-[8,0,0,2147483648,65544]
[0,0,16777216,0,0,8192,0,0,0,0,0,0,1048576,0,0,0]-[0,268474368,134217728,65536,32]
[0,0,0,0,67108864,0,0,0,0,0,0,0,0,67108864,0,0]-[0,276824064,513,0,0]
[0,0,83886080,16777216,0,0,0,0,0,0,0,0,0,0,0,0]-[2147483680,0,2147483648,4096,0]
[0,0,268435456,0,0,0,0,16,0,0,0,0,0,0,0,0]-[2147483648,1048576,2147483648,67108864,0]
[0,524288,67108864,0,0,0,0,0,0,0,0,0,0,536870912,0,0]-[0,0,67072,0,131072]
[0,0,67108864,0,0,0,0,4,0,0,0,0,0,0,33554432,0]-[0,2415984640,0,0,2097152]
[0,0,0,2,0,33554432,0,0,134217728,0,0,0,0,128,0,0]-[16,256,2,0,524288]
[0,0,0,0,0,8192,0,0,0,0,0,0,262144,16384,0,32768]-[16777218,0,0,8388736,0]
[0,0,0,0,0,0,0,0,0,0,0,0,0,1152,0,0]-[4,0,2147483648,268435520,0]
[0,0,0,0,0,0,0,0,135266304,0,0,0,0,0,0,0]-[2443692253,2090157055,1670162527,2138079219,1732053]
[0,0,0,0,0,0,0,0,1048576,0,0,0,0,134217728,0,0]-[460805,12599684,34340945,273678848,139268]
[0,0,0,0,0,64,8192,16,0,0,0,0,0,0,0,0]-[0,0,134218240,67108880,0]
[0,0,67108864,0,0,0,0,0,0,0,0,0,0,1,33554432,0]-[4,67108896,268435456,0,0]
[0,0,0,0,0,0,0,134217728,32,0,0,0,0,0,0,0]-[131072,0,2097152,65,0]
[128,0,67108864,8388608,0,0,0,0,0,0,0,0,262144,0,0,0]-[64,65536,0,1,64]
[0,0,0,0,0,0,0,0,0,8,4096,0,0,128,0,0]-[512,256,0,4608,0]
[0,0,67108864,0,0,0,0,0,1,0,131072,0,0,0,0,0]-[65536,16,2097152,262144,0]
[0,0,0,0,0,256,0,0,0,0,0,0,0,0,67108864,0]-[512,4224,369098756,75501568,1536]
[0,8388608,0,0,0,0,64,0,1048576,0,0,0,0,0,0,0]-[0,1311248,0,0,0]
[0,0,83886080,0,0,0,0,24,0,0,0,0,0,0,0,0]-[0,6144,32768,0,2048]
[0,0,67108864,0,0,0,0,0,0,0,0,0,0,128,67108864,0]-[67108868,67108932,2248245508,70,0]
[268435456,0,67108864,0,0,0,0,0,0,1073741824,0,0,0,0,8,0]-[0,512,4,4195328,0]
[0,0,0,0,0,0,0,0,1048576,4,0,0,0,0,0,0]-[53250,16,50593792,1780483585,544]
[0,0,0,0,0,0,0,0,1048576,0,0,0,0,8,33554432,0]-[16,33554432,0,67108880,0]
[0,0,0,0,0,0,0,2048,0,0,0,0,0,536870912,0,0]-[134217728,0,0,536870916,8192]
[0,0,0,0,2,0,0,0,1048576,0,0,0,0,0,0,0]-[16,4194308,0,128,0]
[0,0,0,0,67108864,0,0,0,0,0,0,0,1048576,16384,0,0]-[536870912,8,0,0,12288]
[0,0,0,0,67108864,0,0,0,0,512,0,0,0,32,0,0]-[71565312,0,65536,0,0]
[0,0,0,0,0,0,0,0,1310720,0,8,0,0,0,0,0]-[65536,262176,262144,0,0]
[0,0,0,0,0,0,0,0,0,0,0,0,1179648,0,128,0]-[2097152,512,0,0,2097160]
[0,0,67108864,0,0,8192,0,0,0,0,0,0,0,0,33554432,0]-[2621440,2415931392,0,32768,16768]
[0,262144,0,0,0,0,0,8,0,0,4096,0,0,0,0,0]-[17039360,0,1207959552,0,0]
[0,0,0,0,262144,0,0,0,0,0,128,0,0,0,268435456,0]-[536870912,262144,1572864,0,0]
[0,0,0,0,0,0,0,0,0,0,0,0,0,0,8192,1024]-[512,0,1048592,0,2]
[0,0,67108864,0,67108864,0,0,0,1048576,16777216,0,0,0,0,0,0]-[0,268435472,32,256,0]
[0,0,67108864,0,0,0,0,16,1048576,0,0,0,0,0,0,0]-[2206320709,835015541,1124644916,2406004211,1181905]
[0,0,0,0,0,8256,0,0,0,0,0,0,1073741824,0,0,0]-[536870912,2048,0,1,2]
[0,1073741856,0,0,0,0,0,0,0,0,0,0,0,0,33554432,0]-[0,536870912,134217728,2097184,0]
[0,0,0,0,0,0,0,0,0,0,4096,0,17825792,0,0,0]-[65536,0,8404992,2048,0]
[0,0,67108864,0,0,0,0,0,0,0,0,536870912,1048576,0,0,0]-[2151677952,4196352,256,2097408,163845]
[0,0,0,0,134217728,0,0,0,1048576,0,0,262144,0,0,0,0]-[0,384,0,536870912,1]
[0,0,0,0,65536,0,0,16777216,0,0,0,0,0,0,0,0]-[0,536870912,65536,8388608,8]
[0,0,1024,0,0,0,0,0,1048576,0,0,0,0,268435456,0,0]-[0,128,72,4096,0]
[0,0,1073741824,0,0,256,0,0,0,0,0,0,1048584,0,0,0]-[262144,1048576,16,0,4096]
[134217728,0,67108864,0,0,0,0,0,0,0,0,0,0,536870912,0,0]-[0,2320,0,0,2097152]
[0,0,0,0,0,0,0,0,16777216,0,0,0,0,128,0,0]-[167929567,1430064417,3770631331,3710130927,3026414]
[1048576,128,0,0,0,0,0,0,0,0,0,0,0,0,0,0]-[32,2,0,2,128]
[0,0,67108864,0,0,0,0,8,0,0,0,256,0,0,0,0]-[4194304,16777216,528384,0,0]
[0,0,67108864,0,0,0,0,0,1048576,0,0,0,0,538968064,0,0]-[33554432,0,0,2097152,257]
[0,0,0,0,0,0,0,8388608,0,0,0,0,0,1048576,0,0]-[8200,0,2,1048576,0]
[0,0,0,0,0,0,0,0,0,0,0,0,0,2147516544,0,0]-[1179648,262144,0,4,0]
[0,0,67108864,0,0,0,0,0,262144,0,0,32,0,0,1,0]-[0,0,0,525312,2097280]
[0,128,0,0,0,0,8192,0,0,0,0,0,0,0,0,0]-[2624512,1281902592,134252549,539104256,2134080]
[0,0,0,0,0,0,0,0,0,0,0,0,1048576,65664,0,0]-[268435458,0,0,20,0]
[0,0,67108864,0,134217728,0,0,0,0,0,0,0,0,32,0,0]-[2049,0,4096,32,0]
[0,0,0,0,0,0,0,0,0,0,524288,0,0,0,524288,0]-[525312,4,0,1,0]
[0,0,67108864,0,0,0,0,256,16777216,0,0,0,0,0,0,0]-[524289,0,0,2147483648,256]
[0,0,0,0,0,0,0,0,0,0,33554432,32,0,0,0,0]-[33,2048,75497472,536887296,2097152]
[0,128,0,0,0,0,0,0,1048576,0,67108864,0,0,128,0,0]-[0,0,32897,0,4]
[0,0,0,0,0,0,0,0,131072,16777216,0,0,0,0,0,0]-[524288,32,0,33554432,131104]
[0,0,0,0,0,0,0,0,1048576,0,0,128,0,0,33554432,0]-[0,0,8388640,525312,0]
[0,0,0,0,524288,0,0,0,134217728,0,0,0,0,0,0,0]-[536887296,67436544,1073741824,268435456,2048]
[0,0,0,0,0,256,0,0,0,0,0,0,1048576,0,0,0]-[3627503429,3618881272,2113223039,3182385655,2031573]
[0,0,2147483648,1024,0,0,0,0,0,0,0,0,0,0,0,0]-[0,131072,0,8,513]
[0,0,67108864,128,0,0,0,0,1048576,0,0,0,0,128,0,0]-[0,32,32,0,131200]
[0,0,0,0,0,64,0,0,1048576,512,0,0,0,0,0,0]-[0,144,128,2147483648,0]
[0,0,0,0,0,134225920,0,0,0,0,0,0,1310720,0,0,0]-[536870912,268435456,262144,16777216,0]
[0,0,67108864,0,0,0,0,0,0,0,0,0,1048576,128,0,0]-[2329971271,3611507837,1450273596,3644699391,3902916]
[0,0,67108864,0,0,0,0,0,0,0,0,67108864,0,0,0,0]-[167776269,603983880,269068560,98946,524290]
[0,0,67108864,0,0,0,0,0,0,16,0,0,262144,0,0,0]-[0,536870912,33554432,0,196608]
[0,0,0,0,0,32,0,0,0,0,131072,0,1048576,0,0,0]-[131074,2049,33554432,50331648,8192]
[128,0,67108864,0,0,256,0,0,134217728,0,0,0,0,0,0,0]-[0,0,1024,192,16]
[0,1073741824,0,0,0,0,0,8,0,0,0,0,0,0,0,0]-[0,134250496,1073742336,0,0]
[0,0,0,0,0,0,0,0,135266304,2097152,0,0,0,128,0,0]-[16384,536870912,0,16,524288]
[0,0,0,0,0,0,0,0,128,0,0,0,262144,0,0,0]-[1024,262144,4096,32768,0]
[0,0,0,0,0,0,0,0,1048576,0,0,0,0,1024,0,0]-[0,8650880,8249,2420113472,129]
[0,0,67108864,0,524288,0,0,0,0,0,0,8388608,0,128,0,0]-[0,0,1073741824,2097152,2098176]
[0,0,0,0,0,0,0,0,1048576,0,0,0,0,2048,0,0]-[65808,268451856,20971529,538969088,533504]
[0,33554432,67108864,0,0,0,0,0,0,0,0,0,0,128,0,0]-[76,67108864,0,262224,524416]
[0,0,67108864,0,128,0,0,0,0,0,4096,0,0,0,0,0]-[0,2147483648,65552,0,2097152]
[0,0,16777216,262144,0,0,0,0,0,0,0,32,1048576,0,0,0]-[0,0,33554432,0,1048610]
[0,0,0,0,0,0,134217728,0,0,0,0,8388608,0,128,0,0]-[1677721600,4,0,0,0]
[0,0,0,0,0,0,0,4112,16777216,0,0,0,0,0,0,0]-[0,16777216,1024,8,8]
[0,0,67108864,0,0,0,8192,0,268435456,0,0,0,0,0,0,0]-[2,2147483648,2097152,512,0]
[0,0,0,0,0,0,0,16,0,0,0,0,2097152,128,0,0]-[524288,1048576,537004032,0,2117632]
[128,0,67108864,0,0,64,0,0,1048576,0,0,0,0,0,0,0]-[0,0,8200,2147491905,64]
[128,0,0,0,536870912,64,0,0,0,0,0,0,0,0,0,0]-[64,256,0,8192,32]
[0,0,0,0,0,32,0,0,0,0,0,0,0,0,33554432,0]-[36,136,0,16777216,524288]
[0,0,0,0,0,0,0,0,134217730,0,0,0,0,128,0,512]-[2056,0,1610612736,0,0]
[0,128,0,0,0,128,0,256,0,0,0,0,0,0,0,0]-[268435744,0,0,16777216,0]
[0,0,0,0,0,0,0,0,537919488,0,2,0,0,0,0,0]-[33554432,0,12582912,2048,0]
[0,8192,0,0,0,8192,0,0,0,0,4,0,1048576,0,0,0]-[4194304,0,16777216,1073774592,0]
[0,0,67108864,0,0,0,0,0,1073741824,0,33554432,0,0,0,0,0]-[64,0,0,0,208]
[0,0,67108864,0,0,0,0,0,0,0,8,0,0,32,0,0]-[4194304,8,0,1048832,0]
[0,0,0,256,0,64,8192,0,0,0,0,0,0,0,0,0]-[16384,1048576,8388608,0,2]
[0,0,0,0,0,0,0,0,0,1024,128,0,1048576,0,0,0]-[0,0,9437184,32768,2048]
[128,128,0,0,0,0,0,0,1048576,0,0,0,134217728,0,0,0]-[0,4194304,0,538969088,0]
[0,0,0,0,0,0,32,0,0,0,0,0,0,4,0,0]-[65536,2048,536870912,0,262144]
[0,0,0,0,0,0,0,0,1048576,0,1073741824,2048,0,0,0,0]-[131072,128,0,1048577,0]
[0,0,67108864,0,0,0,0,0,1048576,1,0,0,0,0,0,0]-[0,16384,2056,33587328,0]
[0,0,0,16777216,0,0,8192,0,0,0,0,0,1048576,0,0,0]-[65536,128,512,0,1]
[0,0,67108864,8388608,0,0,0,8,0,0,0,0,0,0,0,0]-[0,2048,1048576,8320,0]
[0,0,0,0,2147483648,0,0,0,16777216,0,0,0,0,0,0,0]-[0,8192,4325376,4,0]
[0,0,0,0,128,0,0,0,1048576,0,0,0,0,128,0,0]-[128,536870912,8320,0,0]
[0,2097152,0,0,0,0,0,16,0,0,4096,0,0,0,0,0]-[16,524288,2097152,0,17]
[0,0,262144,0,0,0,0,0,16777216,0,0,0,0,0,0,0]-[16777216,1048576,131080,0,0]
[0,0,67108864,0,8192,8192,0,0,0,0,0,0,1048576,0,0,0]-[2,0,2097152,65536,2]
[0,0,0,0,0,0,0,32768,8192,0,0,0,0,0,0,0]-[0,525312,0,64,4096]
[0,0,67108864,0,0,0,0,0,0,0,4096,0,0,0,524288,0]-[0,2147483648,20480,4096,0]
[0,0,0,67108864,0,64,0,0,0,0,0,0,0,128,0,0]-[18,1179680,655360,0,2097152]
[0,0,0,0,131072,0,0,0,134217728,0,0,0,0,128,0,0]-[16,1,1073741826,0,0]
[0,0,0,16777216,0,0,0,0,0,16,4096,0,0,0,0,0]-[0,536870912,17,0,2097152]
[0,0,0,0,0,0,0,0,0,0,0,0,0,0,32,8192]-[1073741825,1048576,589824,16512,0]
[0,0,67108864,0,0,0,0,0,0,0,0,0,0,0,1048576,0]-[33560616,2684393480,3221783056,1324249,1196036]
[0,0,67108864,0,0,0,0,0,0,0,0,1073741824,262144,536870912,0,0]-[0,2053,0,0,131072]
[0,0,0,128,0,8192,0,16,0,0,0,0,0,0,0,0]-[0,268435456,134217792,1,0]
[0,0,1024,0,0,0,64,0,0,0,2097152,0,0,0,0,0]-[0,1048576,268435458,1024,0]
[0,16384,0,0,0,0,0,0,0,0,2048,0,0,128,0,0]-[64,32,0,2,32]
[0,0,0,0,0,0,0,0,0,0,0,0,262408,0,0,0]-[268435456,4,2097152,0,524288]
[128,0,0,0,0,0,8192,0,1048576,0,0,0,0,0,0,0]-[131072,0,536870912,301989952,16]
[128,0,0,0,0,256,0,0,0,64,0,0,0,0,0,0]-[1073741824,2048,0,16448,0]
[128,0,67108864,0,0,0,0,33554432,0,0,0,2097152,0,0,0,0]-[134217728,0,1032,0,524288]
[0,0,1,0,0,0,0,0,1048576,0,0,16777216,0,128,0,0]-[32768,0,0,1073743872,524288]
[131072,0,0,0,0,0,0,0,1056768,0,0,0,0,128,0,0]-[0,0,537395200,134217730,0]
[0,0,0,16777216,0,0,0,0,0,0,0,0,8,0,0,0]-[0,0,16777218,32768,1024]
[0,0,0,4194304,67108864,0,0,0,0,0,0,0,0,0,0,0]-[134234112,131072,262144,36,5]
[0,0,0,0,0,256,0,0,0,0,0,65536,0,0,0,0]-[256,512,32,4,0]
[0,0,0,32,0,0,0,0,0,0,0,0,1048576,0,0,0]-[135528448,4194332,2367490,35652096,2293833]
[0,0,1073741824,256,0,0,0,0,0,0,0,0,0,0,0,0]-[2147746304,0,2147483648,0,0]
[0,0,67108864,0,16777216,0,0,0,0,0,0,0,1048576,0,0,0]-[0,32768,2097152,20,0]
[0,0,67108864,0,0,64,0,16,1048576,8192,0,0,0,0,0,0]-[65536,0,532480,8192,0]
[0,0,67108864,0,0,0,0,0,1048576,0,0,0,1048576,262144,0,0]-[1,0,4194304,2147483648,128]
[128,0,67108864,0,0,16,0,16,0,0,0,0,0,0,0,0]-[1,2097153,524288,0,0]
[0,0,0,0,0,0,256,0,0,0,0,1073741824,0,0,0,0]-[0,16,0,536872960,2097152]
[0,0,0,0,0,0,0,0,0,2097152,0,32,0,0,0,0]-[64,16,32,1074266112,0]
[0,0,0,0,0,0,0,0,1048576,0,0,0,0,128,524288,0]-[163840,262144,0,1342179330,1024]
[0,0,67108864,0,0,0,0,0,0,0,0,16777216,0,128,0,0]-[32768,0,0,2359328,0]
[0,0,0,0,0,256,0,0,0,0,0,16777216,0,0,0,0]-[268435456,128,270794752,262148,1]
[0,0,0,0,0,0,0,0,0,0,0,0,0,536871072,0,0]-[2050,2048,131072,0,0]
[0,0,0,0,0,0,0,0,0,0,0,0,1048832,0,0,0]-[3222274048,3238019594,1162092561,93522833,1070387]
[128,0,335544320,0,0,0,0,0,0,0,0,0,0,0,0,0]-[0,0,0,2147549312,4]
[0,0,0,0,0,0,2048,0,0,0,0,0,1048576,0,0,0]-[2172780544,512,277099296,4364288,565258]
[128,0,0,0,0,0,0,0,0,0,0,4096,0,0,0,0]-[64,2048,0,2,4096]
[0,0,1140850688,0,0,1,0,1073741824,0,0,0,0,0,0,0,0]-[8,33562624,0,0,4]
[0,0,67108864,0,0,0,0,0,0,1073741824,0,0,4096,0,0,0]-[67108864,16777232,0,0,524288]
[0,0,67108864,0,0,0,0,0,0,0,0,0,0,65536,2048,0]-[2147483648,67112960,268435456,0,0]
[0,0,67108864,0,0,256,0,0,1048576,0,0,0,8,0,0,0]-[0,268435968,1073741824,0,256]
[128,0,67108864,0,0,0,0,16,1048576,0,0,524288,0,0,0,0]-[0,268500992,32768,2147483648,0]
[0,0,67108864,0,0,0,0,16400,0,0,0,0,0,0,0,0]-[0,4194304,1040,0,131072]
[0,0,0,0,67108864,8192,0,0,0,0,0,0,0,0,0,0]-[2889892668,3495276566,562304102,1074812032,6432]
[0,128,67108864,0,0,0,0,0,1048576,0,0,0,0,0,32768,0]-[4,262144,8192,524288,0]
[0,0,67108864,0,0,0,0,0,0,0,0,0,0,128,0,128]-[9,67109184,1064960,136577056,0]
[0,0,0,0,0,0,0,0,0,0,4096,0,0,0,0,4096]-[0,16777232,1375735873,268435460,32770]
[0,0,134217728,0,0,0,0,0,0,0,1073741824,0,0,128,0,0]-[16,65600,0,512,0]
[0,0,67108864,0,0,2097152,0,0,0,0,0,16777216,0,0,0,0]-[0,16384,0,65536,65540]
[32768,0,0,0,0,256,0,0,1048576,0,0,0,0,0,0,0]-[262144,128,32,67108864,0]
[0,0,0,0,0,0,0,0,1048576,0,0,1073741824,1048584,0,0,0]-[33554432,0,1073741888,1073741824,0]
[0,0,0,0,0,0,0,0,0,0,0,2048,0,0,67108864,0]-[0,41088,0,0,2]
[128,0,0,0,0,0,0,0,1048576,16384,0,0,0,0,0,0]-[262144,0,0,4194432,4]
[0,0,0,0,0,0,0,0,0,0,4096,0,32,128,0,0]-[0,0,0,268436096,65536]
[128,0,0,0,0,0,0,0,0,0,0,256,0,0,0,0]-[131072,2097152,524288,16826368,262145]
[0,0,0,33554432,0,256,0,8388608,0,0,0,0,0,0,0,0]-[1024,0,0,69206272,0]
[128,0,0,0,0,0,0,0,0,0,0,0,0,0,0,131072]-[1073741824,0,33554432,131104,32]
[0,0,0,0,0,256,0,0,0,0,0,0,0,0,0,128]-[0,33554560,131072,0,64]
[128,0,0,0,0,0,0,0,2048,0,0,0,0,0,0,0]-[67371008,0,536870920,2147500032,524288]
[0,0,0,0,0,0,0,0,0,0,262144,0,1114112,128,0,0]-[0,2097152,0,32768,2560]
[0,0,0,0,0,16,0,0,0,0,0,1,1048576,0,0,0]-[0,65536,0,65536,40]
[0,0,0,0,4,0,0,0,0,0,0,0,0,524288,0,0]-[32,0,0,1073743872,16384]
[0,0,0,0,0,0,0,0,1048576,0,0,4,0,512,0,0]-[2147483648,0,262144,524416,0]
[0,0,67108864,0,0,0,32768,0,0,0,0,0,0,0,0,0]-[46661662,2171025,1141434448,2302904133,1198148]
[128,0,0,0,0,0,0,0,16777216,0,0,0,262144,0,0,0]-[0,268500992,8,131072,32]
[0,0,67108864,0,0,0,0,0,0,0,0,0,0,128,0,524288]-[64,536872000,32768,4096,590848]
[0,0,67108864,0,0,8192,8192,0,134217728,0,0,8,0,0,33816576,0]-[0,536871168,0,32,2048]
[0,0,0,0,0,0,0,0,134217792,0,0,0,0,0,0,0]-[17039360,8388608,6,262400,1048576]
[0,0,67108864,0,0,0,0,128,1048576,0,0,0,0,0,0,0]-[65536,262144,10240,0,0]
[0,0,0,0,0,256,0,0,0,0,0,0,0,0,0,524288]-[131584,4224,1358954496,2052,131072]
[0,0,67108864,0,0,16777216,0,1048576,0,0,4096,0,1048576,0,0,0]-[16777216,32776,0,0,65536]
[0,0,67108864,0,0,2097152,0,0,0,0,0,0,0,0,0,128]-[4194304,285212672,0,64,0]
[0,0,8,0,0,0,0,0,1048576,0,0,0,1048576,128,0,0]-[2097152,65536,0,67108864,128]
[256,0,67108864,0,0,0,0,0,0,0,0,0,0,0,0,0]-[2160689197,2801805405,3592962560,2285180049,641238]
[0,0,0,0,0,0,0,0,1048576,0,1073745920,0,0,0,0,0]-[278784,33554436,0,128,0]
[0,0,0,0,0,0,0,0,134217728,0,1048576,0,0,0,0,0]-[8388608,1048576,12,16777472,0]
[0,0,0,0,0,8388864,0,8388608,0,0,0,0,0,0,0,0]-[268435456,0,131072,0,135168]
[0,0,0,0,2,0,0,0,0,0,0,0,1024,0,0,0]-[4104,2,32768,0,0]
[0,0,67109120,0,0,0,0,0,1048576,0,0,2048,0,0,0,0]-[16842752,0,32,0,1]
[0,16384,0,0,0,0,0,0,1048576,0,0,32,0,0,0,0]-[0,33554432,524288,3221225472,0]
[0,0,1024,0,16384,0,0,16,0,0,0,0,0,0,0,0]-[1048576,262144,0,4195328,0]
[0,0,67108864,0,0,0,0,0,16777216,0,0,0,0,0,0,256]-[0,1073741824,0,133120,32]
[8,0,0,0,0,0,0,16,0,0,536870912,0,0,0,0,0]-[0,17408,8192,131072,0]
[0,128,67108864,268435456,0,0,0,0,1048576,0,0,0,0,0,0,0]-[2048,0,0,2149580800,4]
[0,0,0,0,262144,0,0,16,0,0,0,0,0,128,0,0]-[1024,262144,532484,0,0]
[0,0,0,0,0,1073741824,0,0,1048576,0,0,0,0,0,0,0]-[18385040,536887537,8423424,3791698592,8448]
[0,1073741824,67108864,0,0,0,0,0,0,0,0,0,1048576,128,0,0]-[0,2048,8192,0,65600]
[0,0,0,0,4,0,0,1048576,0,0,0,0,0,0,0,0]-[0,0,16777216,67371008,16]
[128,0,0,0,0,0,0,524288,0,0,0,0,0,0,0,0]-[0,0,2147483776,0,2097160]
[0,0,0,0,0,0,0,0,16777216,256,0,0,0,0,0,0]-[131076,2,0,0,262144]
[0,0,67108864,0,0,0,0,0,1048576,0,0,288,0,0,0,0]-[2147483648,16384,0,524288,1048576]
[0,0,0,1024,0,0,0,0,262144,0,0,0,0,0,0,0]-[8192,16384,0,32772,0]
[1048576,0,0,0,0,0,64,0,1048576,0,4096,0,1048576,0,0,0]-[16384,0,33554432,4194304,128]
[0,0,67108864,0,0,0,0,16,0,0,0,0,1024,0,0,0]-[64,8,0,134217792,0]
[0,0,0,0,0,0,8192,0,0,0,0,0,0,0,33554432,0]-[1180450,603980160,2039480324,131168,2056]
[0,0,0,512,131072,0,8192,0,0,0,0,0,1048576,0,0,0]-[0,0,4,2080,16]
[0,128,0,524288,0,0,0,0,0,0,0,0,0,0,0,0]-[32768,134217744,128,0,0]
[0,0,0,0,0,0,64,0,0,0,2101248,0,0,0,0,0]-[0,0,2,1073741824,8448]
[0,0,0,0,64,0,0,0,0,0,0,0,262144,0,0,0]-[134217728,0,16,8421376,0]
[0,0,0,0,0,0,0,0,512,0,0,1073741824,0,0,0,0]-[1048576,134217728,0,8192,8192]
[0,0,0,0,0,0,0,0,0,0,131072,0,8,0,0,0]-[512,150994960,0,0,0]
[0,0,0,0,33554432,0,8192,0,0,0,0,0,0,128,0,0]-[0,16777216,0,67108896,32]
[128,0,67108864,0,0,0,0,0,134217728,0,0,2048,0,0,0,0]-[67108864,0,32768,73728,131072]
[0,0,0,0,0,8192,0,0,0,1024,0,0,0,0,0,0]-[6291712,557057,2098208,2048,0]
[0,0,0,0,0,0,64,0,0,524288,0,0,0,0,0,0]-[2,0,0,1073745920,256]
[0,0,0,0,0,64,0,0,0,0,0,1048576,0,0,0,0]-[0,524544,2056,0,0]
[0,0,0,0,0,8448,0,16,0,0,0,0,0,0,0,0]-[335544832,268439552,161484864,0,135168]
[0,0,0,0,0,0,0,0,0,0,0,2048,1048576,0,0,0]-[1048832,2105346,2,578963457,24640]
[0,0,67108864,0,0,0,0,0,0,256,0,0,1048576,0,0,0]-[2,1,16,4,0]
[0,1024,0,0,0,8192,0,0,0,0,0,0,0,0,0,0]-[48,262400,0,0,0]
[128,0,0,0,0,0,8192,0,0,0,0,134217728,0,0,0,0]-[276,0,0,0,65536]
[0,0,0,0,0,0,8388608,0,0,0,0,0,0,128,0,0]-[1048592,293601280,537133056,67371008,263172]
[0,0,0,0,0,0,0,0,0,0,0,262144,0,128,0,0]-[131080,269484032,262148,270532608,1056768]
[0,0,0,0,0,0,0,8388608,0,0,4096,0,0,0,67108864,0]-[2162688,0,0,131072,8]
[0,0,67108864,0,0,0,0,0,0,0,0,0,1048576,131072,0,128]-[1,512,6291456,0,0]
[0,0,0,0,0,8192,0,0,1048576,33554432,0,0,0,0,0,0]-[32768,0,16,805306368,0]
[16,0,0,0,0,0,0,0,0,0,4096,0,0,0,0,0]-[8655104,1032,640,32776,4096]
[0,0,0,0,134217728,0,0,0,0,0,0,0,0,128,0,0]-[2099209,537001984,557089,1342177280,262276]
[0,0,0,0,0,0,0,0,131072,0,4096,0,1048576,0,0,0]-[0,33554440,0,0,65544]
[0,0,0,0,0,0,0,0,0,0,4097,0,0,128,0,0]-[512,536870912,0,65664,0]
[0,8388608,67108864,0,0,268435456,0,0,1048576,0,0,0,0,0,0,0]-[2097152,0,2048,32,1]
[128,0,67108864,0,0,0,0,0,0,0,0,0,0,0,0,16]-[0,3072,0,32896,0]
[0,0,0,0,67108864,0,0,0,0,33554432,0,8388608,0,0,0,0]-[0,4,65541,0,0]
[0,0,0,0,0,0,0,67108880,0,0,0,0,1048576,0,0,0]-[0,0,0,2097152,2363392]
[0,0,0,0,0,0,0,0,134217728,0,0,0,0,0,2097152,0]-[0,524800,131072,8,0]
[0,0,134217728,0,0,0,0,16,0,0,0,0,0,0,0,0]-[262672,134807552,3221227520,2147491840,128]
[0,268435456,0,0,2048,0,0,0,0,0,0,0,0,0,0,0]-[536870912,0,8519688,0,0]
[0,0,33554432,0,0,0,0,0,134217728,0,0,0,0,0,0,0]-[2048,64,0,16384,2048]
[131072,0,67108864,0,0,0,2048,0,16777216,0,0,0,0,0,0,0]-[134217728,0,0,134217792,128]
[0,0,67108864,0,0,0,134217728,16,0,0,4096,0,0,0,0,0]-[0,4202496,0,33792,0]
[256,67108864,67108864,0,0,0,0,0,0,0,4096,0,262144,0,0,0]-[0,64,268451840,0,128]
[0,0,67108864,0,0,0,0,0,0,0,0,0,269484032,0,0,0]-[16777218,352322080,12288,55640068,16384]
[0,0,67108864,0,67108864,64,0,0,0,0,0,0,1048576,0,0,0]-[4,8192,0,0,257]
[0,0,67108864,0,0,0,0,0,0,0,0,32,1310720,0,0,0]-[0,16793600,33554432,2097152,1048576]
[0,128,67108864,0,0,0,0,0,0,0,4096,0,0,128,0,0]-[0,131137,0,0,128]
[128,0,0,0,0,0,0,0,0,0,0,0,1310720,128,0,0]-[64,65536,0,0,96]
[0,0,0,0,0,64,0,0,0,0,128,0,0,0,0,0]-[0,2148014080,524416,8912896,0]
[0,0,0,0,0,0,0,0,0,16384,0,0,0,0,33554432,0]-[2080,524288,0,0,8]
[0,0,0,0,0,0,0,8,16777216,0,0,0,0,0,0,0]-[272637955,16793600,20160,2550169730,2625608]
[0,0,0,0,0,0,8192,0,1048576,0,0,0,1064960,0,0,0]-[33554432,0,0,2048,17]
[0,8388608,0,524288,0,256,0,0,0,0,0,0,0,128,0,0]-[263168,0,4,4096,0]
[0,128,0,0,0,256,0,0,0,0,4096,0,0,0,0,0]-[0,0,1342177280,268435712,0]
[128,0,0,268435456,131072,0,0,0,0,0,0,0,0,0,0,0]-[0,1024,33554432,1107296256,0]
[0,0,67108872,0,0,256,0,0,0,0,0,0,0,0,0,0]-[2097160,16777216,1536,16883713,128]
[0,0,67108864,0,0,0,0,0,0,0,4096,0,16777216,0,0,0]-[8390656,393216,33619968,0,65538]
[0,128,67108864,0,0,0,0,0,8388608,0,0,0,0,0,4194304,0]-[16777216,131104,67108864,0,0]
[0,0,1073741824,0,0,8192,0,0,0,0,4096,0,0,0,0,0]-[0,2048,16777216,1073741824,256]
[0,0,0,256,0,0,64,0,0,0,0,0,0,128,0,0]-[0,262144,8192,0,65568]
[0,0,0,0,0,8192,0,0,0,0,266240,0,0,0,0,0]-[16777216,0,142606336,65536,0]
[0,0,67108864,0,0,0,0,0,1048576,0,0,0,1048576,16512,0,0]-[2129920,0,0,2097152,64]
[0,0,0,0,67108864,2147483648,0,0,0,0,4096,0,0,0,0,0]-[0,2147483652,513,0,0]
[2097152,0,0,0,0,0,0,0,0,0,0,0,0,128,0,0]-[270812229,604242176,1075863714,536870992,917664]
[0,8388608,0,0,0,0,536870912,0,1048576,0,4096,0,0,0,0,0]-[65536,33816576,0,2048,0]
[128,0,67108864,65536,0,0,0,0,0,0,0,0,0,0,0,0]-[33554496,265216,33554432,50331712,131328]
[0,0,67108864,0,0,0,0,0,135266304,0,0,0,0,0,67108864,0]-[4,0,34816,1048576,131072]
[0,0,0,0,0,0,0,0,0,0,4096,0,524288,0,0,0]-[296222720,1024,0,33024,0]
[0,128,0,0,0,0,0,0,0,0,0,512,0,0,0,0]-[402718720,0,8388608,0,0]
[0,0,0,131072,0,0,0,0,0,0,0,0,8,0,536870912,0]-[33554432,134217728,64,0,4096]
[0,0,0,0,0,0,0,0,0,0,67108864,0,0,262144,0,0]-[0,8390656,8,0,4]
[0,0,0,0,0,0,0,0,0,0,8,0,0,128,0,0]-[268468225,67503136,2147909796,1610612744,36]
[0,0,67108864,0,262144,256,8192,0,0,0,0,0,256,128,0,0]-[1,16777216,0,65600,0]
[0,0,0,1,0,0,0,0,0,0,1024,0,1048576,0,0,0]-[8519680,1048576,0,0,2]
[0,0,0,16777216,0,0,0,0,536870912,0,0,0,0,0,0,0]-[1073741826,16384,0,512,0]
[0,0,0,0,0,320,0,0,134217728,0,0,0,0,128,0,0]-[268435984,1048576,8388608,0,1088]
[0,2,0,0,0,64,0,0,0,0,0,0,0,0,0,0]-[512,1050752,1024,2147483648,0]
[128,0,0,0,0,0,0,0,1048576,0,1073741824,0,0,0,0,0]-[16384,0,0,1346371584,64]
[0,0,67108864,0,0,0,0,8,0,0,0,0,1048576,0,0,0]-[16814083,18909248,1054760,2317361292,1640645]
[2147483648,0,2214592512,0,0,0,0,0,0,0,0,0,0,0,0,0]-[0,67174416,1024,0,0]
[0,0,67108864,0,0,0,0,16,0,0,2113536,0,0,0,0,0]-[0,4194304,0,16811008,0]
[0,0,0,0,0,16384,0,524288,0,0,0,0,0,0,0,0]-[512,0,33554432,0,1056]
[0,0,0,0,0,0,0,0,1048576,0,4096,0,1310720,0,0,0]-[2113536,4,33554432,71303168,0]
[0,0,67108864,0,0,0,0,0,32768,0,0,0,0,0,0,0]-[100663365,536887320,2148532512,1086484,279]
[0,0,0,16777216,0,0,2,0,0,0,0,0,0,0,0,0]-[2147483648,1073758208,2147483648,0,0]
[524288,0,0,0,0,0,0,0,0,0,0,0,1048576,128,0,0]-[1,0,0,65536,270336]
[0,0,0,0,0,0,0,0,0,0,0,0,1048580,0,0,0]-[33554432,8706,5242884,1048576,512]
[0,0,67108864,0,0,0,0,0,1048576,0,0,0,0,64,0,0]-[0,536870912,33562624,134217728,0]
[0,0,67108864,16777216,0,0,0,0,0,0,4096,0,1048576,128,0,0]-[64,0,0,4100,32768]
[0,0,0,0,0,0,0,8388608,0,0,4096,0,1048576,0,0,0]-[262144,8,0,33554688,0]
[0,0,0,0,0,64,0,512,0,0,0,0,0,128,0,0]-[530,0,128,0,0]
[0,0,0,2147483648,0,16777216,0,0,0,0,0,0,0,0,0,0]-[0,8,262144,1024,65536]
[0,0,67108864,0,0,0,0,16,0,0,4,0,0,0,0,0]-[0,4202496,1073741824,0,64]
[0,0,0,0,0,0,0,134217728,16777216,0,0,0,0,0,0,0]-[134217729,0,262176,0,0]
[0,0,0,0,0,256,8192,0,0,0,0,0,2048,0,0,0]-[2147491840,128,16777216,0,0]
[0,0,0,0,0,0,0,512,0,0,0,0,256,0,0,0]-[0,4210688,0,64,4096]
[0,0,0,0,16777216,0,8388608,0,0,0,0,0,0,0,0,0]-[0,2147483648,16777216,131072,1028]
[8388608,0,67108864,512,1,0,0,0,0,0,0,0,0,0,0,0]-[0,32,69632,0,524288]
[0,0,0,0,0,0,0,8,33554432,0,0,0,0,128,0,0]-[1,0,1048576,536871040,0]
[536870912,0,0,0,0,0,64,0,0,0,0,0,0,0,0,0]-[262144,67108992,0,32768,0]
[0,0,0,0,0,0,0,0,1048576,0,0,0,16777216,128,0,0]-[0,262144,0,2050,1048576]
[0,0,8192,0,0,0,0,0,1048576,0,0,0,0,0,0,0]-[128,0,8388736,2147483650,8192]
[128,0,128,0,0,0,0,0,0,0,0,0,0,0,0,0]-[67239936,0,0,2147516416,0]
[0,0,67108864,33554432,0,0,0,0,1048576,0,0,0,0,0,0,0]-[0,33554436,0,129,0]
[0,0,67108864,0,0,0,0,0,0,0,0,1024,1024,0,0,0]-[64,8192,0,150994944,0]
[0,0,67108864,16777216,0,128,0,0,0,0,0,0,0,0,0,0]-[8388608,32768,1024,524288,0]
[0,0,0,0,0,8192,32,0,0,0,0,0,256,0,0,0]-[2147483648,0,262144,262144,16384]
[0,0,67108864,0,0,0,0,134217728,0,0,0,0,1048576,0,0,0]-[32768,16384,2097152,512,0]
[1073741824,0,67108864,1,0,0,0,0,0,0,0,0,0,128,0,0]-[0,285212672,3145728,0,0]
[0,0,0,0,0,64,64,0,0,0,0,0,8,0,0,0]-[0,1048592,1024,0,32]
[0,0,0,0,0,0,1073741824,0,0,4096,0,0,0,128,0,0]-[2,0,2228224,0,65536]
[0,0,0,0,0,0,0,16,0,0,0,0,0,0,0,2048]-[22020096,537133058,4,524288,0]
[0,0,0,0,8192,0,8192,0,0,0,0,0,1048576,0,0,0]-[0,0,352321536,0,512]
[0,0,0,0,0,0,1,0,0,0,4096,0,0,0,0,0]-[768,654311681,142671872,2048,20488]
[0,0,128,0,0,0,0,0,0,0,4096,0,131072,0,0,0]-[0,0,512,65536,4224]
[0,128,0,128,0,0,0,0,0,0,0,0,0,0,0,0]-[268435456,192,0,256,0]
[0,0,0,512,0,0,0,0,0,0,0,0,0,32,0,0]-[8192,16,8192,0,8]
[128,0,0,0,0,0,0,0,0,0,0,0,0,0,67108864,0]-[1610612736,2214592512,524288,8192,4100]
[0,0,67108864,0,0,0,0,0,135266304,0,0,0,1048576,0,0,0]-[4,0,2048,8256,0]
[0,0,67108864,0,0,0,0,16,0,0,4096,0,0,536870912,0,0]-[0,16,512,0,16512]
[0,0,0,0,67108864,0,0,0,16777216,0,0,0,0,0,8,0]-[128,4196354,0,0,0]
[0,16,0,0,0,0,0,0,16777216,0,0,0,0,0,0,0]-[0,2147484160,0,64,4096]
[0,0,0,0,0,0,0,0,262144,0,4096,0,1048576,0,0,0]-[278529,0,0,8,69632]
[0,0,0,0,0,16384,0,0,0,0,0,0,262144,0,0,0]-[16,68161538,32768,1056,0]
[0,0,67108864,0,0,0,0,0,1048576,0,0,0,1048576,134217728,0,0]-[0,512,0,16,1152]
[0,0,0,0,0,0,2147483648,0,0,0,4096,32,0,0,0,0]-[65,0,64,0,32768]
[0,0,0,0,0,512,0,16,0,0,0,0,262144,0,0,0]-[524304,4096,32768,0,0]
[0,0,67108864,0,8388608,0,0,0,0,0,8,0,0,0,0,0]-[4194304,262176,2147483648,0,0]
[0,0,67108864,0,0,0,0,0,1048576,0,8388608,0,0,0,0,0]-[16842756,272,0,6291520,388]
[0,0,67633152,0,0,0,0,16,0,0,0,0,0,0,0,0]-[0,2113536,524288,524288,0]
[0,0,0,0,0,0,0,67108864,1048576,0,0,0,0,128,0,0]-[32768,0,128,4160,0]
[0,33554432,67108864,0,0,0,0,0,135266304,0,0,0,0,0,0,0]-[32772,16384,0,64,0]
[0,0,131072,0,0,0,0,0,1048576,0,0,0,0,0,0,0]-[0,262272,34111488,2952790530,131328]
[0,16,67108864,0,0,0,0,0,0,0,0,0,1048576,0,0,0]-[0,4096,33554432,69648,16384]
[0,0,0,0,0,0,0,0,1048576,0,0,0,32768,0,0,0]-[0,1073741952,16,1048576,0]
[0,0,0,0,0,0,0,16,134217728,0,4096,4194304,0,128,0,0]-[0,65536,2,48,0]
[0,0,0,0,0,0,8192,0,0,0,0,0,0,0,0,1]-[131072,33554496,0,301989892,10240]
[0,0,67108864,0,0,0,0,0,0,0,0,0,0,0,2147483648,0]-[2376138828,2684422656,3557856004,2167735589,1181888]
[0,0,67108864,0,2147483648,0,0,16,0,0,0,0,0,0,0,0]-[75497472,20993040,4096,16777216,133184]
[0,0,0,0,0,64,0,0,0,0,0,0,1310720,0,0,0]-[0,2147483776,0,536879104,4]
[0,0,0,0,8,256,0,0,64,512,0,0,0,0,0,0]-[2097152,0,1024,16777216,262144]
[0,0,67108864,0,0,0,0,0,0,0,4096,0,0,0,2048,0]-[524288,67141632,4096,0,0]
[0,0,4096,0,0,0,0,0,0,0,0,0,0,0,0,2]-[8,0,2097160,131072,0]
[0,4,0,0,0,0,0,0,0,0,0,0,262144,16,0,0]-[0,0,553648128,0,1048578]
[128,0,0,0,0,0,0,0,0,0,0,0,0,1073741824,0,0]-[67110976,0,0,131072,0]
[128,0,0,0,0,0,1048576,0,0,0,0,0,0,0,0,0]-[0,0,0,4210816,64]
[8,0,0,0,0,0,0,0,0,0,0,0,2048,128,0,0]-[268566528,536870944,0,0,0]
[0,2097152,0,0,0,256,0,0,0,0,0,0,0,0,0,0]-[16,33554432,2097152,268435456,8193]
[0,2097152,67108864,0,0,0,0,0,0,0,0,0,0,128,0,0]-[64,2089,268443664,64,1284]
[1024,0,0,1,0,0,0,0,0,0,0,0,0,0,0,0]-[0,1572866,1048576,0,0]
[0,0,67108864,0,0,0,0,8,0,0,0,16777216,0,0,0,0]-[0,0,0,35913728,65536]
[0,128,0,0,0,0,0,0,0,0,8192,0,0,128,0,0]-[512,0,2359296,1073741824,0]
[0,2097152,0,0,0,32,0,0,134217728,0,0,0,262144,128,0,0]-[16384,2049,2,0,0]
[0,0,0,0,0,256,0,0,0,0,0,8192,0,128,0,0]-[16384,133120,0,128,0]
[128,0,67108864,0,0,0,0,0,0,0,0,0,256,0,0,0]-[8388608,131104,2147483648,0,0]
[0,0,0,0,0,0,0,0,0,0,0,1,0,128,33554432,0]-[0,256,524292,8388608,0]
[0,0,67108864,0,1048576,256,0,0,0,0,0,0,0,128,0,0]-[1,0,540672,0,32768]
[0,0,67108866,0,0,0,0,0,0,16,0,32,0,0,0,0]-[2147483720,0,0,0,1048576]
[0,8,0,0,0,0,0,0,1048576,0,0,0,0,0,0,128]-[0,0,1073750016,32768,8192]
[0,0,0,0,0,0,64,0,1048576,0,0,0,0,0,0,0]-[2482358743,1746744212,1917664434,4084834129,3696037]
[0,0,67108864,525312,0,0,0,0,0,0,0,0,0,0,0,0]-[134217728,0,65536,16777216,2097152]
[0,0,67108864,0,0,0,0,8,0,0,0,0,0,0,0,128]-[0,256,20480,2097152,0]
[0,0,1073741824,0,0,524288,0,0,0,0,0,0,0,128,0,0]-[1048576,0,8388608,536870928,0]
[128,0,67108864,0,0,64,0,0,0,0,0,0,0,128,0,0]-[1,131169,2147483648,0,1048576]
[0,0,67108864,0,0,0,0,0,16777216,0,0,0,1048576,128,0,0]-[1,16777248,0,134217728,64]
[0,0,0,0,0,0,0,0,8192,0,0,32,0,0,0,0]-[65600,33554432,2,1073741828,8320]
[0,0,16777216,0,0,0,0,0,1048576,0,0,0,262144,0,262144,0]-[0,0,33587200,0,9216]
[0,0,0,0,33554432,0,0,0,0,0,0,32,0,0,536870912,0]-[0,0,65538,65552,0]
[0,0,67174400,0,0,0,0,0,0,0,0,0,0,536870912,0,0]-[2,4096,1536,0,0]
[32,0,67108864,0,0,0,0,0,0,0,0,0,1048576,0,0,0]-[2147483648,0,67108868,524288,0]
[0,0,0,0,0,0,0,0,1048576,0,0,0,0,128,2048,0]-[35651589,1073742112,32768,1140850688,0]
[0,0,67108864,0,0,0,0,0,0,0,16384,0,256,0,0,0]-[2147483648,4194304,0,16777248,0]
[0,0,0,0,0,0,0,16,1048576,0,0,0,0,128,0,64]-[0,1048608,32768,128,0]
[0,134217728,67108864,0,0,0,0,0,1048576,0,0,0,0,128,0,0]-[32768,536870912,1073741824,134217856,0]
[0,0,0,0,0,536870912,0,0,0,0,0,0,262144,0,0,0]-[536872008,786432,0,131072,4096]
[0,0,0,0,0,256,0,0,16777216,0,0,0,1048576,0,0,0]-[0,268440064,65537,2147487744,12352]
[0,0,67108864,0,0,0,0,0,0,0,4096,0,16384,0,0,0]-[0,65,268435456,0,2]
[0,0,0,4194304,0,0,0,0,134217728,0,0,0,2048,0,67108864,0]-[0,524292,67371008,0,0]
[0,268435456,0,0,0,0,0,0,0,0,0,0,0,536870912,0,0]-[0,1024,2097152,536870912,8]
[0,0,67108864,0,16,0,0,0,0,0,0,0,0,0,0,0]-[109056065,33825024,3223385092,2204407333,1278149]
[0,128,0,0,0,0,0,0,1048576,0,16,0,0,0,0,0]-[0,0,34817,1024,0]
[128,128,0,0,0,0,0,0,1048576,0,0,0,262144,128,0,0]-[33685504,262144,0,64,0]
[0,0,0,0,0,0,0,16,0,0,4096,0,0,0,65536,0]-[328192,262144,0,0,0]
[0,0,1140850688,0,0,0,0,0,134217728,0,0,32,0,0,33554432,0]-[32770,0,0,1049600,0]
[0,16777216,0,0,0,0,0,0,134217728,0,0,0,0,128,0,0]-[16384,67111168,0,0,0]
[0,0,0,0,0,0,0,16,0,0,0,4,1048576,0,0,0]-[0,268435968,0,134234112,0]
[128,0,0,0,0,0,0,0,0,0,0,0,1048576,0,0,0]-[1792494533,2533612595,713058874,3614699771,4100478]
[0,0,0,0,0,524352,0,0,0,0,0,0,0,0,0,0]-[64,2147486336,0,2147483648,0]
[0,0,0,0,0,256,0,0,0,0,4096,0,0,0,33554432,0]-[768,256,268435456,0,0]
[0,0,8,0,0,0,2147483648,0,0,0,0,0,0,0,0,0]-[384,0,2,0,32768]
[0,0,16,0,0,0,64,0,0,0,0,0,0,0,2,0]-[32768,66,0,4194304,0]
[0,0,67108864,0,0,64,0,0,1048576,0,4096,0,0,0,0,0]-[2147483648,0,32,0,1028]
[0,0,0,0,0,0,0,0,33554432,0,0,32,0,0,0,0]-[2097152,32904,128,65568,512]
[128,0,67108864,0,0,0,0,0,134217728,0,16384,0,0,0,0,0]-[134217728,0,8192,1114112,0]
[0,0,67108864,0,0,0,0,0,0,0,0,0,0,0,0,512]-[2269642830,2686586688,1442849808,2205492360,213072]
[0,128,67108864,0,0,0,0,0,0,0,0,0,8,0,0,0]-[4098,0,35717124,528384,0]
[0,0,0,0,0,32,0,0,16777216,0,0,0,0,0,33554432,0]-[131104,526336,0,0,0]
[0,0,0,0,0,0,0,0,0,0,16384,0,1048576,0,0,0]-[536887812,2,37756992,2215641476,64]
[0,0,0,0,0,0,0,0,1048576,0,0,0,16384,128,0,0]-[33816592,545259520,8192,805308592,532480]
[128,33554432,0,0,0,0,0,0,0,0,0,0,0,0,0,0]-[134479936,262145,26,64,262160]
[0,0,0,4194304,0,256,0,0,0,0,0,2048,0,0,0,0]-[128,16,2,32,0]
[0,0,0,0,0,0,8192,0,0,0,0,0,0,2147483648,0,0]-[131072,0,512,65536,512]
[0,0,0,0,16,0,64,0,0,0,0,0,0,134217728,0,0]-[0,0,0,524292,4224]
[2048,0,0,0,0,0,0,0,0,0,0,0,16777216,0,0,0]-[0,1056,0,2415919104,0]
[0,0,0,0,0,0,0,264,0,0,0,0,536870912,0,0,0]-[32768,4194304,0,2097152,8]
[0,0,0,0,0,0,0,0,0,0,0,512,0,0,33554432,0]-[2048,4718600,1074266112,8404992,524288]
[0,0,67108864,0,0,0,0,0,0,0,4112,0,0,0,0,0]-[0,16777280,0,260,0]
[0,0,0,0,0,262144,0,0,1048576,0,0,0,0,128,0,0]-[0,1073741824,8388608,0,131136]
[0,0,0,0,0,0,0,0,0,0,4096,2097152,1048576,0,0,0]-[0,0,6,524320,0]
[0,0,0,0,0,0,0,0,0,0,0,1024,0,0,0,2048]-[0,1052736,0,16779264,0]
[262144,0,67108864,0,0,0,0,0,0,0,0,0,1073741824,0,0,0]-[0,2048,0,262152,2]
[0,0,0,0,0,0,0,256,0,0,0,64,1048576,0,0,0]-[0,512,0,4,262208]
[0,0,0,0,0,0,0,32,0,0,0,0,0,128,0,0]-[262144,1074790400,2148007936,335810560,0]
[0,0,0,0,0,64,64,0,1048576,0,0,1073741824,0,0,0,0]-[2147500032,0,32,64,0]
[0,0,67108864,0,0,0,0,0,16777216,0,0,0,0,0,1048576,0]-[8388608,0,0,33554976,0]
[0,0,0,0,536870912,0,0,16,0,0,0,0,0,0,0,0]-[16793600,21001282,8683520,0,0]
[0,0,1024,0,0,0,0,0,1048576,0,0,0,0,0,0,0]-[2147633280,278151840,16779273,308327091,532485]
[0,128,1140850688,0,0,0,0,0,0,0,0,0,0,0,0,0]-[4096,2149580816,33554432,2367488,0]
[0,0,67108864,0,0,256,0,0,1048576,0,0,0,0,0,512,0]-[1,0,8,32768,524288]
[0,0,0,0,0,64,0,524288,0,0,0,0,2147483648,0,0,0]-[268435458,2147485696,0,0,0]
[0,0,0,0,0,0,0,8,0,0,0,262144,0,0,0,0]-[32768,256,0,4,512]
[0,0,33554432,0,0,0,4194304,0,0,0,0,0,0,0,0,0]-[32,532480,65536,0,0]
[0,0,67108864,0,0,2147483648,0,16,0,0,0,0,0,0,0,0]-[67108928,69,2097408,4194336,16384]
[0,0,16777216,0,0,0,0,16777216,0,0,0,0,1048576,128,0,0]-[0,0,2105344,67108864,65536]
[0,0,67125248,0,0,0,0,0,1048576,0,0,0,262144,0,0,0]-[0,0,1073741824,8194,128]
[0,0,0,0,0,256,0,16,1048576,0,0,0,0,128,4096,0]-[524288,0,0,16384,18432]
[0,0,0,0,0,0,0,0,0,0,0,32,0,0,2097152,0]-[131080,16896,67239936,1572864,0]
[4096,0,0,0,0,0,0,0,0,0,4096,0,0,128,16,0]-[262144,131072,0,2560,0]
[0,0,0,0,0,0,0,0,0,8,0,0,1048584,0,0,0]-[536870912,67108868,0,0,2]
[0,0,67108864,0,0,0,16777216,0,0,0,0,0,0,0,33554432,0]-[0,0,3149824,1048576,0]
[0,0,0,0,0,0,0,0,1073741824,0,0,0,0,0,0,64]-[0,0,16777216,16781312,1048576]
[0,0,0,0,33554432,0,0,16,0,0,0,0,0,0,0,0]-[0,8,1179648,100663297,262176]
[0,0,67108864,0,0,0,0,0,0,0,0,0,8192,0,0,0]-[6,2363473,39854352,33621508,2116]
[0,0,0,0,512,0,0,0,1048576,0,0,0,0,128,0,0]-[128,0,40960,67108864,0]
[1073741824,8,0,0,0,0,0,0,0,0,0,0,0,0,0,0]-[67108864,1073741824,1073741824,0,8192]
[0,0,0,0,0,0,0,0,1048576,0,0,0,0,0,16384,0]-[0,512,25174088,33554432,0]
[0,0,0,0,0,0,0,0,16777216,0,0,0,1048832,0,0,0]-[0,268435457,0,33685504,32]
[0,0,67108864,0,2048,256,0,0,0,0,0,0,0,0,0,0]-[0,0,1073745920,4096,256]
[128,0,1024,0,0,131072,0,0,0,0,0,0,0,128,0,0]-[2048,0,545259520,65536,0]
[0,0,67108864,0,0,0,0,0,0,0,0,32,4194304,0,0,0]-[134217728,0,0,33554432,2097280]
[0,0,0,0,0,0,0,0,0,0,0,0,8,512,0,0]-[0,0,33619970,134217728,0]
[0,0,67108864,64,0,0,0,0,524288,0,536870912,0,0,0,0,0]-[0,536870920,2048,8,0]
[0,0,0,0,0,8388608,0,16,134217728,0,0,0,0,128,0,0]-[0,9439232,8388608,0,0]
[128,0,0,0,0,0,0,0,0,0,0,16777216,0,0,0,0]-[1077936640,268435456,0,33685504,4132]
[0,0,0,0,0,0,0,0,1048576,65536,0,0,1048576,0,0,0]-[2147483648,0,0,526336,16]
[128,0,67108864,0,0,0,0,0,1048576,0,0,0,8,0,0,0]-[2048,0,33554432,32784,0]
[0,0,0,0,0,256,16384,0,1048576,0,0,0,262144,0,0,0]-[0,0,0,69206272,256]
[0,0,0,32,0,0,0,0,0,0,4096,0,0,0,33554432,0]-[0,0,16777216,10485760,2048]
[128,0,16777216,0,0,0,0,8192,0,0,4096,0,0,0,0,0]-[1073743872,262144,0,268435456,0]
[0,0,0,0,8,0,0,0,0,0,0,0,0,128,8,0]-[8,0,0,603980288,0]
[0,0,67108864,0,0,256,0,0,512,0,0,0,0,0,0,0]-[0,131080,8192,32768,0]
[0,0,67108864,0,0,0,0,16,0,0,0,0,1048576,128,1024,0]-[0,32,2097152,16,1048576]
[0,0,8,8192,0,0,0,0,1048576,524288,0,0,0,0,0,0]-[2097152,0,0,1073782784,0]
[0,0,0,0,0,256,8192,0,0,0,0,0,0,128,0,0]-[1441865,16908320,536879140,268505108,1449984]
[0,0,0,0,67108864,8192,0,0,16777216,0,0,0,0,0,0,0]-[0,0,537134144,0,4352]
[0,0,2,0,0,0,0,8,17825792,0,0,0,0,0,0,0]-[0,0,192,128,524288]
[0,512,67108864,0,0,0,0,0,1048576,0,0,0,0,0,0,0]-[4,4,1073741824,524288,0]
[0,0,2097152,0,33554432,0,0,0,0,0,0,0,0,128,0,0]-[16384,0,131200,0,262144]
[0,0,67108864,0,0,0,0,131072,0,0,0,0,0,128,0,0]-[0,0,2147483648,2097156,131072]
[0,0,0,512,1,0,128,0,0,0,0,0,0,0,0,0]-[0,32770,0,10485760,0]
[0,536870912,0,0,0,0,0,0,0,0,1024,0,262144,128,0,0]-[268435456,67108864,0,67108864,131072]
[0,0,0,0,0,8192,0,0,0,0,128,0,0,0,0,0]-[536870912,2147483648,524288,32768,0]
[0,0,67108864,0,67108864,0,0,0,262144,0,0,0,536870912,0,0,0]-[32,4194368,0,2097152,0]
[128,0,0,0,0,0,0,0,0,0,0,0,0,0,0,128]-[512,0,8192,8320,0]
[0,0,0,0,0,64,33554432,0,1048576,0,0,0,0,0,0,0]-[16400,0,2176,0,0]
[0,0,67108864,0,0,256,134217728,0,0,0,0,0,0,0,0,0]-[67108864,65536,16,134217728,0]
[0,0,67108864,0,0,0,64,0,1048576,0,0,0,0,0,0,131072]-[0,0,32,3145984,0]
[0,0,0,0,0,0,0,0,16777216,0,16384,0,0,0,0,131072]-[2147483648,1,0,131104,0]
[0,0,67108864,0,0,0,16384,0,0,0,0,0,0,0,0,4104]-[0,0,0,2883840,0]
[0,0,0,0,0,0,0,8,0,0,4096,0,0,512,0,0]-[16384,131328,0,0,8]
[0,8388608,0,0,67108864,0,0,0,0,0,0,0,32,0,0,0]-[134218240,16,0,512,0]
[128,0,0,0,0,0,0,0,0,0,4096,0,536870912,0,0,0]-[0,2248147008,128,0,8]
[0,8388608,0,0,0,0,0,0,0,0,0,0,0,1048576,0,0]-[2147483648,0,67174400,16384,0]
[0,0,4,0,0,256,0,0,0,0,0,0,0,0,0,0]-[268435456,0,16777216,262144,8192]
[0,0,0,0,0,8192,0,0,0,0,0,0,1048576,0,16,0]-[2048,64,1048576,0,512]
[0,0,0,0,0,0,0,0,134217728,0,0,0,1048576,536870912,0,0]-[536870912,8404992,134217728,86048768,0]
[0,0,67108864,536870912,0,0,0,0,0,0,0,0,0,128,0,0]-[0,64,32768,65568,0]
[0,0,67108864,0,0,256,0,33554432,0,0,0,0,0,0,0,0]-[64,4608,65540,0,1]
[0,0,67108864,0,0,256,0,16,0,0,0,0,262144,0,0,0]-[524288,67110912,256,0,0]
[0,0,67108864,0,0,0,0,0,1056768,0,0,0,0,0,0,0]-[33554432,4,34078736,2181080928,655376]
[0,0,0,0,0,0,0,0,134217728,4096,0,0,0,128,0,0]-[0,0,2,0,525376]
[0,0,67108864,0,0,0,0,8388608,1048576,0,0,0,0,0,0,0]-[33587201,0,2048,36179968,0]
[2097152,256,16777216,0,0,0,0,0,0,0,0,32,2147483648,128,0,0]-[2098176,262144,0,268435456,0]
[0,0,0,536870912,0,256,0,0,0,0,0,0,0,0,0,0]-[0,0,512,16777280,262144]
[0,0,0,0,32768,0,0,0,0,0,0,0,134217728,0,0,0]-[0,4096,0,538968064,4096]
[0,0,0,0,0,8192,0,0,8192,0,0,0,262144,0,0,0]-[2097152,0,536870912,65536,2]
[0,0,0,0,0,1048576,1048576,0,1048576,0,0,0,0,0,0,0]-[0,262272,4194432,0,0]
[128,0,0,0,0,0,0,0,0,0,0,0,0,0,0,524288]-[0,0,536870912,1064960,256]
[0,0,0,262144,0,0,0,0,0,0,0,0,1048576,128,0,0]-[0,0,2097152,0,32928]
[128,0,1140850688,0,0,0,0,0,1048576,0,0,0,0,0,0,0]-[0,0,33554432,8224,524288]
[0,0,0,0,0,0,0,524288,0,0,4096,0,0,0,0,0]-[268439552,131088,1384125121,268633092,2097160]
[0,0,0,0,0,262144,0,0,0,0,0,0,0,0,4,0]-[1073741824,2,0,268435464,0]
[0,0,0,0,0,0,8192,16,1048576,0,0,1073741824,0,0,0,0]-[0,0,16777216,67108880,1048576]
[0,0,0,0,0,256,0,0,1048576,268435456,0,0,0,0,0,0]-[196624,268435456,0,0,0]
[0,0,0,0,0,0,0,0,0,0,528384,0,0,0,0,0]-[82688,32,16400,2176,32770]
[0,0,67108864,256,0,0,0,0,1048576,0,0,0,0,0,0,0]-[16812032,536870912,33556496,33555712,17]
[0,0,67108864,512,0,0,8192,0,0,0,4096,0,0,0,0,0]-[2048,0,0,262272,2]
[0,0,0,0,0,256,0,0,0,0,0,0,64,134217856,0,0]-[512,268435456,1,0,131072]
[0,0,0,0,0,0,0,0,65536,0,0,0,0,128,0,0]-[269484034,537919520,1073741831,2128,524320]
[0,1,0,0,0,0,0,0,0,0,4096,0,1048576,0,0,0]-[1073807360,4194368,64,268470272,0]
[0,0,67108864,4096,0,8192,0,0,0,0,0,0,0,0,0,0]-[67108864,1024,67108864,4096,0]
[0,0,0,0,0,0,8,0,1048576,0,0,0,0,128,0,0]-[1,0,1,268435456,1048576]
[0,0,67108864,8192,0,0,0,0,1048576,0,0,0,0,0,0,0]-[2097152,33620512,524288,9856,524288]
[0,128,0,0,0,64,8192,0,0,2147483648,0,0,0,536871040,0,0]-[64,1073743872,0,0,64]
[0,0,0,0,0,0,0,0,135266304,0,8,0,0,0,0,0]-[0,1310720,0,256,64]
[0,4,67108864,0,0,0,0,0,0,0,0,0,0,0,0,0]-[2399670350,470044,3290958080,172008460,3146823]
[0,0,0,0,0,0,0,0,16777216,2147483648,0,0,0,0,0,0]-[67108992,2048,1048576,0,0]
[0,8388608,0,0,0,0,0,0,17825792,0,0,0,0,0,0,0]-[0,0,64,36864,524288]
[0,0,0,0,67108864,0,0,0,0,0,4096,0,0,128,0,0]-[279040,1434583040,8388741,4736,2097152]
[0,0,65536,0,0,0,0,32,1048576,0,0,0,0,128,0,0]-[128,65536,0,4224,0]
[0,0,0,0,0,0,0,16,134217728,0,2,0,0,0,0,0]-[0,1048576,8388608,4096,16384]
[0,0,67108864,0,16777216,0,8192,0,0,0,0,0,0,128,0,0]-[0,262144,2148007936,134217728,0]
[0,0,0,0,0,0,4194304,0,0,0,0,0,0,0,0,16384]-[8,0,16777248,0,64]
[0,0,0,0,0,256,0,65536,0,0,0,0,0,0,0,0]-[0,131488,268566528,16384,2048]
[16,0,0,0,0,0,0,0,16777216,0,4096,0,0,0,0,0]-[0,256,128,32776,4104]
[0,0,0,0,0,0,64,0,0,0,1,0,0,0,0,0]-[1048576,0,128,0,4098]
[64,0,0,0,0,0,0,16777216,1048576,0,0,0,1048576,128,0,0]-[16384,0,8192,67109376,0]
[0,0,67108864,0,67108864,0,0,0,0,0,0,0,0,33554432,0,0]-[0,4194816,2097152,2097152,0]
[0,0,67108864,0,0,0,0,0,0,0,0,0,8,0,33554432,0]-[17301512,73776,2416443392,39849984,540754]
[0,0,67108864,0,0,8192,0,0,0,0,262144,0,0,0,0,0]-[0,0,32768,65552,2]
[0,0,524288,0,0,0,0,0,134217728,0,0,0,0,0,0,0]-[134479872,0,401984,8192,0]
[0,0,0,0,134217728,256,0,0,0,0,0,0,1048576,0,0,0]-[512,0,16777280,262144,0]
[0,0,0,0,0,0,0,0,128,0,0,0,0,0,67108864,0]-[268435456,134217728,33554433,524416,0]
[0,0,0,0,0,0,8192,0,0,0,0,0,0,0,0,65536]-[8388740,8388608,0,0,0]
[0,0,67108864,0,0,0,0,0,0,2147483648,0,0,1048576,0,0,0]-[0,1,0,1048596,0]
[0,0,0,0,0,0,64,0,0,0,0,0,1024,0,0,0]-[0,524288,65536,536870916,0]
[0,0,0,0,0,0,0,0,0,0,0,1024,0,536870912,4,0]-[2,0,512,1073741824,524288]
[0,0,8192,0,0,8192,0,0,0,0,0,0,1073741824,0,0,0]-[536870912,2048,0,262145,0]
[524288,0,0,0,0,0,0,0,0,0,0,0,0,0,2147483648,0]-[4,2,0,131072,16]
[0,0,67108864,0,0,0,0,0,0,0,0,0,1048576,0,4194304,0]-[0,512,65536,20,0]
[0,16384,67108864,0,0,0,0,0,0,1073741824,0,0,0,536870912,0,0]-[0,16777216,1024,256,4]
[0,0,0,0,0,0,2,0,0,0,4096,0,1048576,0,0,0]-[0,36,0,16392,0]
[0,0,0,0,0,0,0,0,0,0,4096,0,262144,0,0,0]-[2428066560,2772610125,3682881683,1178715404,111754]
[0,0,67108864,16,0,0,0,0,0,0,0,0,0,0,0,1]-[2,67108928,4198400,0,0]
[0,0,16777216,0,0,256,0,0,1048576,0,0,0,0,0,0,0]-[256,0,16,2415919104,256]
[0,0,0,0,0,0,8192,268435456,0,0,0,0,1048576,0,0,0]-[2181038080,128,335544320,268435456,16]
[0,0,0,0,0,256,0,16,0,0,4096,0,8,0,0,0]-[1,0,0,163848,0]
[536870912,0,0,0,0,33554432,8192,0,0,0,0,0,0,0,0,0]-[16384,1048584,0,262144,0]
[0,0,0,0,0,0,532480,0,0,0,0,0,0,0,0,0]-[2097152,2883712,4,536875008,16]
[0,0,67108864,0,0,64,0,0,0,0,0,0,0,0,8,0]-[0,131104,0,16777728,0]
[0,0,256,0,0,0,0,0,0,0,0,0,0,128,0,0]-[305266756,537136128,8781826,604241924,2097152]
[0,0,67108864,0,0,256,0,0,0,0,0,0,0,536870912,0,0]-[64,285359616,270599680,2147483716,671936]
[128,16777216,0,0,0,0,0,2048,0,0,0,0,0,0,0,0]-[0,262144,0,131136,16]
[0,0,67108864,16779264,0,0,0,0,0,0,0,0,0,0,0,0]-[17301504,0,8192,0,256]
[0,8192,67108864,0,0,0,0,131072,0,0,0,0,0,0,134217728,0]-[0,0,2147483648,18939904,0]
[0,0,0,65536,0,2147483904,0,0,1048576,0,0,0,0,128,0,0]-[0,8388608,0,268435456,139264]
[0,0,0,0,0,0,0,0,0,0,4096,524288,0,128,0,0]-[0,16777280,16384,67373056,2162688]
[0,0,67108864,0,0,0,8192,0,134217728,0,0,0,0,0,0,0]-[8454144,603980033,1073741836,4400,18433]
[1048576,0,67108864,0,0,0,0,0,134217728,0,0,0,0,0,0,0]-[0,48,67109376,0,0]
[0,0,67108864,0,0,0,0,0,0,0,0,64,0,0,0,0]-[2229796906,16802361,268533812,136314882,1048580]
[0,0,67108864,0,32768,0,64,0,0,0,0,0,0,0,0,0]-[8,4194336,0,128,0]
[0,0,128,0,67108864,0,8192,0,0,0,0,0,0,0,0,0]-[16384,2415919104,1048576,0,0]
[0,131072,2214592512,0,0,0,8192,0,0,0,4096,0,0,128,0,0]-[1,67109121,0,0,0]
[128,0,67108864,0,0,0,0,0,0,0,0,0,0,8192,0,0]-[134217728,0,0,2181038208,0]
[128,0,67108864,0,0,0,0,0,1048578,0,0,0,0,0,0,0]-[0,0,0,4194433,64]
[0,0,0,0,0,0,0,0,16,4096,0,0,0,0,0,0]-[512,134217728,0,0,532480]
[0,0,67108864,0,0,256,0,0,0,0,64,0,0,0,0,0]-[1,32840,8448,1,0]
[4,0,67108864,0,0,0,0,2048,0,0,0,0,0,0,0,0]-[134217792,0,512,0,524288]
[0,0,0,0,0,0,0,0,16384,0,0,0,8,0,0,0]-[0,0,131076,33554432,16384]
[0,0,262144,0,67108864,0,0,0,0,0,4096,0,0,0,0,0]-[0,33554496,0,4194304,8]
[0,67108864,67108864,0,0,0,33554432,0,0,0,0,0,0,0,0,0]-[67108864,32784,0,0,131072]
[0,0,8192,0,0,0,0,0,0,0,4096,0,0,536870912,0,0]-[8192,142606336,0,2097152,0]
[0,1024,0,0,0,0,0,0,0,0,4096,0,0,128,0,0]-[262144,0,0,268435456,32800]
[0,0,83886080,0,0,0,0,0,0,0,0,524288,0,0,0,0]-[0,16777216,0,262144,2097153]
[0,0,67108864,0,0,268435456,0,0,1048576,0,0,0,0,0,0,0]-[65536,327680,526336,96,131072]
[0,0,0,0,0,256,0,0,0,0,4096,0,0,2147483648,0,0]-[67108864,8388608,0,2147483648,8192]
[0,0,67108864,32768,0,0,0,0,0,0,0,0,1048576,0,0,0]-[8388608,4096,0,134217728,64]
[0,0,67112960,0,0,0,0,16,0,0,4096,0,0,0,0,0]-[64,0,512,128,2097152]
[0,0,0,0,0,0,64,33554432,0,0,4096,0,0,0,0,0]-[0,0,640,33024,2]
[0,0,2214592512,0,0,0,0,0,0,0,0,0,0,536870912,0,0]-[4,65552,1024,0,0]
[0,0,67108864,0,0,0,2048,0,17825792,0,0,0,0,0,33554432,0]-[0,0,0,36864,320]
[0,0,67108864,0,0,0,0,0,1048576,0,0,2097152,0,0,0,0]-[65536,4,0,2147483648,4]
[0,0,67108864,0,0,0,0,0,0,8388608,4096,0,0,0,0,0]-[2097152,140296,268435456,0,16512]
[0,0,0,0,0,0,0,0,0,0,0,524288,8388608,0,0,0]-[134217728,0,2155872256,33554432,0]
[0,0,0,0,0,0,0,0,0,16384,0,0,0,0,64,0]-[0,2099200,33554496,0,0]
[0,0,67108864,0,0,0,0,16,0,0,1,0,0,0,0,0]-[0,0,2097152,1,2099200]
[0,0,67108864,0,0,0,0,0,1048576,0,0,0,131072,0,0,0]-[0,570687488,33589280,32768,0]
[0,0,0,0,0,0,0,0,128,0,0,0,1048576,0,0,0]-[276824065,512,167780353,34603012,64]
[0,0,67108864,0,0,0,16384,0,0,0,4096,0,0,0,0,0]-[524352,131360,0,33620992,0]
[0,0,4096,0,0,0,0,0,1048576,0,0,0,1048576,0,0,0]-[1,0,33554433,0,1048576]
[0,0,0,0,0,0,0,0,1048576,0,0,64,0,536870912,0,0]-[0,4194304,0,1073741888,128]
[0,0,0,0,32768,0,0,0,8192,0,4096,0,0,0,0,0]-[512,8192,0,65536,2]
[0,8,0,0,0,0,0,256,0,0,0,0,0,0,0,0]-[8192,320,0,0,2]
[0,0,0,0,0,0,0,0,8388608,0,0,0,1048576,0,0,0]-[1073743872,1048576,2097152,67584,9]
[2,0,0,0,8,0,0,0,0,0,0,0,0,0,0,0]-[0,524288,512,540672,0]
[1048576,0,0,0,0,0,0,0,0,64,0,0,0,0,0,0]-[32,2,262148,0,0]
[0,0,67108864,0,0,256,0,2,0,0,0,0,0,0,0,0]-[1,16777216,0,8192,524288]
[0,0,0,0,0,0,8256,16,0,0,0,0,0,128,0,0]-[605036545,536870912,32,0,8]
[0,0,0,0,0,0,0,0,4194304,0,4096,0,1048576,0,0,0]-[0,16777216,0,67108864,2097154]
[0,0,0,0,524288,0,0,0,1048576,0,4096,0,1048576,0,0,0]-[276824064,67108864,0,0,2097152]
[0,0,67108864,0,0,0,0,0,0,0,0,0,0,0,1073741824,0]-[75501614,2416144640,2181041420,2164630048,1246277]
[0,0,0,0,0,0,8,0,0,0,8192,0,0,0,0,0]-[0,0,0,1048577,264192]
[0,512,0,0,0,0,64,0,0,0,0,0,0,128,0,0]-[0,0,0,131328,2050]
[0,8,67108864,0,0,0,8192,0,0,0,4096,0,0,0,0,0]-[2048,2147483648,0,1024,2]
[0,0,67108864,0,0,8192,0,0,1048576,0,4096,0,0,0,0,0]-[0,2688811264,4096,0,16386]
[0,0,67108864,0,0,0,0,0,0,0,0,0,0,128,65536,0]-[8,263168,8196,262272,3145792]
[0,0,0,0,262144,0,0,0,0,524288,0,0,0,0,0,0]-[0,2048,262144,64,4096]
[0,0,0,0,0,0,8192,0,0,64,0,0,0,0,0,0]-[67305472,16785536,0,16,2048]
[0,0,67108864,0,0,0,1,0,0,0,4096,0,1048576,0,0,0]-[8388608,4,0,0,49152]
[0,0,67108864,0,0,288,0,0,0,0,0,0,0,0,0,0]-[524288,16777216,0,8193,0]
[0,0,0,0,0,0,0,0,1048576,8388608,0,0,0,128,0,0]-[2064,32,0,1073741888,1024]
[0,0,0,0,0,256,0,0,0,0,0,0,0,0,65536,0]-[0,73728,0,268435712,0]
[0,0,1024,0,0,0,0,0,4194304,0,0,0,0,128,0,0]-[268435456,0,524288,0,2367488]
[1024,0,0,0,0,0,0,0,0,0,0,0,1048576,536870912,0,0]-[0,8192,32,536872960,0]
[0,0,67108864,0,0,0,512,0,0,0,0,0,0,0,0,4096]-[4,16,268435456,0,2]
[0,0,67108864,4,0,0,0,0,0,0,0,0,0,0,0,0]-[7,270532672,268464428,1319958,2115712]
[0,0,0,0,0,16777216,0,0,1048576,0,0,0,1048576,0,0,0]-[0,0,536870952,1073741824,0]
[262176,0,0,0,0,0,0,0,0,0,0,0,0,0,0,0]-[128,0,4160,1048576,0]
[0,0,67108864,0,0,0,0,0,16777216,0,0,0,0,536871040,0,0]-[0,16777216,0,0,524480]
[8,0,0,0,0,0,0,0,134217728,0,0,0,0,0,0,0]-[0,8388610,1073741832,0,1024]
[0,0,16777216,0,0,0,0,0,536870912,0,0,0,1048576,0,0,0]-[3221225472,0,0,268435456,16]
[131072,0,67108864,0,0,16384,0,0,0,0,0,0,0,0,0,0]-[2048,0,2099200,0,1]
[0,262144,0,0,0,0,0,0,0,0,0,0,0,512,0,0]-[33554432,0,0,10485760,1]
[0,2097152,0,0,0,256,0,0,16777216,0,0,0,0,0,0,0]-[16,33554432,2097168,0,0]
[0,0,0,536870912,0,0,0,67108880,0,0,0,0,0,0,0,0]-[0,0,0,2097153,2359296]
[0,0,67108864,8388608,16384,0,0,0,0,0,0,0,0,0,0,0]-[0,4194312,0,0,2097153]
[4096,0,0,0,0,0,0,0,0,0,4096,0,0,0,0,0]-[268435712,553648144,1073742336,131080,32]
[0,0,0,0,0,0,1048576,0,0,0,4096,0,0,0,0,0]-[513,2164260897,268435584,4211840,0]
[0,0,67108864,0,0,0,0,0,0,0,0,4194304,0,0,0,0]-[83886080,16777249,67113992,524336,65537]
[0,0,0,0,2097152,0,8192,0,0,0,0,0,0,0,0,0]-[536870913,0,134217728,2048,0]
[0,0,0,0,0,0,0,0,134217728,1073741824,0,0,0,0,0,0]-[0,0,2,272,524288]
[0,128,0,0,0,0,0,2097152,0,0,0,0,0,128,0,0]-[1048576,64,1073741824,0,262144]
[0,0,0,0,1048576,0,0,0,0,0,0,0,1310720,0,0,0]-[0,34816,1,2097152,0]
[0,0,0,0,67108864,0,8192,0,0,0,0,0,1048576,0,0,0]-[131072,0,0,100663296,32]
[0,0,2,0,0,256,0,0,1048576,0,0,0,0,0,0,0]-[262144,0,0,67109120,131072]
[0,0,67108864,0,0,64,0,0,1048576,0,0,1024,0,4,0,0]-[2147483648,0,8192,532480,0]
[0,0,0,0,0,0,0,1073741824,0,0,0,1,0,0,0,0]-[268435456,4,536870912,0,32768]
[0,0,0,0,0,64,0,0,1048576,0,2048,0,0,0,0,0]-[2147516416,256,128,0,0]
[128,0,0,0,0,32,0,0,0,0,0,0,0,128,0,0]-[262144,2048,16384,128,0]
[0,0,0,0,32,0,16384,0,0,0,0,0,0,0,0,0]-[0,1073741824,0,83918848,0]
[0,0,0,0,67108864,0,0,0,0,0,0,0,8,0,0,0]-[67111560,75530252,2197827265,1073741824,2097593]
[0,67108864,67108864,0,128,0,0,0,0,0,0,1048576,0,0,0,0]-[524288,36864,16,0,0]
[0,0,0,0,0,0,0,0,0,0,0,0,0,268435488,0,0]-[0,8,9437184,524288,0]
[0,0,0,0,0,0,0,0,1048576,0,0,0,2097152,0,0,0]-[257,542441472,262145,3288891744,0]
[0,0,512,16777216,0,0,0,0,0,0,0,0,0,0,0,0]-[0,0,512,16384,264]
[0,0,0,0,0,0,0,0,0,32768,4096,0,0,0,0,0]-[20480,2684362753,8388625,266496,2101280]
[2097152,0,67108864,0,0,0,32768,0,0,0,0,0,0,0,0,0]-[524288,0,67108864,65,0]
[0,0,0,0,2,0,0,0,0,0,0,0,0,128,0,0]-[16777224,257,536905792,16,57344]
[0,0,67108864,536870912,0,0,0,8,0,0,0,0,0,0,0,0]-[16777216,256,0,524292,0]
[128,0,67108864,0,0,0,0,0,16777216,0,0,0,256,0,0,0]-[0,0,16384,129,64]
[0,0,1024,0,0,0,0,0,0,0,4,0,0,0,0,0]-[0,0,4194304,0,35]
[0,0,0,0,0,0,0,0,0,4,0,0,0,128,0,0]-[0,256,1048578,0,64]
[0,0,67108864,0,4096,0,0,0,1048576,0,0,0,1048576,0,0,0]-[16777216,512,0,135266304,0]
[128,2097152,0,0,0,0,0,0,0,0,0,0,0,0,0,0]-[0,0,131072,2147483778,0]
[0,2097152,0,0,0,0,0,0,0,0,4096,0,131072,0,0,0]-[0,0,268451856,268435456,0]
[1048576,0,0,0,0,32,0,0,1048576,0,0,0,1310720,0,0,0]-[16384,0,33554432,256,8192]
[128,0,0,0,0,0,0,0,16777216,0,0,0,1048576,0,0,0]-[134217856,67108866,536870912,268435458,786432]
[0,0,67108864,0,0,0,0,0,1050624,0,0,0,0,0,0,0]-[4,570425344,32784,34078720,524417]
[0,0,67108864,0,0,0,64,0,1048576,0,0,0,1048576,0,0,0]-[32769,65540,33554448,6291712,0]
[0,0,0,32,0,0,0,0,0,0,0,0,0,0,65536,0]-[32,0,16779264,4096,0]
[0,0,134217728,0,0,0,0,0,0,0,4096,0,0,0,8,0]-[16777216,132096,0,67108864,0]
[128,0,67108864,0,0,0,0,2097152,0,0,4096,0,0,0,0,0]-[8388608,33685504,16,0,0]
[0,0,67108864,0,0,0,0,67108864,0,0,4096,0,0,0,0,0]-[0,536870912,33554432,256,16384]
[0,0,0,0,0,256,0,16,0,0,0,0,0,0,0,0]-[2484954705,347160120,3919978358,3156408817,1472753]
[0,0,0,0,0,0,0,16,0,0,4096,33554432,0,0,0,0]-[262144,536870912,0,1032,0]
[0,0,0,0,67108864,16448,0,0,1048576,0,0,0,0,0,0,0]-[128,512,0,1,128]
[0,0,67108992,0,0,2048,64,0,0,0,0,0,0,0,0,0]-[0,0,67108864,1081344,2]
[0,0,67633152,0,0,0,0,0,0,0,32768,0,0,0,0,0]-[167804928,268435456,0,0,0]
[0,0,67108864,0,0,0,0,16,0,0,0,0,0,128,0,0]-[206096449,3049614957,3262691636,2586319098,3566065]
[0,0,0,0,0,0,4096,0,0,0,4096,32,1048576,0,0,0]-[0,0,33554432,33554432,2097184]
[1073872896,0,0,0,0,0,2048,0,0,0,0,0,0,0,0,0]-[134217728,0,0,1207959616,0]
[0,0,67108864,0,67108864,0,0,0,0,16777216,0,0,0,128,0,0]-[0,0,3223322624,16,0]
[0,0,0,0,0,0,0,0,0,0,0,32,1048576,536870912,0,0]-[0,33554560,18432,2113536,544]
[1048576,0,0,0,0,0,0,0,0,0,262144,0,0,0,0,0]-[65536,0,0,16777232,8194]
[0,0,67108864,0,0,0,0,1073741824,0,0,4096,0,0,0,0,0]-[2162752,332,268435456,65924,0]
[0,0,0,0,0,0,2097152,0,0,0,0,32,0,0,0,0]-[8388608,1024,0,0,528]
[0,0,0,0,65536,0,0,0,134217728,0,0,0,1048576,0,0,0]-[16384,0,0,16777216,1152]
[0,0,0,0,0,0,0,0,0,0,0,32,0,0,128,0]-[0,2147484160,131072,0,2097152]
[0,0,0,0,0,8388608,8192,0,0,0,0,0,0,0,0,0]-[65537,1,671088640,0,8]
[0,8388608,0,0,0,0,0,0,0,0,4096,0,1048576,0,0,0]-[16384,0,16,4,16384]
[0,0,0,0,0,0,0,0,0,2097152,0,0,268435456,0,0,0]-[4194304,524288,8192,16384,0]
[0,0,0,0,0,67108864,0,0,0,0,4096,0,0,128,0,0]-[512,131104,0,262144,0]
[0,0,67108864,0,0,0,0,0,0,0,0,2048,0,536870912,0,0]-[0,512,33554464,4,0]
[0,0,67108864,0,0,0,0,0,134217728,0,1073741824,0,0,0,0,0]-[8,8,2097168,32,541696]
[0,0,0,0,0,0,0,0,0,0,64,0,67108864,0,0,0]-[0,0,8194,257,0]
[0,0,67108864,0,0,0,0,0,150994944,0,0,0,0,0,0,0]-[134283328,67110912,1075840256,64,2048]
[0,1024,0,0,0,0,8192,0,0,0,0,0,1048576,0,0,0]-[2147483648,0,352321536,0,0]
[0,0,67108864,0,0,0,0,0,0,0,67108864,0,0,64,0,0]-[0,8257,8,0,0]
[0,0,0,0,0,0,0,16,0,0,0,0,262144,4,0,0]-[64,524288,2147485696,0,0]
[0,0,0,0,67108864,0,0,8,0,0,4096,0,0,0,0,0]-[1073741824,0,16384,0,136]
[0,0,0,0,0,0,0,0,1048576,0,0,0,262144,16,0,0]-[256,0,32768,256,131072]
[2176,0,0,0,0,8192,0,0,0,0,0,0,0,0,0,0]-[33554432,2048,0,32768,4096]
[0,0,67108864,131072,0,0,0,0,0,0,0,0,0,0,0,0]-[2328432716,539031416,3593018676,2187636903,2280644]
[0,0,0,0,0,0,0,0,0,512,0,0,256,0,0,0]-[0,1073741826,0,0,16385]
[0,0,0,0,0,0,0,0,8,0,0,32,0,0,0,0]-[0,33554448,131072,1048576,0]
[0,0,128,0,2147483648,0,0,0,0,0,0,0,0,128,0,4096]-[16384,1,1074266112,0,0]
[0,0,67108864,0,0,0,0,0,0,2,4096,0,0,0,0,0]-[1,16908304,0,0,0]
[0,0,0,0,0,0,0,0,0,0,0,0,0,4096,0,131072]-[64,524288,32768,524288,0]
[0,0,0,0,64,0,0,0,0,0,0,0,1048576,0,0,0]-[708854016,82944,2164736,606865409,32768]
[0,524288,67108864,262144,0,0,0,0,0,0,4096,32,1048576,0,0,0]-[64,0,0,0,32898]
[0,0,0,0,0,0,0,0,1081344,0,0,0,0,0,0,0]-[5,1610612736,25428000,1024,17]
[0,0,0,0,0,256,0,0,1048576,0,0,0,1048576,128,33554432,0]-[262144,276889600,0,0,0]
[0,0,67108864,0,0,4,0,0,0,0,4096,0,0,0,0,0]-[16777216,1056,0,33554432,0]
[0,2147483648,67108864,0,0,0,0,0,0,0,4096,0,1048576,0,0,0]-[0,8,0,4198656,0]
[0,0,0,0,0,0,0,0,0,0,0,0,1064961,0,0,0]-[262144,0,0,131344,0]
[0,0,0,0,0,0,0,0,0,2147483648,8,0,0,0,0,0]-[0,1073743872,0,131072,128]
[0,0,67108864,0,67108864,0,0,0,0,4096,0,0,0,0,0,0]-[33554441,0,67108864,0,0]
[4,0,0,131072,0,0,0,0,0,0,4096,0,1048576,0,0,0]-[276828160,32,0,0,0]
[0,0,0,16,0,67108864,0,0,0,0,0,0,0,0,0,0]-[1,16777344,0,0,262144]
[0,0,67108864,0,0,0,0,0,0,0,0,2048,0,0,0,64]-[0,0,2048,2147745856,0]
[0,0,0,0,0,8192,0,0,1048576,0,8192,0,0,0,0,0]-[16,8388608,0,1056,0]
[0,128,0,0,0,0,0,0,0,0,0,32,537919488,0,0,0]-[536903680,16384,0,2097152,0]
[4,0,0,0,0,0,0,0,134217728,0,0,0,0,0,0,0]-[0,0,2,0,540736]
[0,0,0,0,0,0,0,0,0,1024,0,0,8,0,0,0]-[0,0,16777216,786432,2]
[0,0,0,0,0,0,0,1073741824,1048576,0,0,0,0,128,0,0]-[0,0,32768,1207959552,128]
[0,0,1024,0,2147483648,0,0,0,0,0,0,0,0,0,0,0]-[0,0,77594624,0,2097152]
[0,0,0,0,0,8,0,0,0,0,0,0,0,8320,0,0]-[0,65536,4,1073742336,0]
[0,0,67108864,8388608,0,0,0,0,0,2147483648,0,0,0,0,0,0]-[0,8192,2147483664,2147483648,0]
[0,0,0,0,0,0,8192,0,0,67108864,4096,0,1048576,0,0,0]-[0,67108864,0,65792,8]
[0,0,67108864,0,16777216,0,0,16,0,0,0,0,0,0,0,0]-[8388608,1024,1073741824,0,131072]
[0,0,0,32,0,0,0,16,0,0,0,0,0,0,0,0]-[1048592,67637248,1629788674,234881314,2123784]
[0,0,67108864,256,0,0,0,0,0,0,4,0,0,0,0,0]-[0,0,0,524293,4]
[1048576,128,0,0,0,0,0,0,0,0,32768,0,2097152,0,0,0]-[512,0,33554436,4194304,0]
[0,0,0,0,16384,0,0,0,1048576,0,0,0,16384,0,0,0]-[33554432,536870912,0,536870912,1]
[0,0,0,0,1073741824,0,0,0,0,0,0,0,0,2097152,0,0]-[32,67108992,8388608,0,0]
[0,0,0,0,0,256,0,0,0,1,0,0,0,0,0,0]-[131088,12288,16,262400,320]
[1073741824,0,0,0,0,0,0,0,134217984,0,0,0,0,128,0,0]-[262144,32,1048576,262144,0]
[0,0,0,0,0,0,0,0,134217728,0,8392704,0,1048576,128,0,0]-[16777216,0,0,4325376,4096]
[0,0,0,0,0,8192,0,0,1048576,0,0,0,0,0,4,0]-[0,1073741824,524352,16,0]
[0,0,67108864,0,0,0,0,0,0,1,0,0,0,128,0,0]-[8,0,0,8,1048768]
[0,0,0,0,0,2147483648,64,0,0,0,0,0,0,0,0,0]-[32,536871040,543228416,1024,147466]
[0,0,0,0,0,0,0,8388608,0,0,0,0,0,0,0,2048]-[1,1048576,67108864,16777216,0]
[0,0,0,67117056,0,0,0,0,0,0,0,0,0,0,0,0]-[4,4096,0,536870912,512]
[0,0,67108864,0,0,0,0,256,1048576,2,0,0,0,0,0,0]-[1,16,0,32768,256]
[0,0,67108864,0,2147483648,0,0,0,0,0,0,0,1048576,128,524288,0]-[64,32,2097152,0,65536]
[1048576,0,67108864,0,0,0,0,0,0,0,0,32,0,0,0,0]-[64,0,524544,8192,0]
[0,0,0,0,0,4,0,0,1048576,0,0,0,0,128,0,0]-[1064960,17039360,131074,134217744,0]
[0,0,67108864,0,0,0,0,0,1048577,0,0,0,0,0,0,0]-[16809984,4456448,0,2147487872,0]
[0,0,67108864,4096,0,0,0,0,0,0,4096,0,1024,0,0,0]-[0,139264,0,512,128]
[134217728,0,0,0,0,8192,0,0,0,0,4096,0,0,0,0,0]-[0,32768,0,262144,34]
[0,0,0,0,0,16777216,0,0,0,0,0,0,262144,128,0,0]-[3145728,536870912,536870912,0,0]
[0,0,67108864,0,0,0,8192,0,0,0,0,32,0,0,0,0]-[32834,16384,33587200,1024,2129922]
[2097152,0,0,32768,0,0,0,0,0,0,0,0,0,0,0,0]-[268435456,524288,1,16,0]
[0,0,0,0,0,8192,0,131072,0,0,0,0,0,0,134217728,0]-[0,2,4194304,536870912,1]
[0,0,0,0,0,0,2048,16,0,0,0,0,0,0,0,0]-[0,134218240,0,134217728,128]
[0,0,0,0,0,0,0,0,0,0,33554432,0,0,33554432,0,0]-[0,128,67109888,0,8192]
[0,0,0,0,0,0,0,2097152,0,0,0,0,0,0,2048,0]-[0,0,32784,8388608,64]
[0,0,0,0,0,0,0,0,0,0,262144,0,4194304,0,0,0]-[0,0,8390656,65568,0]
[0,0,67110912,0,0,0,0,0,0,0,0,0,262144,128,0,0]-[0,0,1073741828,262144,32768]
[64,0,0,1,0,0,0,0,0,0,0,0,0,0,0,0]-[0,0,262272,16,4096]
[8388608,0,0,0,0,0,0,0,0,0,0,0,1048576,128,33554432,0]-[128,16777216,2097152,67108864,0]
[128,0,0,0,0,0,8192,0,0,0,0,0,0,128,0,0]-[33816576,2304,32768,268501104,524320]
[0,0,67108864,0,0,0,0,0,0,0,528384,0,0,1073741824,0,0]-[2097152,0,268435472,4,0]
[0,0,0,0,262144,0,0,0,1048576,0,0,0,0,0,0,0]-[2197815301,1079051024,541327369,873498625,1056768]
[0,0,0,0,0,0,1024,0,0,0,4096,0,0,0,0,0]-[2147483648,134217728,1048576,2,0]
[0,128,0,0,0,1,0,0,0,0,0,0,0,0,0,0]-[1048576,64,8388608,0,256]
[0,0,0,0,0,0,134217728,2147483648,0,0,0,0,0,0,0,0]-[2,0,134217732,1024,0]
[0,0,67108864,0,0,0,0,0,0,0,8,0,0,0,0,256]-[0,131080,0,2,4]
[0,0,67108864,0,0,0,0,0,0,0,4096,0,0,128,33554432,0]-[0,3072,0,136319488,524416]
[0,0,0,0,0,0,0,512,0,0,0,0,0,536870912,0,0]-[1073741824,8,2048,545261568,8]
[0,0,0,0,67108864,0,0,0,1048576,0,0,1073741824,0,0,0,0]-[16384,16,0,536875008,0]
[0,0,0,512,0,0,0,16,1048576,0,0,0,0,0,0,0]-[0,0,16777280,1,8192]
[0,0,0,0,32768,0,0,0,0,0,0,0,262144,128,0,0]-[0,2048,3,0,524288]
[0,0,0,0,0,256,0,0,0,0,0,1024,0,0,0,0]-[4,2147483648,128,32,0]
[0,0,0,0,8,0,134217728,0,0,0,0,0,0,0,0,0]-[4194304,0,2097152,100663296,0]
[128,0,0,536870912,0,0,0,0,0,0,0,0,0,0,0,0]-[128,0,526336,0,2097152]
[0,0,0,0,0,0,0,0,0,0,0,32,8,536871040,0,0]-[1048642,0,131072,0,0]
[0,0,67117056,0,0,0,0,0,0,0,0,1,0,0,0,0]-[0,4,4197376,0,0]
[0,0,0,0,0,0,0,0,1048576,0,0,0,1048576,0,0,4]-[129,512,270352,0,1048576]
[0,0,0,0,0,0,0,0,134217728,0,0,0,0,8388608,0,0]-[65536,67108864,536870912,16384,0]
[0,0,8,0,0,0,0,16,1048576,0,0,0,0,128,0,0]-[16,65536,32768,67108864,0]
[0,0,0,0,0,16777216,131072,0,0,0,0,0,0,0,0,0]-[67108864,1048576,32768,1,0]
[0,0,67108864,65536,32,0,0,0,0,0,0,0,262144,0,0,0]-[0,147460,0,0,65536]
[0,0,0,0,0,0,8192,0,1048576,0,4096,0,0,0,0,0]-[65536,2684354560,524288,2684487936,2105346]
[0,4194304,0,0,0,256,0,0,0,0,0,0,0,0,0,0]-[524288,131072,1536,16392,0]
[0,128,16777216,0,0,0,0,0,0,0,0,0,0,0,0,0]-[536936872,0,18,2416215040,32768]
[0,0,0,0,0,0,64,0,0,0,67108864,0,0,0,0,0]-[16384,524288,1140850816,0,0]
[0,0,335544320,0,0,0,0,0,0,0,4096,0,0,0,0,0]-[8390656,33554464,268435968,640,2097152]
[0,1024,0,0,0,0,0,16,0,0,0,0,1310720,0,0,0]-[536870913,0,262144,0,64]
[0,0,67108864,0,0,0,0,0,0,64,4096,0,0,128,0,0]-[2097152,32,0,262656,0]
[2097408,0,0,0,0,0,0,0,0,0,4096,0,0,0,0,0]-[0,0,16512,0,130]
[0,0,0,0,0,256,0,0,0,64,4096,0,0,0,0,0]-[1074266112,0,512,16384,0]
[0,0,0,0,0,0,0,0,0,0,0,0,0,0,33562624,0]-[0,524288,0,8388608,2050]
[0,0,0,0,0,64,67108864,0,0,0,0,512,0,0,0,0]-[0,4096,128,8192,2]
[0,0,0,67108864,0,0,0,0,134217728,0,4096,0,0,0,0,0]-[0,4,1,2048,65536]
[0,0,67108864,0,0,0,0,0,0,0,0,0,262144,0,0,32]-[0,18432,34603008,65536,256]
[0,0,0,0,0,0,0,0,0,0,0,0,1052672,0,0,0]-[1646265859,1050640,134217746,67389453,532491]
[0,0,0,0,0,0,1,16777216,0,0,0,0,0,0,0,0]-[0,536872960,0,142606336,2097160]
[0,0,0,0,0,256,2147483648,0,0,0,0,0,0,128,0,2048]-[393232,0,0,262144,0]
[0,0,0,0,0,0,2147483648,0,0,0,0,0,524288,0,0,0]-[20,0,268435456,128,0]
[0,0,0,0,0,0,0,16,0,8192,0,0,1048576,0,0,0]-[0,65536,4096,16,4096]
[0,0,0,0,0,0,0,0,0,0,0,0,0,128,65664,0]-[1048576,64,262144,262144,0]
[0,0,0,0,0,0,0,16,0,0,0,0,0,131072,0,0]-[0,8,134217728,1,32]
[0,0,0,0,0,0,0,0,0,2097664,0,0,256,0,0,0]-[1048576,1073741826,0,0,1]
[0,0,67108864,0,0,64,0,0,25165824,0,0,32,0,0,0,0]-[0,2147484160,0,2147483648,128]
[0,0,0,0,0,256,64,0,0,0,0,0,262144,0,0,0]-[256,1024,2097152,0,131072]
[0,0,8,0,0,0,0,0,0,8192,0,0,0,0,0,0]-[0,2048,16781312,16,98304]
[0,0,0,0,0,256,0,0,0,0,4194304,0,0,0,0,0]-[512,128,269107200,16385,0]
[0,131072,0,0,0,0,0,0,0,0,0,32,0,128,0,0]-[512,0,2,65540,0]
[0,0,67108864,0,0,0,0,0,0,0,528384,0,1048576,0,0,0]-[0,67108872,0,768,0]
[0,0,0,0,0,0,0,0,0,0,0,0,1114112,536870912,0,0]-[1048576,0,65536,0,192]
[0,0,0,0,0,0,64,64,134217728,0,0,0,0,0,0,0]-[0,524288,0,4325380,0]
[0,0,0,0,0,0,0,1073741824,134217728,0,0,0,131072,0,0,0]-[0,0,16777216,65728,0]
[0,256,67108864,0,0,0,0,16,0,0,0,0,0,128,0,0]-[64,0,0,4224,1048576]
[0,0,0,0,67108864,0,2,0,0,0,0,0,0,0,0,0]-[2147483648,0,0,8,4128]
[0,0,0,512,1,0,0,0,0,1024,0,0,0,0,0,0]-[4096,16384,0,1073741824,524288]
[2,0,4,0,0,0,0,0,0,0,0,32,0,0,0,0]-[65536,0,0,262272,8192]
[0,0,0,0,0,0,0,0,0,0,4096,4096,0,0,0,0]-[64,131104,0,33024,4096]
[0,0,0,0,0,536870912,0,0,0,0,0,0,0,0,67108864,0]-[268435456,0,0,16777216,262148]
[0,0,0,0,0,0,0,16,0,0,0,2048,0,0,0,0]-[1064960,4136,2149581312,536871936,8256]
[8,0,0,0,0,0,0,0,0,0,0,32,0,0,0,0]-[8,0,64,1073741824,2097152]
[0,0,0,131072,0,64,0,0,0,0,0,32,0,0,0,0]-[2684354560,512,0,0,32]
[0,0,67109888,0,0,0,0,0,0,0,0,0,0,0,0,0]-[250124294,891387484,375971628,2201860091,3755351]
[0,0,0,0,0,8192,0,0,0,0,0,0,262144,0,128,0]-[0,1073750016,2097152,0,2]
[0,0,0,0,0,256,0,0,1048576,0,0,0,0,524288,0,0]-[262144,0,96,2048,8192]
[0,8192,8388608,0,0,256,0,0,0,0,0,0,0,0,0,0]-[0,1536,131076,0,0]
[0,0,0,0,0,0,0,0,16777216,0,4096,0,262144,0,0,0]-[256,9217,0,33554432,0]
[0,0,0,0,0,16384,0,0,0,0,0,0,1048576,0,0,0]-[404767937,2,1111490562,16777728,73888]
[8192,128,67108864,0,0,0,0,0,0,0,0,0,0,0,0,0]-[150994944,0,67108864,256,0]
[0,0,0,0,0,0,64,0,0,0,0,0,2048,0,0,0]-[2147485696,128,0,131072,0]
[0,0,0,0,0,0,0,0,0,0,0,0,1049600,128,0,0]-[262144,32,2097152,0,65536]
[0,0,64,0,0,0,0,0,134217728,0,0,0,0,128,0,0]-[512,67436544,0,0,0]
[0,0,67108864,0,0,1048576,64,0,0,0,0,0,0,0,0,0]-[0,4,67108864,32768,2048]
[0,0,0,1073741824,0,0,0,0,0,4096,0,0,0,0,0,0]-[1048576,0,4,16388,0]
[65536,0,0,0,0,0,0,0,16777216,0,0,0,0,0,0,0]-[0,256,256,1,8]
[0,0,0,0,0,0,0,0,2048,0,4096,0,0,0,0,0]-[268501056,2164302080,402653248,67584,2101250]
[0,0,0,0,0,0,0,0,0,0,4096,0,0,0,0,131072]-[1342177792,603988292,33554624,4325384,32]
[0,0,67108864,0,0,0,0,16,0,256,0,0,0,0,0,0]-[0,67108864,256,2097152,2048]
[0,0,67108864,0,0,8192,8192,524288,0,0,0,0,0,0,0,0]-[0,16777216,0,32,2049]
[0,0,0,0,0,0,0,0,0,0,4096,256,0,0,0,0]-[0,16777216,4224,33996800,0]
[0,0,0,0,0,0,0,0,0,0,1073745920,0,0,128,0,0]-[0,536871936,128,262144,0]
[0,0,0,0,0,1073741824,0,0,0,0,0,0,0,128,0,0]-[4,100671555,16384,3758096512,64]
[0,0,67108864,0,0,0,131136,0,0,0,0,0,0,0,0,0]-[4,0,268444672,0,0]
[0,0,0,16,0,0,0,0,0,0,0,0,0,16384,0,0]-[16777600,0,0,8388608,0]
[0,0,0,0,0,0,0,0,0,2,8192,0,0,0,0,0]-[0,0,536875264,8192,0]
[0,0,0,0,0,256,0,2,1048576,8192,1,0,0,128,0,0]-[4,1074003968,128,0,0]
[128,0,0,0,134217728,0,0,0,0,0,0,0,1048576,0,0,0]-[131072,0,0,16400,4096]
[0,0,0,0,0,0,0,0,17825792,0,0,0,0,128,0,262144]-[0,32,32,268435456,524288]
[0,0,0,0,0,0,0,0,0,1024,0,0,1,0,0,0]-[131072,32,1025,0,0]
[0,0,33554432,0,0,0,8192,0,2048,0,0,0,262144,0,0,0]-[0,16916480,536870912,0,0]
[1073741824,0,67108864,0,0,0,64,0,0,0,0,0,0,0,0,0]-[32,8448,0,0,4]
[524288,0,0,0,0,0,0,0,0,0,0,4194304,0,0,0,0]-[0,1048576,2,0,65544]
[0,0,67108864,0,0,256,0,0,16777216,0,0,0,0,536870912,0,0]-[0,16777216,512,64,128]
[0,0,67108864,0,0,0,0,4096,1048576,0,0,0,0,0,0,0]-[2097152,516,1073741824,768,524417]
[0,0,67108864,0,0,0,0,2147483648,8192,0,0,0,0,0,0,0]-[8,0,16,33554688,0]
[0,0,0,0,0,0,2,0,0,0,67108864,32,1048576,0,0,0]-[1048576,16384,0,2147500032,0]
[128,0,16777216,0,0,0,0,0,1048576,0,0,0,0,0,0,0]-[2048,262144,0,3221225536,80]
[0,0,0,0,0,0,0,0,17825792,0,0,0,0,0,0,0]-[3349836259,3577336740,568094715,3212492771,1982430]
[0,536870912,524288,0,0,0,0,16,0,0,0,0,0,0,0,0]-[266240,2,0,32768,0]
[0,0,67108864,0,0,0,32,0,0,0,4096,0,0,0,0,0]-[524289,2181038080,268501504,262144,0]
[0,0,0,0,0,0,0,0,0,0,0,0,1048576,65536,0,0]-[262272,0,0,16,4096]
[0,0,67108864,0,0,0,0,0,131072,0,67108864,0,0,0,0,0]-[67108864,0,2149580800,2147483648,0]
[0,0,0,0,0,0,0,0,134217728,0,4096,0,67108864,0,0,0]-[512,67108864,16,256,0]
[0,0,0,0,0,64,0,0,0,0,0,0,0,0,1,0]-[16,768,0,0,2]
[131072,0,67108864,0,0,0,0,0,0,0,4096,0,0,0,0,0]-[528384,1104,301990400,69632,16512]
[0,0,67108864,0,0,0,0,8192,0,0,4096,0,0,0,0,0]-[16777216,2147483916,268451840,65536,0]
[0,0,0,0,0,64,8192,0,0,0,0,0,0,0,0,0]-[2722392067,3896115584,25724992,536870944,10274]
[128,0,67108864,0,0,0,0,0,0,0,0,0,0,536870912,0,0]-[100663360,268503296,33800,2185232496,655428]
[0,0,256,0,0,256,0,0,0,0,0,0,1048576,0,0,0]-[131072,0,134217744,67108864,0]
[0,0,67108864,0,0,0,64,0,0,0,0,0,0,32,0,0]-[0,0,65536,1081408,0]
[0,0,0,0,262144,0,0,0,0,0,0,134217728,0,0,0,0]-[0,2,2113536,32,0]
[0,0,0,0,0,0,0,0,0,256,0,0,0,1024,0,0]-[131072,2050,0,0,16]
[0,0,0,0,0,0,0,0,16777216,0,0,0,0,0,0,8]-[131088,0,2097152,0,2048]
[0,0,67108864,16777216,0,0,0,0,0,0,0,0,0,0,33554432,0]-[8388640,16777216,2416443392,1835008,0]
[0,0,67108864,0,32768,0,0,0,0,0,0,0,2097152,0,0,0]-[0,0,512,2147745856,0]
[0,0,268435456,0,0,0,0,0,0,0,0,536870912,0,0,134217728,0]-[0,1073741824,8388608,0,65544]
[0,1,67108864,0,0,0,0,0,0,0,4096,16777216,1048576,0,0,0]-[65536,131136,0,128,0]
[0,0,67108864,0,0,0,0,0,1052672,0,0,0,0,128,0,0]-[0,0,1073741824,0,655424]
[0,0,0,0,0,536870912,0,0,0,0,0,0,1048576,0,0,0]-[268451843,1049090,33558529,20975892,2396170]
[0,0,67108864,0,0,0,0,0,1048576,0,0,0,0,268435456,0,0]-[4,537133072,2048,134774976,524352]
[0,0,0,8388608,0,0,0,0,0,0,4096,0,0,0,0,0]-[270533121,33554700,64,33556480,65664]
[0,0,67108864,0,0,0,2097152,0,1048576,0,524288,32,0,128,0,0]-[2097152,0,0,144,131072]
[0,0,0,0,0,0,0,262144,1048576,0,0,0,0,0,0,0]-[2304,536887296,541106184,67108992,8464]
[0,0,0,0,0,0,4096,67108864,0,0,0,0,0,0,0,0]-[65536,2,4096,256,0]
[0,0,0,0,0,33554432,0,0,0,0,0,0,1048576,0,0,0]-[17956992,81954,1,2310416,16384]
[0,0,0,0,0,0,32,0,1048576,0,0,0,0,128,0,0]-[295056,1048608,545267840,1879050800,0]
[0,0,67108864,0,0,8192,0,0,0,0,0,0,0,1,0,0]-[2048,64,0,1048576,131072]
[128,0,67108864,0,0,0,0,0,1048576,0,131072,0,0,0,0,0]-[0,0,33554432,32800,524288]
[536870912,0,0,0,0,0,0,0,0,0,0,16384,0,0,0,0]-[0,33554432,524288,0,2080]
[0,0,0,0,0,0,0,8192,1048576,0,0,0,0,128,0,0]-[2097280,276824064,294944,268435664,524352]
[0,0,0,1024,0,0,0,0,0,0,4096,2048,65536,0,0,0]-[0,0,192,65536,128]
[0,128,0,0,0,0,0,67108864,0,0,0,0,1048576,0,0,0]-[17825792,0,0,1048832,0]
[0,0,0,0,0,0,0,0,0,524288,0,16,1,0,0,0]-[0,1048640,0,40960,0]
[33554432,0,0,0,0,8192,0,0,0,0,0,0,0,0,0,0]-[0,4096,16777216,0,4098]
[0,0,0,0,0,8192,536870912,0,0,0,0,0,0,0,0,0]-[671154176,0,18874368,65537,8]
[0,0,0,0,0,0,0,0,135266304,0,0,0,0,134217728,0,0]-[32768,268435584,64,0,0]
[0,8388608,67108864,0,0,0,0,0,1048576,0,0,0,0,0,0,0]-[35651585,262420,1073741824,1049888,1048592]
[0,8192,0,0,0,0,0,16,0,0,0,0,256,0,0,0]-[0,524288,0,2304,16]
[0,0,0,0,0,64,0,0,0,16384,0,0,0,0,0,0]-[192,0,524296,0,0]
[0,0,67108864,524288,0,0,0,0,0,0,0,32,0,0,0,0]-[8,16896,0,0,32768]
[131072,0,0,0,0,0,0,0,1048576,0,0,0,0,128,0,0]-[0,0,537133056,1073741826,0]
[0,8388608,0,0,0,0,64,0,135266304,0,0,0,0,0,0,0]-[65536,262144,0,1073741824,1024]
[0,0,67108864,0,0,512,0,16,1048576,0,0,0,8,0,0,0]-[0,4,0,134217745,0]
[0,2228224,4,0,0,0,0,0,0,0,0,0,0,0,0,0]-[2097152,32,256,0,512]
[0,0,67108864,0,0,0,0,0,0,0,67108864,0,262400,0,0,0]-[0,10241,32768,0,0]
[0,0,67108864,0,0,8192,0,0,1048576,0,0,0,4096,0,0,0]-[134217730,34816,0,0,0]
[0,0,67108864,0,0,0,524288,0,0,0,0,0,0,128,0,0]-[33554505,17040448,0,136314880,525312]
[0,0,67108864,0,0,0,0,0,16777216,0,0,0,0,0,1073741824,0]-[1,16777216,256,0,64]
[0,0,0,0,0,256,524288,0,0,0,0,0,0,0,0,0]-[1140850697,33620096,276959268,4096,16384]
[0,0,0,0,0,0,8192,16,16,0,0,0,262144,0,0,0]-[0,67108864,0,100663328,0]
[0,0,0,0,0,0,0,32,0,0,8,0,0,128,0,0]-[262272,0,0,262208,0]
[0,0,67108864,0,0,288,0,0,16777216,0,0,0,0,0,0,0]-[524288,16777216,0,32769,0]
[0,0,0,65536,0,8,0,8,0,0,0,0,0,0,0,0]-[6,0,16384,0,8]
[128,0,67108864,0,0,0,0,2,0,0,0,0,0,0,0,0]-[4194304,268435456,0,20971520,0]
[0,131072,0,1048576,0,0,0,0,0,0,0,0,0,0,0,0]-[0,136314880,0,65536,512]
[0,0,0,0,0,1048576,0,0,1048576,0,0,0,1048576,0,0,0]-[0,0,64,32896,131072]
[0,0,67108864,0,0,0,0,65536,0,0,4096,0,0,0,0,4096]-[0,256,268439552,0,2]
[0,0,0,0,0,1,0,0,0,0,0,0,0,0,33554432,0]-[2,67108865,536871040,25166848,0]
[0,67108864,0,0,0,0,0,0,0,0,0,0,0,0,33554432,0]-[544,0,525312,25165824,0]
[0,0,0,0,0,0,32832,16,0,0,0,0,0,0,0,0]-[0,1048592,2,0,32]
[0,0,0,0,0,256,0,0,0,0,0,33554432,0,0,0,0]-[262144,33554432,16777472,84279424,135168]
[1073741824,0,0,0,0,0,0,0,1048576,0,0,0,1048576,0,0,0]-[0,1064960,0,2148532224,0]
[0,0,67108864,0,0,0,0,0,0,0,0,33554432,0,128,0,0]-[8,536870912,2097156,192,65536]
[0,0,67108864,0,0,0,64,0,0,0,268435456,0,0,0,0,0]-[0,536870912,4128,4,0]
[0,0,0,0,0,0,0,8,0,0,0,0,0,2048,0,0]-[1073741824,16777216,1073741824,2097152,0]
[0,0,67108864,65536,0,0,0,0,0,0,4096,0,0,0,0,0]-[524288,263173,4608,33882112,65536]
[0,128,67108864,0,0,0,0,0,4096,0,0,0,0,0,0,0]-[33554432,0,66560,262144,0]
[0,0,67108864,0,0,0,8192,0,0,64,0,0,1048576,0,0,0]-[2,8,0,512,2097152]
[0,0,0,0,0,0,0,0,0,0,0,0,1048576,4096,0,0]-[570687488,200,268435464,548864,655872]
[0,0,0,0,67108864,0,0,0,0,0,0,0,1048584,0,0,0]-[4195200,1,33556992,0,128]
[128,0,0,0,0,0,0,0,0,0,0,0,0,32,524288,0]-[0,262144,0,2147614722,0]
[0,0,67108992,0,0,0,0,0,0,33554432,0,0,0,0,0,0]-[0,16384,0,4104,524288]
[0,0,0,0,8,0,0,0,0,0,0,0,0,36864,0,0]-[0,524320,0,524288,524288]
[0,0,0,16777216,67108864,0,0,0,0,0,0,0,0,1073741952,0,0]-[0,285212672,160,0,0]
[0,0,67108864,0,0,0,0,0,0,0,0,256,65536,0,0,0]-[0,2147483648,65536,1056768,0]
[0,0,67108864,33554432,0,0,0,0,0,0,0,0,0,128,0,0]-[33554432,65,4,0,0]
[0,0,0,33554432,0,256,0,0,0,0,0,0,0,0,0,0]-[1048832,33554432,0,2048,0]
[0,0,0,256,0,4,0,0,0,0,0,32,0,0,0,0]-[2097152,0,16384,0,576]
[0,0,32,0,0,0,0,0,0,0,0,0,1048576,0,0,0]-[553648129,8,0,0,32768]
[0,16777216,0,0,0,0,0,0,0,2097152,0,0,0,0,0,0]-[131072,0,268435472,131072,0]
[0,0,83886080,0,0,0,0,0,0,0,0,0,1310720,0,0,0]-[2097152,38912,33554432,65536,1024]
[0,0,67108864,0,0,0,0,0,0,0,4194368,0,0,0,0,0]-[33,8192,0,2,0]
[0,0,8192,0,0,0,0,0,0,0,0,0,0,128,0,0]-[279242,1409286144,133,2116,139296]
[0,0,16777216,0,0,0,0,0,0,0,0,0,0,0,33554432,0]-[0,536872962,402654208,0,2048]
[0,16,67108864,0,0,0,0,16,0,0,0,0,0,0,0,0]-[0,4194304,0,16786432,0]
[128,0,0,0,0,256,0,0,0,0,4096,0,0,128,0,0]-[262208,1024,0,268435456,0]
[1073741840,0,67108864,0,0,0,0,0,0,0,4096,0,0,0,0,0]-[4096,8456,0,0,0]
[0,0,0,0,0,536870912,0,0,0,0,0,16777216,0,0,0,0]-[2,1048578,0,8192,0]
[0,128,0,0,0,0,1,0,0,0,0,256,0,0,67108864,0]-[0,0,16777344,33685504,0]
[0,0,0,0,0,8388864,0,0,0,0,0,0,0,0,0,0]-[67108864,1048576,1,4096,0]
[0,0,0,0,0,0,0,0,1048576,0,0,16384,0,0,0,0]-[33816576,1342177296,17039360,806358080,1049728]
[0,0,0,0,0,0,0,0,0,0,0,134217760,0,0,0,0]-[2,0,32,1074790400,0]
[0,0,67108864,0,0,0,64,0,0,0,2097152,0,0,0,0,0]-[0,262144,268435456,1024,256]
[0,128,67108864,0,0,0,2,0,0,0,0,0,0,0,0,0]-[0,35668492,4,2147483648,0]
[0,0,0,0,0,0,0,0,1048576,16384,4096,0,16777216,0,0,0]-[524288,1024,4096,0,4096]
[0,0,16777216,0,0,0,0,16,0,0,4096,0,0,128,0,0]-[0,268435456,1048576,32,8192]
[0,0,128,0,0,0,0,0,0,0,4096,0,0,0,0,0]-[2113536,2216689697,578,69406720,2625536]
[0,2048,67108864,0,0,8192,0,0,1048576,0,0,0,0,0,0,0]-[0,256,0,544,1]
[128,0,0,0,0,0,8192,8,0,0,0,0,0,0,0,0]-[100794368,0,0,65536,32]
[0,256,0,0,0,0,0,0,0,0,0,0,65536,0,0,0]-[4096,0,128,1048576,64]
[0,0,0,0,0,0,0,0,1048576,0,0,0,0,8320,0,0]-[4,1074003968,1073741824,0,0]
[0,0,32768,0,0,0,0,0,1048576,0,0,0,1073741824,128,0,0]-[0,8388608,1074528256,0,0]
[0,0,131072,0,0,0,0,0,0,0,0,0,0,128,0,0]-[1441936,285212672,1073782791,536871044,128]
[0,0,67108864,0,0,0,0,0,0,32768,4096,0,1048576,0,0,0]-[16777216,16777216,4096,256,0]
[0,0,0,0,0,256,0,0,0,0,8388608,0,0,0,0,0]-[2148007936,2097152,327680,131072,8320]
[0,0,0,0,0,256,0,16,16777216,0,0,0,0,0,0,0]-[2147500032,68225056,537002240,0,264320]
[0,0,67108864,0,0,0,0,16,16777216,0,0,0,0,128,0,0]-[64,2048,3145728,0,0]
[0,0,67141632,0,0,0,0,16,0,0,0,0,0,0,0,16]-[2147516416,32,0,0,2097152]
[0,0,67108864,0,0,0,0,0,0,0,8388608,0,0,128,0,0]-[0,67108864,0,32,131076]
[0,0,0,0,0,256,0,0,0,0,1073741824,0,0,128,0,0]-[0,1048576,131072,2048,1024]
[0,0,0,0,0,0,0,0,0,0,0,0,32768,128,0,0]-[0,262400,3221225472,1140851288,32768]
[0,0,0,0,33554432,0,0,0,1024,0,67108864,0,0,128,0,0]-[0,0,131200,0,32800]
[0,0,0,0,0,4352,0,0,0,0,0,0,0,0,0,0]-[512,4096,131072,0,4096]
[0,0,67108864,2097152,0,0,0,16,0,0,0,0,1048576,128,0,0]-[0,67584,0,4096,2097152]
[0,0,67108928,0,0,256,0,0,1048576,0,0,0,0,0,0,0]-[0,512,1073741824,4096,1024]
[8388608,0,16777216,0,0,0,0,0,0,0,0,0,0,0,0,0]-[0,536870912,1152,1073741824,1050624]
[0,0,0,0,0,0,64,0,0,0,0,536870912,0,0,0,0]-[0,256,268435458,0,8192]
[128,0,0,0,0,0,0,0,0,0,0,0,4096,0,33554432,0]-[512,0,536870912,20971520,0]
[128,0,0,0,0,0,0,16,0,0,0,0,0,0,0,0]-[2111261249,950893647,2828706870,3611490555,921721]
[0,0,67108864,0,0,256,0,16,0,0,0,0,1048576,0,0,0]-[64,268505088,2101248,136319232,0]
[0,0,0,0,0,0,0,0,1048576,0,0,0,0,0,0,32768]-[8192,64,0,147456,0]
[0,0,0,0,0,0,0,0,0,0,4096,0,0,0,67108864,0]-[1418199564,134222240,2454061201,1984123392,1507972]
[16777216,0,0,0,0,0,0,0,0,2097152,0,0,0,0,0,0]-[16384,134217728,2,4194304,0]
[0,0,0,0,0,0,0,0,1048576,0,2,0,0,128,0,0]-[0,256,32769,2097152,0]
[0,128,0,0,0,16384,0,0,0,0,4096,0,0,0,0,0]-[512,0,33554432,262144,65536]
[0,0,67108864,0,0,0,67108864,0,1048576,0,0,0,0,0,0,0]-[0,81920,1073741824,0,524288]
[0,0,67108864,0,67108864,0,0,0,0,0,4096,0,269484032,0,0,0]-[1,32,0,33554440,0]
[0,0,0,0,0,0,0,8192,0,0,0,0,0,0,4,0]-[0,64,134217728,16448,0]
[0,0,0,0,0,0,0,16,0,0,4096,2097152,0,0,0,0]-[16384,0,512,268435456,2097152]
[0,0,0,0,0,0,0,0,0,0,0,1,256,0,0,0]-[1048576,0,1024,0,1025]
[0,2048,0,0,0,0,0,0,0,0,0,0,1048576,0,0,0]-[0,1075838976,67108928,262400,132652]
[0,0,0,0,0,0,0,0,1048576,0,268435456,0,1048576,0,0,0]-[0,16,0,268435458,131072]
[0,128,0,0,0,0,0,0,134217728,0,0,0,0,192,0,0]-[0,1048641,0,268435456,0]
[0,0,67108864,16,0,0,0,0,1048576,0,4096,0,0,0,0,0]-[0,4,0,4195840,0]
[0,0,0,0,0,448,0,0,0,0,0,0,0,0,0,0]-[0,8192,1,256,1]
[0,0,4,0,0,0,0,0,128,0,0,0,0,0,0,0]-[1024,134217792,0,0,524288]
[0,0,0,0,4096,0,0,0,0,0,0,0,0,128,0,0]-[16384,131136,1083473920,64,270336]
[0,0,0,0,262144,0,0,0,0,0,4,0,0,0,0,0]-[0,524288,0,134217733,0]
[128,0,67109376,0,0,0,0,0,1048576,0,0,0,0,0,0,0]-[0,65536,8192,1048576,4]
[0,0,0,0,0,0,0,16,0,0,16384,0,0,0,0,0]-[1376256,262144,1024,553656320,0]
[0,0,67141632,0,0,0,0,0,0,0,0,0,1048576,536870912,0,0]-[0,4100,0,0,16448]
[0,0,0,16777216,67108864,0,0,0,0,0,0,0,0,0,0,0]-[4456448,285245456,285212800,4736,0]
[0,0,0,0,134217728,0,0,0,0,0,4096,0,262144,0,0,0]-[2621696,0,0,0,65536]
[0,0,0,128,0,0,0,16,0,8,0,0,0,0,0,0]-[16,0,16781312,33554432,0]
[0,131072,0,0,0,0,0,8,0,0,0,32,0,0,0,0]-[512,0,0,134217732,512]
[0,0,0,0,0,0,64,0,0,0,0,0,0,128,0,0]-[305450711,1956580807,3862950582,1954519892,4177062]
[8388608,0,0,0,0,0,0,0,0,0,0,32,0,128,0,0]-[8,0,0,2097152,1048608]
[0,8192,0,0,0,0,0,0,0,0,0,0,1048576,0,8192,0]-[2151677952,0,1048576,1073741824,0]
[0,0,67108864,0,0,8,0,0,0,0,0,0,0,0,0,0]-[2149584897,2147516940,6656,8512,591872]
[0,0,67108864,128,0,0,0,0,0,0,0,32,0,0,0,0]-[64,16777232,32800,1048576,130]
[128,0,0,0,0,0,0,0,134217728,0,0,1,0,0,0,0]-[2048,0,0,1073758208,64]
[0,0,0,0,0,0,0,0,0,0,4096,0,0,1073741824,0,0]-[2621456,4224,64,16777220,0]
[0,0,67108864,0,2097152,0,0,8,0,0,4096,0,0,0,0,0]-[16777216,131072,4096,33554432,0]
[0,0,0,0,0,8192,0,0,0,0,4096,0,0,131072,0,0]-[0,8192,64,0,16386]
[0,0,0,0,0,0,0,1048576,0,0,0,0,536870912,0,0,0]-[0,0,65536,10496,0]
[0,0,0,0,0,0,0,0,0,0,0,0,0,33554560,0,0]-[302006301,1677985792,2147500037,69210112,2490368]
[0,0,67108864,0,0,0,0,0,1048576,0,1073741824,0,0,1048576,0,0]-[33554432,16,0,1048577,0]
[0,0,67108864,0,0,0,0,0,0,0,4096,0,256,0,0,0]-[2049,2151677960,1073807360,262912,0]
[0,0,0,0,0,256,0,16777216,1048576,0,4096,0,0,0,0,0]-[262144,256,17,0,0]
[0,0,67108864,0,0,64,0,0,0,0,4096,0,0,128,0,0]-[1,67240033,0,524,2162688]
[0,0,67108864,0,16384,0,0,16,0,0,0,0,0,0,0,0]-[0,8,256,4096,2097152]
[0,0,0,0,0,2097152,64,0,0,0,0,0,0,0,0,0]-[0,67764224,0,32768,0]
[0,0,0,0,0,0,0,0,134217728,0,0,0,16777216,0,0,0]-[1114632,589824,8388609,0,5]
[0,0,0,0,0,0,0,0,0,0,0,8388608,134217728,0,0,0]-[0,1048576,0,1088,4096]
[0,0,67108864,0,0,0,0,0,2,0,0,0,0,0,1,0]-[0,2151677952,35651584,0,0]
[0,0,0,0,0,0,2048,0,1048576,0,0,32,0,128,0,0]-[33554432,1048576,0,2048,64]
[0,0,0,16384,0,0,0,0,0,0,4096,0,1048576,0,0,0]-[4096,32768,0,4096,8]
[0,0,0,0,0,64,0,0,0,0,0,0,0,256,0,0]-[8192,16,526336,0,0]
[0,0,67108864,0,0,8192,4,0,0,0,0,0,0,0,0,0]-[23068672,0,2097152,0,2]
[0,0,0,0,0,256,0,0,0,0,32768,0,0,0,0,0]-[256,0,96,4,0]
[0,128,67108864,0,0,0,0,0,0,0,0,0,0,512,0,0]-[0,520,0,4456448,0]
[0,0,2,0,0,0,0,0,0,0,0,0,0,0,33554432,0]-[768,0,3221225472,0,0]
[1024,0,65536,0,0,0,0,0,16777216,0,0,0,0,0,0,0]-[134217728,32,0,134217728,4096]
[0,0,134217728,0,0,0,0,4096,0,0,0,0,0,0,0,0]-[1280,512,0,0,128]
[0,0,0,0,0,0,0,0,0,0,4096,0,1048576,0,0,0]-[3651493701,3621956733,1540444791,1993333678,2873774]
[128,0,67108864,0,0,0,0,0,134217728,0,4096,0,0,0,0,0]-[0,48,0,262144,32768]
[128,0,0,0,0,0,0,0,0,1,0,0,0,0,0,0]-[512,0,131072,139266,32]
[0,0,0,0,0,0,0,524288,0,0,256,0,0,0,0,0]-[256,0,0,268435458,65536]
[1048576,0,0,4194304,0,0,0,0,0,0,0,0,0,0,0,0]-[0,524288,262156,0,0]
[0,0,0,0,0,0,8192,4,0,0,0,0,0,0,0,0]-[1024,2415919104,0,32768,0]
[0,0,0,0,0,0,64,0,0,0,0,0,0,536870912,0,1024]-[1048576,4,512,64,0]
[0,0,67108864,0,0,0,0,0,1048576,0,0,0,0,128,16,0]-[0,0,0,2097184,1048640]
[0,0,0,0,0,0,0,0,1048576,0,0,0,0,8388736,0,0]-[0,0,537133057,1073741824,0]
[0,0,0,0,0,0,0,0,1048576,0,0,0,256,128,0,0]-[131073,1611923456,827392,1342177840,1048576]
[0,0,67108864,32,0,0,0,16,0,0,0,0,1048576,0,0,0]-[0,4,2097152,33554432,2097152]
[0,256,0,1024,0,0,0,0,0,0,0,0,0,0,0,0]-[16,0,4096,4,2097152]
[0,0,0,0,0,0,0,0,0,0,0,0,0,132,0,0]-[8,1049664,2,36,32]
[0,0,67108864,0,0,0,0,0,0,0,0,0,0,131072,0,4096]-[2181038080,0,4096,0,1024]
[0,0,1024,0,0,0,0,0,0,0,0,0,0,128,0,0]-[271616198,68487488,1621803043,1543571474,2957348]
[0,33554432,0,0,0,0,0,0,0,0,4096,0,0,0,0,0]-[67108864,1207959552,0,0,524288]
[0,0,67108872,0,0,536870912,0,0,0,0,0,0,0,0,0,0]-[4194304,0,0,8208,2]
[0,0,67108864,0,0,0,0,8388608,0,0,0,0,1048576,0,0,2048]-[32769,4096,0,16777216,0]
[0,0,0,0,0,0,0,0,0,0,0,0,0,128,16384,0]-[1048577,1073741824,1703936,4102,8260]
[0,0,67108864,0,0,0,0,0,1048576,0,16,32,0,0,0,0]-[0,16,32768,525312,0]
[0,0,0,0,0,0,64,0,0,0,0,0,0,1048704,0,0]-[2147483648,128,67174400,0,0]
[0,0,67108864,0,0,0,0,0,0,0,0,2,1048576,0,0,0]-[25165824,37376,65536,0,64]
[0,0,0,0,0,0,8192,0,0,0,0,0,0,1,0,0]-[2684366913,64,0,0,12288]
[1048576,0,0,0,0,8192,0,0,0,0,0,0,0,0,0,0]-[67108864,524288,1048576,2,0]
[1073741888,0,0,0,0,0,0,0,0,0,0,0,0,0,0,0]-[0,8448,0,16416,0]
[0,0,67108864,0,0,0,0,0,4096,0,0,0,0,0,33554432,0]-[134217728,0,1073741824,155189248,0]
[128,0,0,0,0,0,0,0,0,0,0,0,16777216,32,0,0]-[67108864,65536,8404992,0,0]
[0,0,67108864,0,0,0,0,0,131072,0,0,0,0,128,0,0]-[0,335675681,2150105088,134217794,163904]
[0,0,0,0,0,256,0,0,131072,0,0,0,0,0,0,0]-[0,16384,0,8388608,66048]
[128,0,67108864,0,65536,0,0,0,0,0,0,0,0,0,0,0]-[201328640,0,0,5242896,131072]
[0,0,0,0,0,0,0,67108864,134217728,0,0,0,0,0,0,0]-[66048,536870914,18,0,16640]
[0,0,67108864,0,0,0,0,0,1048576,0,0,0,64,128,0,0]-[0,0,8192,4128,131072]
[0,0,67108864,0,0,0,0,0,0,131072,4096,0,0,0,0,0]-[0,8,512,8,2]
[0,0,0,0,0,0,0,16777216,0,0,0,0,0,1073741824,0,0]-[525320,2048,64,0,2097152]
[1073741824,0,0,0,0,0,0,0,1048576,0,0,256,0,0,0,0]-[0,0,128,570425344,1]
[0,0,0,0,0,256,0,0,16777216,0,0,1024,0,0,0,0]-[0,1060864,0,2048,0]
[0,0,0,33554432,0,0,0,0,0,32,0,0,128,0,0,0]-[262176,0,0,4096,2048]
[0,0,0,0,0,0,64,16,0,0,4096,0,1048576,0,0,0]-[16384,67108864,4096,256,4224]
[0,0,0,0,0,0,0,0,1048576,0,0,0,0,0,2,0]-[16384,0,526336,2097154,0]
[0,0,0,0,0,8192,8192,0,0,0,0,0,0,0,0,0]-[2788008002,4045596937,765760068,268506288,269112]
[0,0,134217728,0,0,0,0,0,0,0,0,0,0,268435456,0,0]-[0,268959744,0,2,1048576]
[0,0,0,2048,0,0,1024,0,0,0,0,0,0,0,0,0]-[8192,0,67108864,1024,512]
[0,0,0,0,536871040,0,0,0,0,0,0,0,0,0,0,0]-[0,2228224,0,67108864,512]
[0,0,0,0,0,0,0,512,16777216,0,0,0,0,536870912,0,0]-[0,0,131072,256,16388]
[0,0,0,0,0,256,8192,0,8192,0,0,32,0,0,0,0]-[0,0,0,4,143360]
[0,0,0,0,0,0,0,0,1048576,0,0,0,262144,0,0,256]-[0,0,1082130432,134225920,0]
[0,0,67108864,0,0,0,0,0,0,0,2101248,0,0,0,0,0]-[0,5,268435456,1024,0]
[0,0,67633152,0,0,64,0,0,0,0,4096,0,0,0,0,0]-[0,0,512,33587328,0]
[0,0,0,0,0,0,0,262160,0,0,0,0,0,0,0,0]-[16,8,1048576,0,8192]
[0,0,0,0,0,0,0,16,134217728,0,0,0,0,536870912,0,0]-[80,2048,0,0,16512]
[0,0,67108864,0,0,0,0,0,0,0,131072,0,0,0,0,1]-[32768,32,4,1,0]
[1073741824,0,0,0,67108864,0,0,0,0,0,0,0,1048576,0,33554432,0]-[0,276828160,8192,0,0]
[0,0,0,0,0,0,0,16384,0,0,0,0,16,0,0,0]-[0,134217728,65536,4198400,0]
[0,0,0,0,0,0,0,256,1048576,0,0,0,1048576,0,0,0]-[0,4096,4096,131072,4096]
[0,0,0,0,0,256,0,0,0,0,4096,1048576,1048576,0,0,0]-[268697600,0,65552,0,0]
[0,0,67108864,0,0,0,8256,0,0,0,4096,0,8,0,0,2]-[2048,0,33554432,32768,2]
[0,0,0,0,67108864,0,536870912,0,0,0,0,0,0,538968064,0,0]-[1073807360,2,2097152,0,0]
[0,0,0,0,0,8256,0,0,0,0,0,1048576,0,0,0,0]-[512,524288,2056,0,0]
[0,0,67108864,0,0,1024,0,0,0,0,0,0,262144,0,0,0]-[524288,8192,32768,0,65536]
[0,0,67108864,0,0,0,0,24,1048576,0,4096,0,0,0,0,0]-[0,4456448,1073741824,32768,0]
[0,0,67108864,0,0,0,0,0,0,524288,0,0,0,0,0,0]-[2413828175,2703412316,105973524,2333979204,2706757]
[0,0,0,0,0,0,0,0,1048576,0,0,0,8192,67108864,16777216,0]-[0,512,0,2080,524288]
[0,0,0,0,0,0,0,0,0,0,0,131072,0,32,0,0]-[0,33556480,268435456,0,512]
[0,0,0,0,0,0,0,0,0,0,4096,65536,0,0,0,0]-[1074266624,134217728,69632,0,267396]
[0,32,0,0,0,0,0,0,0,0,0,0,262144,0,0,0]-[0,524288,8,513,0]
[8192,0,0,0,67108864,0,0,0,0,0,0,0,0,0,0,0]-[262144,4096,16777216,1048576,0]
[8388608,0,0,1048576,0,0,0,0,0,0,0,0,0,0,0,0]-[524288,0,1073741824,25165824,0]
[0,0,0,0,0,0,0,0,0,0,4096,16777216,0,0,0,0]-[1209008132,131089,17039360,1141015588,32808]
[0,0,0,0,0,0,0,16777216,0,0,0,0,1048576,0,0,0]-[549454854,318916768,67436563,2672824321,2382348]
[128,0,0,0,0,256,0,0,0,0,0,0,8,0,0,0]-[0,0,0,163856,524288]
[0,512,67108864,0,0,0,0,0,0,0,0,0,0,128,0,0]-[0,537133056,16384,0,131072]
[2048,0,0,0,0,2,0,0,134217728,0,0,0,0,536870912,0,0]-[0,16384,0,67174400,16]
[0,512,0,0,0,256,0,0,0,0,0,0,0,0,0,0]-[0,73728,68,0,0]
[0,0,4096,0,0,0,0,0,0,0,0,0,0,536871040,0,0]-[64,0,131072,0,2228224]
[0,0,0,0,0,0,0,0,134217728,0,0,0,128,128,0,0]-[8,0,0,1073741856,524288]
[0,0,0,0,0,0,0,134217792,1048576,0,0,0,0,0,0,0]-[0,268435456,294912,2147483648,0]
[0,0,0,0,0,0,0,0,134217728,0,0,0,0,0,2048,0]-[536870920,67108872,1610612736,0,0]
[0,0,2097152,0,0,64,0,0,0,0,0,0,0,0,0,0]-[16400,2147483648,128,0,0]
[0,0,0,0,0,0,0,16,0,0,0,0,1064960,0,0,0]-[0,4,0,16384,1048704]
[0,0,67108864,0,0,0,0,8,0,0,0,33554432,0,0,0,0]-[16777220,33554432,0,262144,0]
[128,0,0,0,0,0,0,0,0,0,4194304,0,0,0,0,0]-[131072,0,0,1064961,0]
[8388608,0,0,0,0,256,0,0,134217728,0,0,0,1048576,0,0,0]-[16384,2048,0,16777216,16384]
[0,0,0,0,0,8192,0,0,0,16384,0,0,0,0,0,0]-[256,0,4096,8388608,4096]
[0,0,0,0,0,256,0,0,0,0,4096,0,0,0,8,0]-[64,0,1207959568,268435456,4096]
[0,0,67108864,0,0,0,0,0,1048576,0,4096,0,8,0,0,0]-[0,33554436,0,32768,128]
[0,0,0,0,0,0,0,0,16777216,0,0,0,65536,0,0,0]-[131072,2149582848,65600,0,576]
[0,0,0,0,0,0,0,0,64,0,0,0,0,128,0,0]-[2,1,536870912,2048,663552]
[0,0,67108864,0,0,256,32768,0,8,0,0,0,1048576,0,0,0]-[0,4096,2162688,0,64]
[0,0,0,0,2147483648,256,0,0,0,0,0,0,0,524288,0,0]-[65536,128,2097156,0,0]
[0,0,67108864,0,0,0,0,8388608,0,0,0,0,0,128,0,0]-[64,0,8192,262144,131072]
[0,0,0,0,0,256,0,8388608,0,0,0,0,0,0,0,0]-[1076887560,64,285347840,2415919104,131072]
[0,0,0,0,0,0,0,0,0,0,4096,0,4194304,128,0,0]-[0,0,8388609,4096,65536]
[0,0,67108864,0,32768,0,0,0,0,0,0,131072,1048576,0,0,0]-[0,1,33554432,33554432,64]
[0,0,0,0,0,0,4,0,0,134217728,0,0,0,0,0,0]-[128,67117184,0,0,0]
[0,0,0,268435456,0,0,0,0,0,0,0,0,262144,0,0,0]-[256,1025,1048578,35652608,0]
[0,0,67108864,256,0,0,0,0,0,0,0,0,0,128,0,0]-[2187329537,1024,3223921152,262272,98304]
[0,0,0,0,0,0,0,0,0,0,4096,0,0,0,0,128]-[27525696,2168497412,268435648,278528,8]
[0,0,0,0,0,262144,0,0,134217728,0,0,0,0,0,0,0]-[512,3,0,16384,0]
[0,0,1140850688,0,0,0,0,0,0,0,2147483648,0,0,0,0,0]-[32769,64,256,0,0]
[2,0,0,0,0,0,0,0,0,524288,0,0,0,128,0,0]-[262144,17039360,0,0,524288]
[0,0,0,0,0,0,0,0,134217728,0,0,0,16384,0,0,0]-[2147483664,537919488,16384,16777217,8192]
[0,0,0,0,0,0,0,0,0,0,131072,524288,0,0,0,0]-[0,0,536936448,33562624,0]
[0,0,0,0,67108864,0,0,0,1048576,0,0,0,67108864,0,0,0]-[256,0,2048,536871424,0]
[0,0,0,0,0,0,0,0,1048576,0,0,2147483648,0,0,0,0]-[256,8388608,524416,33554496,8448]
[0,0,67108864,0,0,0,0,0,0,0,4096,0,5242880,0,0,0]-[0,0,33554432,69632,65536]
[0,0,0,0,32768,0,0,0,0,0,0,0,0,536871040,0,0]-[66,131072,131072,0,0]
[0,0,0,0,0,0,0,0,4,0,268435456,0,0,0,0,0]-[0,270532608,32768,0,4096]
[128,0,0,0,0,0,0,128,0,0,0,0,0,0,0,0]-[0,0,8388616,2147483648,4096]
[0,0,0,0,0,0,0,0,0,0,8192,0,256,0,0,0]-[0,512,67108880,0,4096]
[0,0,0,0,0,0,64,0,0,16,0,0,0,0,0,0]-[2148532224,65536,0,0,2]
[0,0,0,0,0,0,0,0,0,0,4096,0,0,0,0,524288]-[16384,4,1350565888,131084,0]
[4,0,0,0,0,0,64,0,0,0,524288,0,0,0,0,0]-[33554432,0,2,1073741824,16384]
[0,0,0,0,32,128,0,0,0,0,4096,0,1048576,0,0,0]-[16777216,8,1,0,32768]
[0,0,0,0,0,0,0,0,0,0,4096,0,0,16777216,0,0]-[64,536880128,64,32772,32]
[0,0,67108864,134217728,0,0,0,0,0,0,0,0,8,0,0,0]-[0,553648128,1073743872,0,0]
[128,0,16777216,0,0,0,0,0,0,0,4096,0,1048576,0,0,131072]-[0,0,33554432,4325376,32]
[0,0,0,0,0,64,0,0,1048576,0,16,0,0,0,0,0]-[16,16,0,524288,4]
[0,0,0,0,0,0,0,0,134217728,0,0,0,0,128,33554432,0]-[2560,603982080,1610612740,2097184,524288]
[0,256,0,0,0,0,64,0,0,0,0,0,0,128,0,0]-[0,0,537919488,69632,0]
[0,0,0,0,0,0,0,8,1048576,8388608,0,0,16,0,0,0]-[0,16512,8,0,524288]
[0,0,0,0,1048576,0,8192,0,0,0,0,0,0,0,0,0]-[536870912,536870912,64,67108864,0]
[0,0,0,2048,0,0,0,0,2048,0,0,0,0,0,0,0]-[0,67108864,67109888,0,32]
[0,0,67108864,0,0,16384,0,0,1048576,0,0,0,1048584,0,0,0]-[1,33554432,33554432,0,1024]
[0,0,0,0,0,32768,0,0,0,16384,0,0,0,128,0,0]-[1048576,0,32768,4096,8192]
[1073741824,0,0,0,0,0,0,4096,0,0,0,0,1048576,128,0,0]-[0,32,0,0,2359360]
[0,0,0,0,0,0,0,0,134217728,1,64,0,0,0,0,0]-[536870912,8,2,256,0]
[0,0,0,0,0,256,0,0,262144,0,0,0,0,0,0,0]-[67117568,256,16777216,260,0]
[0,0,0,0,0,0,0,0,1048576,0,0,8388608,1048576,0,0,0]-[262144,1048576,0,1048576,128]
[0,128,0,0,0,0,0,0,0,8388608,0,0,1048576,0,0,0]-[131072,67108864,33554432,512,0]
[536870912,0,67108864,0,0,0,0,0,0,0,0,0,0,0,0,0]-[188747853,2466264952,103405076,41197581,592343]
[0,0,68157440,0,0,0,0,0,0,0,0,0,0,128,0,0]-[4,536873216,2147483648,134221828,0]
[0,0,0,0,0,0,0,0,2048,0,4096,0,16,0,0,0]-[16777216,0,64,0,32770]
[0,0,67108864,0,0,0,0,0,262144,0,0,0,0,128,0,0]-[0,2304,16384,4096,0]
[0,0,67108864,0,256,0,0,0,0,0,0,0,1048576,0,0,0]-[0,2147483648,1073741856,0,4]
[64,0,0,0,0,0,64,0,134217728,0,0,0,0,128,0,0]-[0,1310720,2,0,1024]
[0,0,0,0,0,0,0,0,0,65536,0,0,0,128,0,128]-[512,3072,2,0,0]
[0,0,67108864,0,0,64,0,0,0,0,0,0,8,0,0,0]-[54593536,536871440,537624,8192,6]
[0,0,67108864,0,0,0,8256,8,1048576,0,0,524288,0,0,0,0]-[0,16384,32768,2147483648,524288]
[0,0,1073741824,0,0,0,0,0,16777216,0,0,0,0,0,0,0]-[16777216,1048576,0,262176,0]
[0,256,0,0,0,0,0,0,0,0,4096,0,1048576,0,0,0]-[4096,8,0,67109120,0]
[0,32768,0,0,0,0,0,0,0,0,0,0,1048576,0,0,0]-[536870913,164,1107361792,8390664,262144]
[0,0,67108864,131072,0,0,0,0,0,32768,4096,0,0,524288,0,0]-[8392704,131072,0,4096,0]
[0,0,0,0,0,0,0,0,0,2147483648,0,0,0,2048,0,0]-[536870912,134217728,524289,4096,0]
[0,0,67108864,8388608,0,0,0,0,0,0,4096,0,1048576,0,0,0]-[2097216,8,65552,0,2162816]
[0,0,0,0,0,0,0,0,16777216,16777216,0,0,0,0,0,0]-[4210688,0,536871362,0,64]
[128,0,0,0,0,8388608,0,0,0,0,4096,0,0,0,0,0]-[0,262144,0,33619968,4096]
[0,0,0,0,0,0,1048576,8,1048576,0,0,0,1048576,0,0,0]-[0,0,64,268435456,20]
[0,0,0,0,0,256,0,128,0,0,0,0,0,0,0,0]-[0,128,1,4,64]
[0,0,67108864,0,0,0,0,0,0,67108864,0,0,1048576,0,0,0]-[2,100696588,8208,65552,2]
[0,0,16777216,0,0,256,0,0,0,0,0,0,0,128,0,0]-[1048576,0,131073,67108864,0]
[128,0,0,128,0,0,0,0,1048576,0,0,0,0,0,0,0]-[0,0,8396800,128,16]
[0,0,0,0,0,0,0,0,1048576,0,0,0,1048576,0,0,256]-[269484032,8,4096,0,0]
[0,0,0,0,16778240,0,0,0,0,0,0,0,0,0,0,0]-[33554433,33554432,2,0,0]
[0,128,0,0,0,0,0,64,0,0,0,0,0,0,0,0]-[0,2148007936,1048576,131072,0]
[0,0,0,0,262144,0,0,0,0,0,67108864,0,0,0,0,0]-[0,532480,9,0,0]
[0,0,0,0,0,0,64,8,0,0,0,0,0,0,0,0]-[312080,2229248,526848,439140380,640]
[0,0,0,0,0,0,0,0,0,512,0,0,0,536870912,0,0]-[279552,0,2147550208,2048,8]
[268435456,0,0,0,0,0,0,0,0,0,0,0,1048576,0,8,0]-[17827840,16416,2,1145053184,17408]
[2147483648,0,67108864,0,0,0,0,0,0,0,4096,0,0,0,0,0]-[16777216,603979801,301989888,33619976,32768]
[0,0,67108864,0,0,0,0,0,0,16777216,0,0,1048576,0,0,0]-[0,32,1073741828,2147483651,2097154]
[0,0,0,0,0,0,0,16,1048576,0,0,0,134217728,0,0,0]-[0,4194304,524288,536871936,0]
[0,0,0,0,0,0,0,0,1048576,0,262144,32,0,0,0,0]-[0,128,0,134217856,64]
[0,0,0,0,0,0,0,0,0,0,1073741824,0,0,1,0,0]-[4112,2147483712,0,0,0]
[0,0,67108864,0,0,0,0,512,134217728,0,0,0,0,0,0,32]-[128,0,1,0,4608]
[0,0,67108864,0,0,32,0,0,0,0,0,0,268435456,0,0,0]-[65537,0,0,16,16384]
[0,0,0,0,0,0,0,16,8388608,0,0,0,0,0,0,0]-[16384,201330688,0,2147485952,32]
[0,0,0,0,1073741824,0,0,0,0,0,0,0,1048576,0,0,0]-[4096,32,134217728,18890752,327744]
[0,0,0,0,0,0,8388608,0,0,0,0,2,0,0,0,0]-[1052672,0,0,0,12]
[128,0,0,0,0,0,524288,0,0,0,0,0,0,0,0,0]-[1073741888,327680,8527880,33587200,524320]
[0,0,0,0,0,67141632,0,0,0,0,0,0,0,128,0,0]-[12582912,134217728,256,0,0]
[16,0,0,0,0,512,0,0,0,0,0,0,0,0,0,0]-[512,0,131072,0,1048577]
[0,0,0,0,0,0,0,0,0,0,0,0,0,524288,33554432,0]-[0,2,0,8388672,2048]
[0,0,0,1024,0,0,0,0,16777216,0,0,0,0,0,0,0]-[67108864,33554432,16,0,262144]
[0,0,0,0,0,0,0,256,0,0,0,0,262144,128,0,0]-[268435456,537001984,538968064,0,0]
[0,0,67108864,0,0,268435456,0,0,0,0,0,0,0,128,0,0]-[36878,536870944,1075838976,36872,524295]
[0,0,0,0,0,8192,0,0,0,0,1073741824,0,0,0,0,0]-[4,2147483648,17072128,0,16512]
[0,0,0,0,0,0,0,0,0,512,64,0,0,0,0,0]-[8388608,0,160,33554432,0]
[0,0,67108864,0,0,0,1,16,0,0,4096,0,0,0,0,0]-[8392704,1088,0,0,0]
[0,0,0,0,0,0,0,0,0,0,0,32,16777216,0,0,0]-[2148532224,0,0,33570816,0]
[0,0,0,0,0,0,0,16,0,0,0,0,0,603979776,0,0]-[0,9216,262144,0,8]
[0,0,0,0,131072,0,0,0,0,0,0,0,256,0,0,524288]-[0,16384,0,524800,4096]
[0,0,0,0,0,256,0,0,0,0,0,0,131072,0,0,0]-[16,8192,268435504,2415919104,4096]
[128,0,0,0,0,0,0,0,0,0,0,33554432,0,0,0,0]-[1073741824,0,32768,1048592,0]
[0,1048576,0,0,0,0,0,0,1048576,0,0,0,0,0,0,0]-[0,536870928,541327440,67108928,1024]
[0,0,67108864,0,0,0,0,0,0,0,0,0,131072,128,0,0]-[2097152,2147483648,268435472,2149580864,2097152]
[0,0,67108864,0,67108865,0,8192,0,0,0,0,0,0,0,0,0]-[67108864,131072,4096,256,0]
[0,0,67108872,0,0,0,0,0,0,0,4096,0,0,0,0,0]-[0,33562656,1073741824,0,0]
[128,0,0,0,64,8192,0,0,0,0,0,0,0,0,0,0]-[4194304,0,0,129,32]
[0,0,67108864,0,67110912,0,0,0,0,0,0,0,0,0,0,0]-[0,4456960,0,262144,0]
[0,0,16,0,0,0,0,16,1048576,0,0,0,0,0,0,0]-[0,4,0,2550136832,0]
[0,0,0,2097152,0,0,0,0,1048576,0,0,0,0,0,0,0]-[2147745792,34603520,545259649,33024,4]
[0,0,67108864,1024,0,0,0,0,0,0,0,0,1048576,0,0,0]-[2,0,0,16777220,2097152]
[0,0,67108864,16384,0,0,0,0,1048576,0,0,0,0,0,0,0]-[32768,0,1073741824,64,1]
[0,0,0,0,0,0,0,0,0,0,0,8388736,0,0,0,0]-[256,1024,0,16,131072]
[0,4,0,0,256,0,0,8192,0,0,0,0,0,0,0,0]-[16777216,0,16793600,131072,0]
[128,0,0,33554432,0,0,0,0,0,0,0,0,0,0,0,0]-[134351040,268701696,2,262145,4112]
[0,0,0,0,0,0,0,0,0,524288,0,0,1048576,537395200,0,0]-[262146,16777220,0,0,0]
[0,0,0,0,0,0,8,0,134217728,0,0,0,0,0,0,0]-[536936448,262144,0,0,1]
[0,0,67108864,0,0,0,0,0,1048576,0,0,0,0,0,0,0]-[2683166079,4293263359,3615227774,4286431227,4189655]
[0,0,67108864,0,0,0,0,0,134217728,268435456,0,0,0,0,0,0]-[0,64,0,32,384]
[0,0,83886080,0,0,0,32,1073741824,0,4,0,0,0,0,0,0]-[0,268435456,1024,65536,1048576]
[0,0,0,0,0,0,64,0,135266304,0,0,0,0,0,0,0]-[81920,1376256,1610612752,4096,1024]
[0,0,603979776,0,0,16384,0,0,0,0,0,0,0,0,0,0]-[64,0,0,1025,65536]
[0,0,67108864,0,0,8192,0,0,0,0,4096,0,0,128,0,0]-[589824,32768,4096,32768,0]
[0,0,0,0,0,0,0,0,0,0,0,0,0,0,301989888,0]-[4,524448,2281702400,64,2048]
[0,0,67108864,0,0,0,64,0,0,0,4096,0,0,8388608,0,0]-[2048,4,1073745920,0,0]
[0,0,0,0,0,0,0,0,1048576,0,0,0,1048576,536871040,0,0]-[2052,0,0,1073741824,4]
[0,0,0,0,0,0,0,0,134217728,0,1024,0,0,128,0,0]-[16392,256,0,16,0]
[0,0,67108864,0,0,0,16777216,4,0,0,0,0,0,0,0,0]-[0,536870912,4096,1048576,32768]
[0,0,0,0,0,0,8192,0,0,0,4096,134217728,0,0,0,0]-[0,0,268439552,67174400,0]
[128,0,67108864,0,0,0,0,0,0,0,0,0,0,0,545259520,0]-[0,268435456,0,65536,20]
[0,0,4096,0,0,0,0,0,0,0,0,0,1048576,128,0,0]-[0,0,1048608,268437504,0]
[1,256,0,0,0,0,0,0,0,0,0,0,0,0,0,0]-[65538,0,0,268435456,33]
[0,0,67108864,0,0,0,0,0,0,1048576,4096,0,0,0,0,0]-[134217728,131081,2147483648,4112,2048]
[0,128,0,0,0,320,0,0,1048576,0,0,0,0,0,0,0]-[0,0,16,2304,256]
[0,0,0,0,0,0,262144,0,0,0,0,0,0,0,16384,0]-[1073741826,0,8388672,0,0]
[0,0,0,0,0,16777216,0,0,0,0,0,0,1048576,128,0,0]-[2,32,0,67108872,0]
[0,0,67108864,0,0,8388864,0,0,0,0,0,0,1048576,0,0,0]-[0,64,16896,1,0]
[0,16,0,0,0,0,64,0,0,0,0,0,0,0,0,0]-[0,196610,0,0,2]
[0,0,67108864,0,0,0,0,0,67108864,0,0,0,1024,0,0,0]-[0,262144,2147483660,0,0]
[0,0,0,0,0,0,0,256,0,0,0,131072,0,0,0,0]-[0,134250496,0,33554432,4]
[0,0,67108864,0,0,16777216,0,0,0,0,0,0,0,0,2,0]-[0,32768,524288,1024,65536]
[0,0,0,0,0,33554432,0,0,68157440,0,0,0,0,128,0,0]-[16400,0,1073741824,64,0]
[0,0,0,263168,0,0,0,0,0,0,0,0,0,0,0,0]-[8388624,0,0,524800,0]
[128,0,0,0,0,0,0,0,0,0,8388608,0,0,0,0,0]-[262144,8,1048577,132192,135168]
[0,0,67108864,0,0,0,0,0,0,16777216,0,16777216,0,0,0,0]-[0,268435456,544,2147483648,0]
[0,128,67108864,0,67108864,0,0,0,0,0,0,0,0,0,0,0]-[0,2198094336,36718592,270336,4]
[0,0,0,0,0,16384,0,0,0,0,0,16777216,0,0,0,0]-[0,1048578,32768,8192,0]
[0,0,0,0,0,0,0,0,0,0,16384,0,1048576,134217728,0,0]-[268435456,0,33816576,16,0]
[0,0,0,0,0,2097152,0,0,1048576,0,0,0,0,8192,0,0]-[2113536,128,0,0,1]
[8388608,0,0,0,0,0,0,0,0,0,0,0,0,0,0,262144]-[553648128,0,2,0,2097152]
[0,0,16,0,0,0,0,0,0,0,0,0,1048576,128,0,0]-[0,0,0,1082132512,0]
[0,0,67108864,0,0,8192,16777216,0,0,0,0,0,0,0,0,0]-[0,536870912,8192,0,32769]
[0,0,0,0,0,0,0,16,0,0,4096,0,0,268435456,0,0]-[0,553648128,128,32768,0]
[128,0,0,0,2,0,0,0,0,0,0,0,1048576,0,0,0]-[0,3,16,0,32768]
[0,0,0,0,0,2048,0,0,0,0,0,0,1048576,0,0,0]-[268435457,58722307,167772160,33554432,200]
[0,0,0,0,0,0,8192,0,0,2048,0,0,0,0,0,0]-[1,128,0,65792,0]
[0,0,0,0,0,0,0,16,0,0,0,32,0,536870912,0,0]-[0,16,131074,2181038208,4112]
[0,0,524288,0,0,0,0,0,0,0,0,0,268435456,0,0,0]-[4096,2,0,33554560,0]
[0,0,67108864,0,0,4096,0,0,1048576,0,0,0,0,0,0,0]-[0,512,8192,33555456,0]
[0,0,2,0,0,256,0,0,0,0,0,0,0,128,0,0]-[8,67108928,536870912,65664,1310720]
[0,0,67125248,0,0,0,8192,0,1048576,0,0,0,0,128,0,0]-[1,256,0,16,1048576]
[0,0,0,0,0,0,0,0,0,131072,0,0,262144,0,33554432,0]-[0,0,1048576,67110144,0]
[0,128,0,0,0,0,0,16,0,0,0,0,0,0,524288,0]-[131072,0,33554432,1073741824,65536]
[0,0,67108864,0,0,0,0,0,1048576,0,0,0,1048576,0,0,32768]-[16777217,65536,4194304,0,0]
[0,0,67108864,0,0,524352,0,16,0,0,0,0,0,0,0,0]-[0,2560,2048,2147483648,0]
[0,0,0,0,0,0,0,0,1048576,1048576,0,0,0,128,0,0]-[0,268435456,1074003968,2,0]
[0,0,67108864,0,0,256,0,0,135266304,0,0,0,1048584,0,0,0]-[0,65536,0,4352,64]
[0,0,0,0,0,0,0,0,0,0,0,0,2097152,128,0,0]-[8784,2048,570688005,605028352,33796]
[0,0,67108864,0,0,0,0,0,0,1073741824,0,0,256,0,8,0]-[0,16777216,1024,65536,4]
[0,128,67108864,0,0,0,0,0,0,0,0,524288,0,0,0,0]-[0,262656,0,262144,16]
[0,0,67108864,0,0,0,512,0,0,0,0,0,0,0,0,131072]-[4,16,0,0,524290]
[0,0,0,0,0,0,0,0,1048576,0,0,0,262144,129,0,0]-[2097168,0,0,67108864,131072]
[0,0,8388608,0,0,0,0,0,0,0,0,0,0,536870912,0,0]-[4096,8388608,8388608,4096,0]
[0,134217728,67108864,0,0,0,0,0,0,0,0,32,0,0,0,0]-[2097152,268435456,0,4456448,0]
[0,0,0,0,0,256,0,0,8388608,0,0,0,8,0,0,0]-[1048640,128,0,0,64]
[0,0,0,0,8,0,0,16,0,0,0,0,1048576,0,0,0]-[0,0,2097152,100663296,16384]
[0,0,0,131072,0,0,0,0,0,0,16384,0,268435456,128,0,0]-[0,1024,2,2097154,0]
[0,0,67108864,0,0,16384,0,0,0,0,0,0,0,536870912,0,0]-[0,294920,0,134217728,0]
[0,0,0,0,0,256,64,0,0,0,0,0,1048576,0,0,0]-[1310720,65536,65536,2097152,4096]
[0,0,67108864,0,0,0,64,0,0,0,0,0,1048576,128,0,0]-[2097153,65536,0,4,0]
[0,0,67108864,0,0,0,128,0,1048576,0,4096,0,0,0,0,0]-[0,262176,0,37748736,0]
[0,0,67108864,0,0,0,0,0,16777216,0,4096,0,256,0,0,0]-[16777216,8193,0,33554432,0]
[0,0,0,0,0,0,0,0,4,0,67108864,0,1048576,0,0,0]-[134217728,1073741824,0,8192,1]
[0,0,0,128,0,8192,0,0,0,0,0,0,0,0,0,0]-[589832,2048,16777216,0,0]
[0,0,0,0,0,32,0,0,0,0,4096,0,0,128,0,0]-[262150,8390656,16386,128,8320]
[0,0,0,0,64,0,0,16,0,0,0,0,0,0,0,0]-[8192,16384,2147485696,4198529,270376]
[0,0,0,134217728,0,0,0,0,1048576,0,0,32,0,0,0,0]-[33554432,0,2048,0,8256]
[2147483648,1073741824,67108864,0,0,0,0,0,0,0,4096,0,0,0,0,0]-[0,536870920,0,65536,16384]
[0,2097152,0,0,0,0,0,0,0,0,4096,0,0,0,0,0]-[0,37748748,268451856,272697344,0]
[0,0,0,0,0,0,0,0,1049600,64,0,0,0,0,0,0]-[0,8389120,524288,0,131072]
[0,0,0,0,0,0,0,0,0,0,0,0,262144,0,0,1024]-[0,1024,2,1024,524288]
[0,0,67108864,0,0,0,0,0,1048576,0,0,0,536870912,0,536870912,0]-[0,4194304,0,2149580800,128]
[0,0,0,0,0,0,0,1073741824,0,0,0,536870912,0,128,0,0]-[131076,67108864,0,0,128]
[0,0,67108864,256,0,0,0,8,0,0,0,0,0,0,0,0]-[8,0,0,1048896,0]
[0,0,0,0,0,0,0,0,4,262144,0,0,0,0,0,0]-[262144,67108864,0,8192,8192]
[0,0,0,0,0,33554432,0,0,0,0,0,0,262144,2048,0,0]-[2097168,8192,0,0,8192]
[0,0,0,0,0,262144,0,0,0,0,0,32,0,0,0,0]-[134217728,16,64,2147483648,0]
[0,0,67108864,0,0,256,0,0,4096,0,0,0,0,128,0,0]-[0,0,1075838976,134217728,64]
[0,0,0,0,0,0,0,64,0,0,0,0,0,0,33554432,0]-[2048,128,1024,16777216,0]
[0,0,0,0,0,0,0,0,0,67108864,0,262144,0,0,0,0]-[1025,2147483648,0,0,4096]
[0,0,0,0,0,0,0,0,16777216,0,4096,0,1048576,0,0,0]-[25165824,0,16449,302121860,16416]
[128,0,67108864,0,67108864,0,0,0,1048576,0,0,0,0,0,0,0]-[0,327936,33587200,4202513,0]
[0,0,0,0,0,0,0,0,0,0,0,32,16384,0,0,0]-[2097152,1048576,0,16,512]
[0,0,0,0,0,0,8192,0,0,4194304,0,0,0,0,0,0]-[68157440,0,671088640,0,0]
[0,0,67108864,0,0,0,0,0,0,0,0,134217728,0,0,0,0]-[2382891054,2393673,2147507744,187274308,2098198]
[0,16777216,0,0,0,0,0,0,0,0,0,0,0,0,0,16384]-[131072,524288,268435456,4,0]
[2097152,0,0,0,0,64,8192,0,0,0,0,0,0,0,0,0]-[268435520,524288,0,2147483648,0]
[0,0,0,0,0,0,0,0,0,134217728,4096,0,0,128,0,0]-[16384,553648128,0,0,128]
[128,0,0,0,0,0,0,0,0,0,32768,0,0,0,0,0]-[1140850688,0,8388608,65536,256]
[0,0,0,0,16384,0,64,0,0,0,0,0,0,0,0,0]-[65536,294912,2,0,0]
[0,0,67108864,0,0,0,0,0,0,0,0,0,1024,1073741952,0,0]-[0,2304,0,4,2621440]
[1073741824,0,0,0,0,0,0,0,0,0,0,8388608,0,0,0,0]-[528,1024,0,8388624,1]
[0,0,67108864,0,0,0,256,0,0,0,4096,0,0,0,0,0]-[1,1024,0,262400,0]
[0,1,67108864,0,0,0,0,0,0,0,0,0,0,128,0,0]-[0,8192,4194832,0,0]
[0,0,0,4194304,0,0,0,0,1048576,0,16,0,0,0,0,0]-[1073741824,2,0,0,264192]
[0,128,67108864,0,0,0,0,0,1048576,33554432,0,0,0,0,0,0]-[0,0,66564,0,16384]
[0,0,0,0,0,0,0,16,0,0,0,0,0,8388608,33554432,0]-[0,67108864,2701131776,0,0]
[0,0,0,0,0,32768,0,16,0,0,0,0,0,0,0,0]-[0,0,2147483648,67108865,4096]
[2097152,0,0,0,256,0,0,0,0,0,0,0,0,0,0,0]-[0,2148007936,0,0,393216]
[0,0,0,0,0,0,0,0,0,0,0,0,0,128,1024,0]-[270794764,1074924640,2097158,4240,2368608]
[0,0,67108864,0,0,33554432,0,0,0,0,0,0,0,536870912,0,0]-[2048,2048,1536,0,0]
[0,0,0,0,0,64,0,0,1048576,0,0,32,0,0,0,0]-[1,0,64,1048576,1048576]
[192,0,0,0,0,0,0,0,0,0,0,0,1048576,0,0,0]-[16384,0,8192,16,4096]
[0,0,0,0,0,0,0,16,0,0,0,16,1048576,0,0,0]-[64,512,0,16384,8192]
[0,1073741824,67108864,0,0,0,0,0,1048576,0,0,0,0,0,0,0]-[65540,16384,34824,17,0]
[0,0,0,0,0,0,0,528,1048576,0,0,0,0,0,0,0]-[0,0,2048,2147485952,0]
[0,0,0,0,0,0,16384,0,134217728,0,0,0,0,0,0,0]-[128,524800,1180160,131072,4096]
[0,0,0,4,0,0,0,16,0,0,0,0,1048576,128,0,0]-[32768,2048,0,16,32]
[0,0,0,65536,0,4194304,0,0,0,0,0,0,0,0,0,0]-[0,1,1024,268435456,2097152]
[0,0,0,0,0,0,0,0,0,0,4096,1310720,0,0,0,0]-[0,256,0,33685504,128]
[128,0,0,0,0,0,0,0,131072,0,0,0,0,0,0,0]-[1074003968,2048,0,16384,0]
[0,0,0,2048,0,0,0,0,0,0,0,0,1048576,0,0,0]-[0,3221225664,16777216,0,0]
[0,0,32768,262144,0,0,0,0,0,0,0,0,0,0,0,0]-[1073741824,0,1,1024,4]
[0,4096,67108864,0,0,0,0,0,0,0,0,0,0,0,0,0]-[201916449,2181239040,1147701296,7639040,64]
[0,0,0,0,512,0,0,0,0,0,0,32,0,0,0,0]-[0,524288,0,25198592,0]
[0,0,0,0,0,0,64,0,0,0,0,0,0,536871072,0,0]-[1310720,0,0,64,128]
[0,0,0,0,0,8192,0,0,0,0,0,0,0,128,4,0]-[2,1073741824,8388608,8388624,0]
[0,0,0,0,0,256,0,0,1048576,268435456,0,0,0,134217728,0,0]-[458752,268435456,0,0,0]
[0,0,0,0,0,0,0,0,0,0,0,0,512,0,1073741824,0]-[0,134217728,262144,0,2097216]
[16,0,67108864,0,0,256,0,0,0,0,0,0,0,0,0,0]-[0,1024,4,2097408,0]
[0,0,0,0,0,0,256,0,1048576,0,0,0,0,128,0,0]-[0,8388864,32768,268435456,0]
[128,0,67108864,0,0,0,0,128,1048576,0,0,0,0,2147483776,0,0]-[0,262144,40960,2,0]
[0,0,0,0,0,0,0,0,134217728,512,4096,0,0,0,0,0]-[16384,67371008,0,0,16384]
[0,256,67108864,0,0,0,0,0,1048576,0,0,0,0,0,0,0]-[35719233,33554432,2052,111825,2048]
[0,0,67108864,0,0,0,0,0,16777216,524288,0,0,0,0,0,0]-[2,16777216,512,36864,0]
[128,0,67108864,0,0,0,0,0,1048576,1024,0,0,0,0,0,0]-[33554432,0,0,32769,64]
[0,0,0,0,0,0,0,16,0,0,0,4194304,1048576,128,0,0]-[0,1050624,0,16,8192]
[0,0,0,0,0,0,0,0,0,0,131072,0,0,16384,0,0]-[16777856,0,8192,0,0]
[0,0,67108864,0,0,0,0,0,1073741824,0,0,0,0,128,33554432,0]-[0,256,2147483648,2097216,0]
[0,0,0,0,67108864,8192,64,0,0,0,0,0,0,0,0,0]-[33554436,8192,1024,0,288]
[134217856,0,0,0,0,0,0,0,0,0,0,0,0,128,0,0]-[0,65536,536870912,65536,64]
[0,0,0,0,0,0,0,0,2147483648,0,0,0,1048576,128,0,0]-[268468288,1048576,8192,2097152,96]
[2,0,0,0,0,0,0,0,0,0,0,0,0,0,4,0]-[0,0,576,536871936,0]
[0,0,67108864,0,0,0,0,262160,0,0,0,0,1048576,0,0,0]-[0,4128,0,256,128]
[0,0,0,0,262144,0,0,0,0,0,0,0,0,128,0,0]-[638846476,219221344,2752913542,1140918342,2662404]
[0,128,0,0,0,2147483680,0,0,0,0,0,0,0,0,0,0]-[32,128,0,268435456,8192]
[0,0,0,0,0,0,536870912,0,0,0,0,0,8,0,0,0]-[0,8388608,17301504,786448,0]
[136,0,0,0,0,0,0,0,0,0,0,8388608,0,0,0,0]-[0,256,0,131088,131072]
[0,0,67108868,0,0,320,0,0,0,0,0,0,0,0,0,0]-[0,96,256,0,524288]
[0,0,0,0,0,0,0,0,4,0,0,0,0,536871040,0,0]-[1310720,0,0,64,4]
[0,0,67108864,0,0,8192,0,0,0,0,0,0,8,0,0,0]-[0,536903680,2097680,32785,146]
[0,134217728,0,0,0,64,0,0,0,0,0,0,0,0,0,0]-[16384,2147483648,524288,0,1024]
[0,0,512,0,67108864,0,0,0,0,0,268435456,0,0,536870912,0,0]-[2717908992,32,0,0,0]
[0,0,67108864,0,0,0,0,0,0,0,1,0,0,0,0,0]-[34078724,537134592,3145728,134578307,722950]
[0,0,67108864,0,67108864,0,0,0,0,0,0,0,0,0,33554432,0]-[32,4196352,1073750528,19140608,2621440]
[0,0,65536,4194304,0,0,0,0,0,0,0,0,1048576,0,0,0]-[537001984,2,0,0,2]
[0,0,67108864,0,0,0,0,0,0,0,0,0,1024,0,0,0]-[2160066626,33995369,1442841612,184551284,1132756]
[0,67108864,0,0,0,8388608,0,0,0,0,0,0,0,0,0,0]-[0,2048,65536,0,768]
[0,0,67108864,0,0,0,0,0,0,0,0,0,537919488,0,0,0]-[4096,2218786880,65536,2149646337,128]
[2097152,0,0,1024,0,0,0,0,0,0,0,0,0,0,0,0]-[1025,0,67108864,268435456,0]
[0,0,0,0,2048,0,0,0,1048576,0,0,0,0,128,0,0]-[2359296,1611661344,8388608,4096,0]
[0,0,67108864,0,0,256,0,0,0,0,0,0,524288,0,0,0]-[0,512,1075904512,0,0]
[0,16,67108864,0,0,0,0,0,262144,0,0,0,0,0,0,0]-[8388608,131072,268435456,0,2048]
[0,0,0,0,0,8448,0,0,0,0,0,0,0,0,0,0]-[2483102096,276869240,765809012,136313027,57088]
[0,0,0,0,0,0,0,131072,0,0,4096,0,0,0,0,0]-[0,40960,1073741824,20744,2097160]
[256,0,67108864,0,0,0,64,0,0,0,0,0,0,0,0,0]-[2,16,0,65536,4]
[0,0,33554432,0,0,0,0,0,0,0,4096,0,1048576,128,0,0]-[262144,83886080,0,0,128]
[128,0,67108864,0,0,0,0,0,0,0,0,0,2,0,0,0]-[134217728,1024,0,8192,64]
[0,0,0,0,0,8192,0,0,1048576,256,0,0,0,128,0,0]-[16384,0,0,2112,1024]
[0,0,0,0,0,0,8192,0,0,0,4096,0,0,128,0,0]-[279552,268599617,1048576,338140300,2097184]
[524288,0,67108864,0,0,64,0,1,1048576,0,0,0,0,0,0,0]-[2147549184,0,8192,8192,0]
[0,0,67108864,0,67108864,0,0,0,5242880,0,0,0,0,0,0,0]-[0,33554432,1073741824,2105344,0]
[0,128,67108864,0,0,0,0,0,8388608,0,4096,0,1048576,0,0,0]-[0,8,0,4096,81920]
[0,8192,0,0,0,262144,0,0,0,0,0,0,0,0,0,0]-[128,0,1075838976,32768,0]
[0,0,0,0,0,8192,0,0,0,0,0,0,262144,0,2048,0]-[524288,36864,536870912,0,0]
[128,0,67108864,0,0,0,64,8192,0,0,0,0,0,0,0,0]-[0,131072,67633152,0,2]
[0,0,0,0,0,16384,0,16,0,0,0,0,0,0,0,0]-[64,512,8388608,2147483713,270336]
[0,0,0,33554944,1,0,0,0,0,0,0,0,0,0,0,0]-[0,49154,0,8388608,0]
[1073741824,0,67108864,0,0,0,0,0,0,0,0,16384,0,0,0,0]-[0,264,0,16777216,16]
[0,0,0,0,0,0,0,134217744,1048576,0,0,0,0,0,0,0]-[16384,0,536872960,256,0]
[0,0,1,0,0,0,8192,0,0,0,65536,0,0,0,0,0]-[2147483648,16777216,0,67108864,16]
[0,0,67108864,0,0,0,8192,0,0,0,0,0,0,33554432,0,0]-[67108864,67108864,0,65568,0]
[0,0,0,0,0,0,0,0,1048576,0,0,0,1048576,0,1048576,0]-[0,0,1090519040,8192,131072]
[0,0,67108864,0,0,0,134217728,0,0,0,4096,0,0,0,0,0]-[524288,131072,1073807360,32768,128]
[0,0,0,0,67108864,0,0,268435456,0,0,0,0,0,0,0,0]-[8,0,603996160,16777248,524800]
[0,0,0,0,67108864,0,0,0,16384,0,0,0,0,0,0,0]-[0,4100,4,536870912,0]
[0,0,67108864,0,0,256,0,0,0,0,0,131072,0,0,134217728,0]-[0,0,0,16,34944]
[524288,0,0,0,0,0,0,0,1048576,0,0,0,0,0,0,0]-[65557,4194304,33556480,532480,8193]
[0,0,0,0,0,0,0,10,0,0,0,0,0,0,0,0]-[1,2097152,0,8192,4096]
[0,0,0,0,0,256,0,0,4194304,0,0,0,0,0,0,0]-[8192,0,1082130432,0,4096]
[0,0,4,0,0,0,0,0,0,0,4096,0,0,0,0,0]-[1073807360,270533633,33570944,301992324,262284]
[0,0,67108864,0,0,8192,0,8,0,0,4096,0,0,0,0,0]-[0,32768,4096,32768,128]
[128,0,0,256,0,0,0,0,0,0,0,0,0,0,0,0]-[0,12288,67108864,67108864,0]
[0,0,0,1048576,0,0,0,0,0,0,0,0,0,0,33554432,0]-[18,0,69210112,67108864,0]
[0,0,67108864,0,0,0,0,33554432,0,0,4096,0,0,0,0,0]-[8390656,4,0,256,0]
[0,0,67108864,0,0,0,0,0,0,0,0,0,262144,131072,0,0]-[0,16793600,2130176,32,0]
[0,0,67108864,0,0,0,0,16,0,0,4096,0,262144,0,0,0]-[8454144,64,0,8,0]
[0,0,0,0,0,0,0,8,0,128,0,0,0,128,0,0]-[16384,0,0,262144,262208]
[0,0,0,536870912,0,0,0,0,0,0,4096,0,0,0,0,0]-[0,0,65536,2048,20480]
[128,0,67108864,0,0,64,0,0,17825792,0,0,0,0,0,0,0]-[0,256,0,2147483649,64]
[1048576,0,83886080,0,0,0,0,0,0,0,0,0,0,0,0,0]-[0,0,33554432,65568,2048]
[0,0,0,0,0,0,0,16,0,0,0,0,0,65536,0,0]-[1078460432,69283874,133124,553649153,1048576]
[0,0,0,0,0,0,64,0,0,2147483648,0,0,0,0,0,0]-[65536,134217728,0,69632,0]
[0,0,0,0,0,0,0,0,0,0,0,0,1048576,0,0,1024]-[131329,2097152,0,268435456,529408]
[0,0,0,0,0,0,0,1073741824,134217728,0,0,0,0,0,0,0]-[139485712,8320,33554441,16925696,6148]
[0,0,0,16,0,0,8192,0,0,0,0,0,0,0,0,0]-[1073741824,268435456,269484544,67108896,2]
[0,0,0,2048,0,0,0,0,0,0,0,0,0,0,0,128]-[0,67109120,1048576,0,8]
[0,0,0,0,0,0,0,134217728,150994944,0,0,0,0,0,8192,0]-[2112,67108866,0,0,0]
[0,0,67108864,0,0,0,0,0,0,1024,0,0,0,0,33554432,0]-[4,4194312,0,262144,0]
[0,0,603979776,0,0,0,0,0,0,0,4096,0,0,0,0,0]-[8912960,33555777,1107378192,0,2]
[0,0,0,4194304,0,0,0,0,0,0,64,0,0,536870912,0,0]-[1048576,0,0,33554432,68]
[0,0,0,0,0,0,0,0,1048576,0,512,0,0,128,0,0]-[20,0,524288,134217728,0]
[2097152,0,0,0,0,0,1048576,0,1048576,0,0,0,1048576,128,0,0]-[4,0,32,268435520,0]
[0,0,0,0,0,0,0,0,1048576,268435456,4096,0,0,0,0,0]-[16384,0,0,100696064,0]
[0,0,0,0,0,32,0,0,0,0,0,0,8,0,0,0]-[6,8388737,33554434,50331776,0]
[0,0,67108864,0,0,0,128,0,0,0,0,0,0,0,8,0]-[0,0,4096,65536,524289]
[0,1024,67108864,0,0,0,0,0,0,0,0,0,0,0,33554432,0]-[524288,12288,0,0,2097152]
[0,0,67108864,0,131072,256,0,0,0,0,4096,0,0,0,0,0]-[0,163904,0,0,128]
[0,0,67108864,0,0,0,0,0,1048576,0,268435456,0,0,536870912,0,0]-[0,16,0,2181038080,131200]
[0,0,0,0,0,0,0,0,0,0,0,8192,8,0,0,0]-[4096,8320,139270,786432,0]
[0,0,0,0,0,0,134217728,0,1048576,0,0,0,0,128,0,0]-[33554448,536871168,0,1073745922,0]
[0,2048,67108864,0,0,0,0,0,0,0,0,0,0,536870912,0,0]-[0,268435461,1048576,0,0]
[0,0,67108864,0,256,0,0,0,0,0,4096,0,0,0,33554432,0]-[524288,0,512,32768,2097152]
[0,0,67108864,0,0,0,0,0,0,0,4,0,0,0,0,0]-[2220883978,2684624929,1073744656,2148007941,341]
[0,0,67108864,0,0,0,0,0,0,0,4096,0,0,2176,0,0]-[1,16777472,0,512,0]
[0,128,0,0,0,0,0,0,0,0,0,0,0,0,0,262144]-[65792,131074,67109120,268435456,128]
[2,0,64,0,0,0,0,0,524288,0,4096,0,0,0,0,0]-[2097152,0,576,1024,0]
[0,0,0,0,0,0,0,0,0,0,0,1073741824,0,2097152,0,0]-[1073774592,2048,0,0,512]
[0,128,67108864,0,0,0,0,16,1048576,0,0,32,0,0,0,0]-[32768,16,32768,2097152,0]
[0,0,16777216,0,0,0,0,16,0,0,0,0,1048704,0,0,0]-[8388608,1,262144,0,64]
[0,0,0,0,0,536870912,0,16,0,0,0,0,0,0,0,0]-[17409,271362,36864,541589569,8]
[0,0,0,0,0,0,0,0,16777216,0,0,0,4,0,0,0]-[4194304,256,65536,0,8]
[0,0,0,0,134217728,0,0,0,134217728,0,0,0,16777216,0,0,0]-[268500992,0,0,16777216,1]
[0,65536,0,0,0,0,0,0,0,0,0,0,262144,0,0,0]-[0,536879104,17825792,0,0]
[0,0,0,0,0,0,0,65536,0,0,4096,0,0,0,0,0]-[1073741888,537002272,64,20608,4096]
[0,0,0,131072,0,0,0,0,0,0,0,0,512,0,0,0]-[0,0,65568,1,512]
[0,0,0,0,0,256,0,1048576,0,0,0,0,0,128,0,0]-[0,0,32,67371008,131072]
[0,0,0,0,0,0,0,33554432,1048576,0,0,0,0,128,0,0]-[0,1073741856,0,64,128]
[0,0,0,0,0,0,0,0,16777216,0,0,1048576,1048584,0,0,0]-[1,0,0,134217736,8]
[0,8192,0,0,512,0,0,0,0,0,0,0,0,0,0,0]-[0,0,268476416,67108864,0]
[0,0,0,0,0,4,0,0,134217728,0,0,0,0,0,0,0]-[0,524288,0,262148,1048576]
[0,0,67108864,0,0,0,0,4096,0,0,0,0,0,128,0,0]-[0,268435456,0,8,524416]
[0,0,0,0,0,256,0,4096,0,0,0,0,0,0,0,0]-[0,8388736,1024,393220,1048704]
[0,0,67108864,0,0,0,0,0,1048576,8,4096,0,0,0,0,0]-[2048,0,0,5632,0]
[0,0,524288,0,0,0,0,0,0,0,0,0,65536,128,0,0]-[1310720,0,128,262144,0]
[0,0,0,0,0,0,0,8192,0,0,0,536870912,0,128,0,0]-[80,0,1,0,128]
[0,0,0,0,0,33554432,0,16,0,0,0,0,0,0,0,0]-[0,0,2147483648,301989888,128]
[0,0,0,0,0,0,0,0,0,0,131072,0,1310720,0,0,0]-[0,0,1073741824,536870914,512]
[0,0,0,0,0,0,0,0,0,0,4096,262144,1048576,0,0,0]-[1,32768,0,33685504,0]
[0,128,0,0,4,0,0,0,1048576,0,0,0,0,0,0,0]-[0,0,4194304,1073778688,0]
[0,0,65536,0,0,0,0,0,0,0,0,0,0,33554432,0,0]-[0,8388608,67109888,1073741824,0]
[0,0,67108864,65536,0,0,0,0,134217728,0,0,0,262144,0,0,0]-[0,147456,256,1024,0]
[0,0,0,0,0,0,32768,0,2147483648,0,0,0,0,0,0,0]-[8388608,0,0,2147483650,4096]
[0,0,0,0,0,0,0,0,0,8192,0,0,262144,0,0,0]-[0,134217856,0,8,128]
[0,256,0,2048,0,0,0,0,0,0,0,0,1048576,0,0,0]-[0,1048584,0,1049088,0]
[0,0,0,0,0,0,0,0,135266304,8388608,0,0,0,128,0,0]-[0,536871168,0,1073741824,1024]
[0,128,0,65536,0,0,0,0,0,0,0,0,1048576,0,0,0]-[9437184,1,0,0,128]
[0,268435456,0,0,0,0,0,0,0,0,0,0,262144,0,0,0]-[16384,1610620928,33024,69206016,0]
[0,0,0,16777216,32,0,0,0,1048576,0,0,0,0,0,0,0]-[16777216,128,0,16,256]
[0,0,0,32768,0,0,64,0,0,0,0,0,0,0,0,0]-[16384,655360,1073741824,0,0]
[0,0,0,0,0,64,0,0,1048576,2147483648,0,0,0,128,0,0]-[128,0,0,536870912,192]
[0,0,67108864,0,0,0,0,0,0,1,4096,0,262144,0,0,0]-[2097152,139264,0,1280,0]
[0,0,67108864,16777216,0,64,0,0,0,0,0,0,0,0,0,0]-[2,512,524288,0,1024]
[0,0,16777216,0,0,0,0,0,1048576,0,4096,0,0,0,0,0]-[276824064,1024,0,0,2]
[0,2,0,0,8192,0,0,0,0,0,0,0,0,0,0,0]-[32,262400,16777216,0,0]
[0,0,0,0,131072,0,0,0,0,0,0,0,0,8388608,0,0]-[2147483652,0,268435456,0,262144]
[0,0,0,32,0,0,0,0,4194304,0,0,0,0,0,0,0]-[0,4,0,44040192,0]
[8192,0,0,0,0,0,0,0,0,0,0,0,1310720,0,0,0]-[0,0,2097152,0,9218]
[0,0,0,1073741824,0,0,0,0,0,0,0,0,0,0,33554432,0]-[1179652,524288,134742020,16793600,0]
[0,0,67108864,0,0,0,0,0,0,0,4096,0,0,536870912,0,0]-[69696,21407005,302072336,33850624,2097280]
[0,0,0,32,0,0,0,0,134217728,0,0,0,1048576,0,33554432,0]-[2048,0,1610612736,0,2048]
[1073741824,0,0,0,0,0,0,16,1048576,0,0,0,0,0,0,0]-[32768,16,8388608,0,8192]
[128,0,0,0,0,268435456,0,0,0,0,0,0,0,0,0,0]-[1114112,0,131090,16777217,16]
[0,0,0,0,0,0,0,262144,0,0,0,0,0,128,0,0]-[0,536870912,1056768,67108864,0]
[0,0,0,0,0,0,0,0,34603008,64,0,0,0,0,0,0]-[0,0,0,570425472,64]
[0,0,67633152,0,0,0,0,0,0,0,0,0,0,0,0,0]-[2374535274,2718325521,3322475272,2199762167,3261911]
[0,0,0,0,0,0,0,0,8192,1048576,1073741824,0,0,0,0,0]-[33554432,0,0,8192,2097664]
[0,0,0,0,0,0,0,0,4,0,0,0,1048576,128,0,0]-[1048576,67108864,0,2097664,0]
[0,0,0,0,0,64,0,0,0,268435456,0,0,0,0,0,0]-[67109888,2560,136,100663296,0]
[0,0,0,0,0,0,0,0,16777216,67108864,0,0,0,0,0,0]-[0,512,536887296,128,0]
[0,0,16384,0,0,256,0,0,0,0,0,0,0,0,0,0]-[336085008,512,276824064,2162960,131072]
[32768,0,0,0,0,0,33554432,0,1048576,0,0,0,1048576,0,0,0]-[0,0,16777216,1073741827,0]
[0,0,0,0,0,0,0,0,0,8,0,16,0,128,0,0]-[393216,0,524288,0,262144]
[0,0,0,0,0,1048576,0,0,0,0,0,0,1048576,128,0,0]-[1024,0,1073741824,128,4]
[0,8388608,0,0,0,256,0,0,0,0,0,0,0,0,0,0]-[270592,0,1207959552,266240,8192]
[0,0,0,0,512,0,0,0,134217728,0,0,0,0,0,0,0]-[0,0,16778240,128,16]
[0,0,67108864,0,0,536870912,0,0,134217728,0,4096,0,0,0,0,0]-[8388672,257,0,0,0]
[0,0,0,0,0,0,0,0,0,0,0,0,0,0,0,262145]-[131200,8,0,268435456,256]
[0,0,16777216,134217728,0,0,0,0,0,0,0,0,0,0,0,0]-[268435456,0,0,2415919168,0]
[0,0,0,0,0,0,64,16,0,0,0,0,0,0,0,2048]-[1048576,536870914,0,524288,0]
[128,0,0,0,0,0,0,0,0,0,0,2097152,0,0,0,0]-[0,256,0,32769,32]
[0,0,67108864,0,2147483648,0,0,0,0,0,0,0,0,0,0,0]-[60885058,335738685,1416230428,2303242448,2296135]
[0,0,0,0,4194304,0,0,0,134217728,0,0,0,0,0,0,0]-[16384,134217728,536870912,0,256]
[268435456,0,0,4096,0,0,0,16,0,0,0,0,0,0,0,0]-[2147483648,0,256,16384,8192]
[0,0,0,0,2097152,524288,0,0,0,0,0,0,0,0,0,0]-[1074790400,0,8388608,16,0]
[0,0,67108864,0,0,0,0,0,0,0,4096,0,0,0,0,64]-[0,50724900,33554432,1152,2097152]
[0,0,32,0,0,0,0,16,0,0,0,0,0,0,0,0]-[0,2560,16777282,33554432,2101248]
[131072,0,67108864,0,0,0,0,256,0,0,0,0,0,128,0,0]-[0,0,32768,128,65600]
[0,0,0,0,536870912,0,8192,0,0,512,0,0,65536,0,33554432,0]-[0,384,0,64,2048]
[0,0,0,0,0,0,0,0,128,0,0,0,1048576,2048,0,0]-[2147483648,131072,8388608,0,256]
[0,0,67108864,8192,0,0,0,0,0,0,0,0,0,128,0,0]-[0,268697600,1048576,8,0]
[0,0,0,0,0,0,0,0,0,128,0,32,0,0,0,0]-[131136,0,0,2147484672,0]
[0,67108864,0,0,0,64,0,0,0,0,0,0,0,0,0,0]-[512,0,532488,0,0]
[1073741824,0,0,0,0,0,0,0,0,0,0,0,1048576,128,0,0]-[262208,8388640,2097152,4,2359360]
[0,0,0,0,0,0,0,0,134217856,0,0,0,0,0,0,0]-[65536,512,0,2068,66568]
[0,0,0,0,0,0,0,0,0,0,0,131072,1048576,128,0,0]-[1,2048,262144,0,32896]
[0,0,0,0,0,0,0,0,135266304,0,0,0,2097152,0,0,0]-[0,0,0,68157504,16]
[0,0,0,0,0,0,16384,0,0,0,0,32,0,0,0,0]-[32,524288,512,131072,0]
[1048576,0,0,0,0,0,0,0,0,0,0,0,8,0,0,0]-[1048576,524288,4,16777472,0]
[0,0,67108864,0,0,0,0,0,0,0,0,268435456,0,0,0,0]-[2097160,337644048,33556480,768,2621506]
[0,0,0,0,0,0,0,0,9437184,0,0,0,8,0,0,0]-[0,33554432,8192,2064,0]
[0,0,0,0,0,0,0,0,1048576,0,0,0,0,128,0,64]-[2097168,0,536870912,134221856,131076]
[0,0,0,0,0,64,0,16777217,1048576,0,0,0,0,128,0,0]-[32768,0,532608,0,0]
[0,0,67108864,0,0,0,8192,0,1048576,0,0,0,0,0,0,2048]-[0,0,33556480,128,256]
[0,0,0,0,0,0,0,0,0,0,0,0,8,0,1,0]-[1073872896,0,0,2097216,0]
[0,0,0,0,67108864,0,0,0,0,0,4096,0,65536,0,0,0]-[262144,2147483648,65664,0,0]
[0,0,67108864,0,0,0,0,2,0,0,4096,0,0,0,0,0]-[16777216,67108864,20480,0,0]
[0,0,67108864,0,0,0,0,256,0,0,8,0,0,0,16384,0]-[524288,16,0,5242880,0]
[0,0,67117056,0,0,0,0,0,134217728,0,0,0,0,0,0,0]-[2056,8,0,0,2048]
[0,0,67108864,0,0,0,0,16,0,32768,4096,0,0,0,0,0]-[25235456,0,0,0,0]
[0,0,0,0,0,0,0,0,0,0,262144,0,16777216,0,0,524288]-[1048576,0,34816,4096,0]
[0,0,67108864,0,0,1073741824,0,16,1048576,0,0,262144,0,0,0,0]-[0,544,32768,32,0]
[0,0,0,0,0,0,8192,0,0,0,0,0,8,0,0,0]-[3825213448,85065728,566233664,2098176,1]
[0,0,16777216,0,0,64,0,0,0,0,0,0,0,0,0,0]-[536872960,0,128,64,1122]
[0,0,0,0,67108864,0,0,0,0,0,0,524288,0,0,0,0]-[0,65538,2147483648,0,128]
[0,0,0,0,0,0,0,33554432,0,0,0,0,0,0,4,0]-[4194304,524288,0,65664,0]
[0,0,0,524288,0,8192,0,0,0,0,0,0,0,0,0,0]-[0,32,264,0,512]
[0,0,0,0,16777216,0,0,8192,0,0,0,0,0,128,0,0]-[128,64,2097184,0,0]
[0,0,4096,0,0,2147483648,0,16,0,0,0,0,0,0,0,0]-[268435456,8192,1073750016,0,0]
[0,0,0,0,294912,0,0,0,0,0,0,0,1048576,0,0,0]-[512,8192,536871168,0,0]
[0,0,0,0,0,536870912,0,0,0,0,0,1024,0,0,0,0]-[0,1056770,0,536870912,0]
[0,0,0,0,0,64,0,0,134217728,0,67108864,0,0,0,0,0]-[268435456,2048,8,0,128]
[0,0,0,0,0,0,0,0,0,0,4096,0,0,0,65536,0]-[8454400,17048576,142672000,67158920,2097192]
[0,0,603979776,0,67108864,0,0,0,1048576,0,0,32,0,0,0,0]-[0,0,33587200,0,1048704]
[0,0,0,0,0,0,2147483648,0,0,0,0,0,1048576,0,0,0]-[2147485696,2147483648,17039360,16384,160]
[0,0,67108864,0,2,0,0,0,17825792,0,0,0,0,2097152,0,0]-[0,32,0,134250496,128]
[0,0,0,0,0,0,0,0,0,0,0,4,1048576,0,0,0]-[0,16777728,0,67129344,0]
[2,0,0,0,0,0,0,0,0,0,0,128,0,0,0,0]-[0,0,64,536888320,0]
[0,0,0,0,67108864,0,0,0,134217728,0,0,0,1048576,128,0,0]-[2048,64,2,0,524288]
[0,0,2048,0,0,0,0,0,0,0,4096,0,0,0,0,0]-[8390720,0,268455936,0,40]
[0,131072,0,0,0,0,0,0,0,0,0,0,2147483648,0,0,0]-[268435456,0,65536,64,1]
[0,0,0,0,0,0,0,0,0,0,0,16384,0,128,0,0]-[33554513,1098907712,1048576,69468164,131072]
[128,0,0,0,0,0,0,0,0,0,0,0,0,64,0,0]-[0,0,8388608,2147549184,4096]
[0,0,67108864,0,0,67108864,0,0,0,0,0,0,0,0,33554432,0]-[134219776,2048,1073741824,0,0]
[0,0,0,0,0,0,0,0,0,0,256,0,1048576,0,0,0]-[16793600,67125248,327680,131072,262144]
[0,0,0,0,0,0,33554432,0,0,0,0,0,0,536870912,0,0]-[1048576,4096,1024,1073741824,0]
[0,0,0,0,0,0,0,0,1048576,536870912,0,0,0,536870912,0,0]-[262144,16,128,0,524288]
[0,0,67108864,0,0,256,0,0,0,0,4096,0,0,0,4096,0]-[524289,0,0,0,49152]
[1073741824,0,0,0,0,0,0,0,0,0,0,0,0,0,1048576,0]-[1073741824,0,524288,262144,16384]
[0,16,0,0,0,0,0,0,0,0,0,0,0,0,1024,0]-[2097156,0,0,131200,0]
[0,0,67108864,0,0,0,0,0,0,0,0,33024,0,0,0,0]-[16777216,0,16384,32,64]
[0,0,0,0,0,0,0,0,0,0,0,0,1048576,0,32768,0]-[8388608,513,0,512,9224]
[0,0,67108864,0,0,1024,0,0,0,0,0,0,1048576,0,0,0]-[0,8,0,2197815296,65536]
[0,32,0,0,0,0,0,0,0,0,0,0,1048576,0,0,0]-[2817,33554450,16777728,1208483840,2048]
[0,0,0,0,131072,0,0,0,0,0,0,0,0,0,524288,0]-[65538,0,131200,0,0]
[0,0,0,0,0,0,0,2,1048576,0,0,0,0,128,0,0]-[4,1073741824,128,2048,0]
[0,0,0,0,0,0,0,16,1048576,0,268435456,0,0,0,0,0]-[0,0,64,2147483648,8320]
[0,0,0,0,0,256,0,0,135266304,0,0,0,1048576,128,33554432,0]-[0,8454144,0,4096,64]
[0,0,67108864,0,0,64,0,0,0,0,131072,0,0,0,0,0]-[0,0,65536,33554576,0]
[2147483648,0,0,0,0,0,2048,0,1048576,0,0,0,1048576,0,0,0]-[16777216,65536,8192,0,8192]
[128,0,0,0,8192,256,0,0,0,0,0,0,0,0,0,0]-[1073741824,0,0,131264,0]
[0,0,67108864,0,0,0,0,0,0,2048,0,0,8,0,0,0]-[0,16777728,528,0,0]
[0,0,0,0,0,0,32,0,134217728,0,0,0,0,0,0,0]-[16,2048,0,0,3072]
[0,65536,0,0,0,0,0,0,0,0,0,0,1048576,0,0,0]-[134217984,2,1,524288,589952]
[128,0,0,0,0,0,64,0,0,0,0,0,1048576,0,0,0]-[545259520,16384,0,0,1048584]
[0,0,0,0,0,0,0,4096,1048576,0,0,0,512,0,0,0]-[0,0,1074003968,512,1]
[0,0,0,0,524288,0,0,0,0,0,0,0,536870912,0,0,0]-[536903680,64,0,2097152,0]
[0,0,0,0,0,0,0,0,0,0,0,0,1048576,130,0,0]-[2097152,0,0,67174416,0]
[0,0,67108864,0,0,0,0,48,0,0,0,0,0,0,0,0]-[64,8,2147516416,0,0]
[0,0,67108864,0,0,256,0,0,1048576,0,0,0,4194304,0,0,0]-[65536,512,1073741824,0,1]
[0,0,67112960,0,0,33554432,0,0,0,0,0,0,0,0,0,0]-[0,8448,1073741824,0,524288]
[0,0,0,0,0,67108864,0,268435456,0,0,0,0,0,0,0,0]-[536872960,2048,786432,0,512]
[131072,0,0,0,0,0,0,0,134217728,0,0,0,0,0,0,0]-[2,268435584,134217728,0,16]
[0,0,0,0,0,0,0,8192,134217728,0,0,0,0,0,0,0]-[1,128,16777216,8388608,0]
[0,0,0,0,0,0,8192,8,0,0,4096,0,0,0,0,0]-[262144,4456448,0,4,0]
[0,0,67108864,0,0,2147483648,0,0,0,0,0,0,0,0,0,0]-[2164263014,2686617876,2170684,35656881,1755410]
[0,0,67108864,0,0,64,0,0,0,0,1052672,0,0,0,0,0]-[8388608,536903680,0,256,0]
[0,0,1073741888,0,128,0,0,0,0,0,0,0,0,0,0,0]-[0,0,16781312,276824064,0]
[0,0,0,0,0,256,67108864,0,0,0,0,0,0,0,0,0]-[335609856,0,0,262144,0]
[0,0,0,0,0,0,0,0,0,0,0,0,0,128,0,32768]-[301989888,262144,2147483650,264192,132096]
[0,0,67108864,0,64,0,0,16,0,0,0,0,1048576,0,0,0]-[32768,8,0,2147483648,128]
[0,0,0,0,0,0,0,32,0,0,0,0,0,0,0,32]-[32,268435456,2359296,0,0]
[0,0,0,0,0,0,0,0,1048576,0,0,0,0,128,33554432,32]-[131076,536870912,0,64,0]
[0,0,0,268435456,0,0,0,0,0,0,0,0,1048576,0,0,0]-[2160197632,1024,17,1090519044,263168]
[0,0,8,0,0,0,0,0,0,512,0,0,0,0,0,0]-[4194304,134219776,0,0,262144]
[0,0,0,0,0,256,0,16,0,0,0,0,0,2048,0,0]-[1073741825,0,0,537001984,0]
[0,0,0,0,0,0,0,536870928,0,0,0,0,0,0,0,0]-[3221230593,2162754,134217856,52264,10248]
[128,0,67108864,0,0,64,0,0,0,0,4096,0,1048576,0,0,0]-[8388608,32768,16,0,32768]
[0,0,0,0,0,8388608,0,0,134217728,0,0,0,0,128,0,0]-[8,1048640,0,32,0]
[0,0,67108864,16,0,0,0,0,0,0,4096,0,0,128,0,0]-[0,536870912,0,69632,2097152]
[0,0,0,0,0,0,0,0,16777216,0,0,0,0,128,1024,0]-[1024,0,0,2560,4]
[0,0,0,0,0,0,0,0,0,0,33554432,0,0,0,33554432,0]-[256,0,1024,8388640,0]
[128,0,67109376,0,0,0,0,0,0,0,0,0,0,128,0,0]-[0,1024,0,80,64]
[0,0,0,0,262144,0,0,0,135266304,0,0,0,0,0,0,0]-[32768,16384,16777216,8192,0]
[0,0,0,0,67108864,0,0,0,0,0,4096,8,0,0,0,0]-[512,16,65536,128,0]
[0,0,524288,0,0,0,0,0,2048,0,0,0,8,0,0,0]-[268435456,32768,2097152,2048,0]
[128,1,0,0,0,0,0,0,0,0,0,0,0,0,0,0]-[67108864,0,0,2147565569,135200]
[0,0,0,0,0,0,0,16,0,0,4096,0,0,0,0,0]-[3583901249,1036860541,3684438999,3194936760,2521257]
[0,0,0,0,0,0,0,0,0,0,0,0,0,536870912,4,0]-[1073741824,2,268435456,0,8192]
[0,0,0,262144,0,0,0,0,1048576,0,0,0,0,0,0,0]-[16400,320,142706705,17305344,131076]
[0,0,0,0,0,0,0,0,1048576,0,4096,0,1048576,0,2048,0]-[2359296,0,16,512,0]
[0,1048576,0,0,0,0,64,0,0,0,0,0,8192,0,0,0]-[0,134217728,1048576,512,4]
[0,0,67108864,0,0,0,0,0,1310720,0,0,0,0,0,0,0]-[2147516416,536887808,1073774608,537858,656517]
[0,2097152,0,0,0,0,0,0,1048576,0,0,0,1048576,128,0,0]-[2097152,8388640,0,67108864,1152]
[0,524288,67108864,0,0,0,8192,0,0,0,0,0,0,128,0,0]-[64,64,32768,0,32768]
[0,0,0,0,0,0,0,0,0,0,0,0,1048576,0,131072,0]-[1,16781312,0,131080,8192]
[0,0,0,0,0,256,0,0,0,0,0,0,0,0,256,0]-[1073741825,0,0,536870976,0]
[0,0,201326592,0,0,0,0,0,0,0,4096,0,131072,0,0,0]-[2048,2147483648,4112,0,0]
[0,0,0,0,0,0,0,1073741824,0,0,0,32,0,0,0,0]-[2148532232,33554448,33554432,1048576,0]
[0,0,67108864,0,0,64,0,0,1048576,0,0,0,67108864,0,0,0]-[0,16,524288,2147483648,1024]
[0,0,67108864,0,0,0,0,0,8192,0,0,0,0,0,4,0]-[0,0,524288,134218240,2]
[0,0,8192,0,0,0,0,0,0,0,528384,0,0,0,0,0]-[2113536,0,0,128,2]
[0,0,0,0,0,0,0,2048,0,0,0,0,1048576,0,0,0]-[269484160,49154,262144,16388,128]
[0,0,0,0,0,0,0,0,0,0,256,65536,0,0,0,0]-[0,8388616,12582912,0,0]
[0,0,0,0,0,0,0,0,0,0,0,262176,0,536870912,0,0]-[1024,128,0,4,512]
[0,0,67108864,0,67108864,256,0,0,0,0,0,0,0,128,0,0]-[0,64,16384,0,524416]
[0,0,0,0,0,0,32768,0,0,0,0,131072,0,0,0,0]-[0,134217729,0,64,2048]
[64,0,0,0,0,0,0,0,0,0,0,0,0,0,2048,0]-[0,131584,33554432,16384,0]
[0,524288,0,0,67108864,0,0,16,0,0,0,0,0,0,262144,0]-[0,0,64,0,12320]
[134217728,0,0,0,0,0,0,0,16777216,0,0,0,0,0,0,0]-[67239936,524288,0,0,1048576]
[0,524288,0,0,0,0,0,0,16777216,0,0,0,0,0,0,0]-[0,0,536937728,0,0]
[0,128,67108864,0,0,0,0,0,0,0,0,0,1310720,0,0,0]-[0,64,1342177280,2,0]
[0,0,0,0,0,0,0,0,0,0,0,4,0,0,0,128]-[0,1024,130,1,0]
[0,0,67108864,0,0,0,0,0,0,0,67108864,0,0,0,0,0]-[209715212,822225997,3563705880,2316642047,3329175]
[0,0,67108864,0,0,2147483904,0,8,0,0,0,0,0,0,0,0]-[0,2097152,1024,128,2064]
[0,0,0,0,0,0,0,0,0,0,64,0,0,0,4,0]-[0,32834,0,8,0]
[0,0,0,128,0,0,0,0,0,0,4096,0,0,128,0,0]-[268435456,0,128,512,128]
[0,262144,0,0,0,0,0,0,0,0,0,0,1114112,128,0,0]-[0,0,545259520,8388608,524288]
[4096,0,0,0,0,0,0,32768,0,0,0,0,1048576,0,0,0]-[0,0,0,20971520,4224]
[0,0,0,0,0,2147483648,0,0,1056768,0,0,0,262144,0,0,0]-[0,0,0,1024,663552]
[0,0,67108864,0,0,256,0,0,0,0,0,0,262144,0,0,0]-[524288,16791552,2114560,2171144,657792]
[0,0,2,0,0,64,0,0,0,0,0,0,0,0,0,0]-[130,0,128,0,2]
[0,0,0,0,0,4,0,0,0,0,0,32,0,0,0,0]-[2449473536,2147483664,67256322,1074003972,1049168]
[128,0,67108864,0,0,0,8192,16,0,0,0,0,0,128,0,0]-[0,262144,0,8,131136]
[0,0,0,0,0,0,0,32,0,0,4096,0,1048576,0,0,0]-[0,83886112,0,0,4096]
[0,0,0,0,0,0,0,16,0,65536,0,0,0,128,0,0]-[32768,0,0,268439552,2097152]
[0,0,0,65536,0,0,0,0,134217728,0,0,0,0,0,0,0]-[8388808,143671300,170919936,16448,524672]
[0,0,67108864,0,0,256,0,0,16777472,0,4096,0,0,0,0,0]-[1,0,16896,32768,0]
[0,0,67108864,0,0,0,0,64,134217728,0,0,0,0,0,0,0]-[0,0,2304,1049600,0]
[0,0,0,0,0,0,0,0,1048576,0,0,0,1048576,0,0,512]-[256,128,8,32,0]
[0,0,0,0,0,0,0,0,1048576,0,0,0,1056768,0,8,0]-[16777216,32,262144,0,1024]
[0,0,67108864,0,0,0,8388608,0,1048576,0,0,0,0,0,0,0]-[1,4,0,256,16]
[0,0,0,0,0,0,0,0,0,2097152,0,0,0,0,33554432,0]-[512,8,3372744704,16384,0]
[0,0,8192,0,0,0,0,0,0,0,4096,0,262144,0,0,0]-[2113536,8192,0,0,2]
[0,0,67108864,0,0,0,0,0,1048576,0,4097,0,0,0,0,0]-[65536,536870912,0,32896,0]
[0,0,67108864,0,134217728,0,0,0,1048576,0,0,0,0,0,0,0]-[0,48,0,0,320]
[0,0,0,0,0,0,0,0,0,1,4096,0,0,0,0,0]-[3584,134217744,134808064,2449653760,40]
[0,128,0,0,524288,0,0,0,0,0,0,0,0,0,0,0]-[0,0,1342177280,268435456,262144]
[0,0,67108864,0,0,0,0,0,0,0,0,0,2048,0,0,0]-[4198410,65540,1074266136,267948,16386]
[0,0,0,0,0,0,0,0,0,0,0,0,1310720,512,0,0]-[0,2,1,33554432,8192]
[0,0,0,0,0,64,0,0,0,0,0,1073741824,1048576,0,131072,0]-[0,0,1048576,1073774720,0]
[0,0,4096,0,0,256,0,0,0,0,0,0,0,536870912,0,0]-[64,4096,131072,0,131072]
[0,0,0,0,0,0,0,0,134217728,0,2,0,0,0,0,0]-[262144,524800,67108864,0,0]
[0,0,0,0,0,0,0,0,0,0,0,0,0,128,2,0]-[64,256,0,64,8192]
[0,0,0,0,2048,0,0,536870912,0,0,0,0,0,0,0,0]-[268435456,2147549184,0,0,8]
[0,2048,0,0,0,0,0,0,0,0,4194304,0,0,0,0,0]-[262144,0,2147483712,2048,0]
[0,0,67108864,0,0,64,0,0,4096,0,0,0,0,0,0,0]-[0,2147483904,524320,0,0]
[1073741824,0,67108864,0,0,0,0,0,1048576,0,0,0,1073741824,128,0,0]-[0,4,8,2148532224,0]
[0,0,0,0,67108864,67108864,0,0,0,0,0,0,0,0,0,0]-[2147483648,0,262144,33554432,4096]
[0,0,0,0,0,0,0,0,0,0,16777216,0,0,2147483648,0,0]-[0,134217728,0,2097152,49152]
[0,0,67108864,0,0,256,0,0,0,0,0,0,0,2097152,0,0]-[65536,4096,0,0,65]
[0,0,0,0,0,0,8192,0,0,0,0,0,4096,128,0,0]-[1026,0,0,2359296,0]
[0,0,0,0,0,0,0,256,0,0,0,0,1048576,128,0,0]-[1081344,0,0,2101268,335936]
[0,0,67108864,0,0,0,0,0,16777218,0,4096,0,1310720,0,0,0]-[2097152,4,33554432,0,65536]
[0,0,0,0,0,0,0,0,0,0,0,0,0,0,33554434,0]-[4,4194304,536870912,0,2]
[128,0,0,0,0,256,0,0,0,0,0,0,0,512,0,0]-[16384,0,1024,131072,524288]
[2097152,0,67108864,0,0,0,0,0,1048576,0,0,0,0,0,0,0]-[32845,327937,525336,5242881,80]
[0,0,0,0,0,256,0,0,67108864,0,0,0,0,0,0,0]-[67110144,1048576,16908288,260,0]
[0,0,67108864,0,0,0,0,16,0,0,0,0,0,1048576,0,0]-[25165824,0,32,4194304,0]
[0,32768,0,0,0,256,0,0,0,0,4096,0,0,128,0,0]-[268435456,0,1073741825,2048,0]
[0,0,67108864,0,0,8448,0,0,0,0,0,0,1048576,0,0,0]-[0,8272,67111172,270400,260]
[0,0,0,0,0,0,8192,0,0,0,0,0,32,0,0,0]-[536870912,0,553648128,64,0]
[0,0,0,0,0,0,0,0,0,0,0,0,262144,536870912,33554432,0]-[1048576,2052,0,0,524288]
[0,0,0,0,0,256,8192,0,0,0,4096,0,1048576,0,0,0]-[65536,8192,268435456,268435456,0]
[0,0,67108864,0,0,0,0,0,0,16777216,0,0,0,0,65536,0]-[524288,16,0,33554432,131072]
[0,0,67108864,0,0,0,0,0,1048576,0,8,0,0,0,0,0]-[98305,4456464,0,5275970,68]
[0,0,0,0,0,256,0,0,1074790400,0,0,0,0,0,0,0]-[0,512,17039360,4096,0]
[0,0,67108864,0,65536,0,0,0,0,0,4096,0,0,0,0,0]-[0,67371024,1073741824,4194816,0]
[0,0,0,536870912,0,0,0,0,16777216,0,4096,0,0,0,0,0]-[0,2147483648,65664,0,4096]
[33554432,0,67108864,0,0,256,0,0,1048576,0,0,0,0,0,0,0]-[65536,512,1073741840,0,0]
[0,0,0,0,0,0,0,8,1048576,0,0,0,0,536870912,0,0]-[262144,4194304,0,0,192]
[0,0,67108864,0,2,0,64,0,0,0,0,0,0,32,0,0]-[0,8,65536,320,0]
[0,0,8388608,0,0,0,0,16,0,0,0,0,1048576,0,0,0]-[0,2048,134217728,2149580800,0]
[0,0,0,0,0,0,0,0,0,0,4096,1024,0,0,0,0]-[0,67108864,268435456,0,16392]
[0,0,67108864,0,131072,256,0,0,16777216,0,4096,0,0,0,0,0]-[524288,0,16384,32768,128]
[0,0,0,0,0,67108864,0,0,0,0,0,524288,0,0,0,0]-[16,0,65536,8192,2]
[524288,0,67108864,0,0,0,0,0,1048576,0,0,0,1048576,0,0,0]-[2147485700,16,0,0,0]
[0,67108864,0,4194304,0,0,0,0,0,0,0,0,0,0,0,0]-[4,0,0,128,264192]
[0,0,0,0,67108864,0,0,16,1048576,0,0,32,0,0,0,0]-[2147483648,0,64,2181038080,0]
[0,0,0,0,0,8192,0,0,0,268435456,0,0,0,0,0,0]-[536870912,2048,0,1074036864,4096]
[0,0,67108864,0,100663296,0,0,0,1048576,0,4096,0,0,0,0,0]-[8912896,1024,0,0,16384]
[0,0,67108864,0,0,128,8192,0,0,0,0,0,0,0,0,0]-[65536,67108864,0,64,1]
[0,0,67108864,128,0,0,0,0,2097152,0,0,0,0,0,0,0]-[134217728,65536,0,0,524289]
[128,0,0,0,0,0,0,0,4194304,0,0,0,0,0,0,0]-[0,139265,524304,67108864,262144]
[0,4194304,0,0,0,0,0,0,0,0,4096,0,0,0,0,0]-[1082654784,4325376,1107300352,81920,4096]
[0,0,0,0,8388608,0,0,0,0,0,268435456,0,0,0,0,0]-[0,16384,278544,2097152,0]
[0,0,0,0,65536,0,0,0,1048576,0,0,0,0,128,0,0]-[16400,262144,0,512,1152]
[512,0,0,0,0,256,0,0,0,0,0,0,0,0,0,0]-[65616,0,131072,0,0]
[0,0,67108864,0,0,0,0,0,0,0,4096,0,8,128,0,0]-[0,0,2148007936,16,524288]
[0,0,67108864,0,0,0,0,16,17825792,0,0,0,0,0,0,0]-[0,544,0,2281701569,128]
[0,0,0,0,0,0,0,0,1048576,2097152,0,0,1048576,128,0,512]-[1,1048608,1,0,0]
[0,0,0,0,0,0,0,16777216,0,1,0,0,0,0,0,0]-[2,0,0,49153,0]
[0,128,0,0,0,0,0,0,0,0,4096,0,0,0,32768,0]-[256,1,1073741888,0,0]
[0,0,0,0,0,0,0,0,1048576,0,0,0,0,128,8192,0]-[131072,8388608,1,67113088,1024]
[0,0,0,0,0,0,64,0,0,0,4096,0,262144,0,0,0]-[16384,604110852,128,256,2]
[0,0,67112960,0,0,0,0,0,0,0,4096,0,0,0,0,0]-[65536,8448,0,0,128]
[0,0,0,0,0,1048576,0,0,135266304,0,0,0,1048576,0,0,0]-[4,0,64,128,131072]
[0,67108864,0,0,0,8192,0,0,0,0,0,0,0,0,0,0]-[4718592,0,134217728,0,8]
[0,0,0,0,0,0,0,0,65536,0,4096,0,1048576,0,0,0]-[0,32,1,4194304,8]
[64,0,0,0,0,0,8,0,0,0,0,0,0,0,0,0]-[1048577,0,0,8389632,0]
[0,0,67109888,0,0,0,0,0,0,0,0,0,0,2048,0,0]-[0,8,16384,4096,524288]
[0,0,0,0,0,33554432,0,0,0,33554432,4096,134217728,1048576,0,0,0]-[0,4,1,4096,16384]
[0,32768,0,0,0,0,0,16,0,0,0,0,0,0,0,0]-[0,4,2147483648,0,262145]
[2048,0,0,0,0,0,0,0,0,0,6144,0,0,0,0,0]-[64,0,1073741824,33554432,32]
[0,0,16777216,0,0,0,8192,0,0,0,0,0,262144,0,0,0]-[0,32770,1048576,1024,0]
[0,0,0,0,0,0,0,0,0,0,0,2147483648,0,128,0,0]-[0,276826368,409600,64,0]
[0,0,0,0,0,0,0,0,134217728,0,0,0,256,0,0,0]-[805306368,524544,8388609,4196352,524424]
[0,0,0,0,0,64,0,0,134217728,0,0,0,0,128,0,0]-[268451928,1050624,8388610,32,525440]
[0,0,67108864,0,0,0,65536,0,0,0,0,0,0,0,0,0]-[86507560,624952320,3523216388,33558592,133189]
[0,0,67108864,0,0,0,0,0,16777216,16777216,4096,0,0,0,33554432,0]-[524288,0,512,4104,128]
[0,0,67108864,0,0,0,8192,16777216,0,0,0,0,1048576,128,0,0]-[32768,0,2097152,2097664,0]
[0,0,0,0,0,0,0,128,0,0,4096,0,0,0,0,0]-[0,536879108,134217728,16384,32]
[0,0,0,0,0,0,0,16,1048576,0,0,0,0,0,0,256]-[16,32,64,33554432,0]
[4096,0,67108864,0,0,256,0,0,0,0,0,0,0,0,0,0]-[0,8448,16,134217728,0]
[0,0,16777216,0,0,8192,0,0,0,0,0,0,0,0,0,0]-[10485800,1342216448,134514176,1895890944,32899]
[0,0,0,0,0,0,0,0,0,0,0,8224,0,0,0,0]-[0,33554432,131072,8192,128]
[0,256,0,0,0,0,0,16,0,0,4096,0,0,0,0,0]-[0,0,16777216,16,264192]
[0,0,0,0,0,0,0,256,1048576,0,0,1024,0,0,0,0]-[0,0,33554432,536871488,0]
[0,0,0,0,0,0,0,0,16777216,0,0,0,0,0,0,2048]-[2,0,65920,32833,8]
[0,0,0,0,0,0,0,1024,0,0,4096,0,67108864,128,0,0]-[262208,16777216,0,128,0]
[0,0,0,0,262144,0,0,0,0,0,4096,0,0,0,0,4096]-[0,16,1,4,2]
[0,268435456,0,0,0,0,0,0,2048,0,0,0,0,0,0,0]-[512,8,67108864,0,8192]
[0,0,67108864,0,16777216,0,0,0,0,0,4096,0,8,0,0,0]-[67108864,0,2148007936,134217728,0]
[0,0,0,0,0,0,8256,0,0,0,0,0,0,128,0,0]-[2359296,64,0,536870912,0]
[0,0,67108864,0,0,256,0,0,0,32768,0,0,0,0,0,0]-[65536,4096,4096,2097152,0]
[0,0,0,0,0,0,0,0,0,0,1073741824,0,1073741824,0,0,0]-[33554432,2176,512,0,0]
[0,0,0,0,0,8388608,0,0,0,0,0,0,0,0,134217728,0]-[536870913,0,536870912,0,65536]
[0,4,0,0,0,0,0,0,1048576,0,0,0,1048576,0,0,0]-[33554692,0,0,32,0]
[0,0,0,0,0,0,0,0,0,0,262144,0,0,0,134217728,0]-[1073741824,524290,4194304,0,0]
[0,0,0,0,1073741824,0,0,16,0,0,0,0,0,0,0,0]-[512,90144,131328,33556489,8192]
[0,0,0,0,0,0,32,0,0,0,0,32,0,0,0,0]-[512,268435456,65538,327680,0]
[0,0,0,0,0,0,0,0,0,1073741824,4096,0,1048576,128,0,0]-[0,0,2,2,524292]
[0,0,67633152,0,0,0,0,0,16777216,0,0,0,0,0,0,0]-[524288,256,2147483648,0,64]
[0,0,0,0,0,0,33554432,0,0,0,0,0,0,0,8192,0]-[262144,0,1024,2,8192]
[0,0,67108864,0,0,0,0,0,0,0,0,0,1048576,0,0,2048]-[1,4096,0,155189248,0]
[0,0,0,0,0,0,0,8,0,0,0,0,0,0,0,32768]-[16,8192,2147483648,1048576,0]
[0,128,0,1,0,0,0,0,0,0,0,0,0,0,0,0]-[25165824,1048578,268435456,1048576,128]
[0,0,67108864,0,0,0,67108864,8,0,0,0,0,0,0,0,0]-[0,20544,0,8192,524288]
[0,536870912,0,0,0,256,0,0,1048576,0,0,0,1024,0,0,0]-[0,0,541065216,8320,0]
[1024,0,0,65536,0,0,0,0,0,0,0,0,0,0,0,0]-[67108864,0,0,268435456,2097408]
[0,0,0,8,0,0,8192,0,1048576,0,0,0,0,0,0,0]-[1,128,32,32,0]
[0,0,0,0,0,0,0,0,134217728,131072,0,0,0,0,0,0]-[536871424,536870912,536870912,0,0]
[0,0,0,0,0,0,0,16,16777216,0,0,0,0,4096,0,0]-[0,1048576,131072,2048,16384]
[128,0,0,0,0,0,0,0,0,0,0,0,0,268435456,0,0]-[0,100663296,2048,0,8]
[0,0,0,0,0,0,0,8,0,0,268435456,0,1048576,0,0,0]-[0,192,96,0,0]
[0,0,0,0,0,0,0,0,0,0,4096,288,0,0,0,0]-[0,0,268435456,67584,4096]
[0,0,0,0,0,0,0,16,1048576,0,0,0,0,16,0,0]-[0,0,16777280,64,8192]
[0,0,256,0,0,0,0,0,0,0,4096,0,1048576,0,0,0]-[0,67108864,134217744,0,2]
[0,0,67108864,0,0,0,0,0,0,0,0,2048,262144,0,0,0]-[0,2147483904,268436480,0,0]
[0,0,0,0,131072,0,0,16,0,0,64,0,0,0,0,0]-[1073741825,0,128,2,0]
[0,0,0,0,0,2147483648,0,0,1048576,0,0,0,262144,64,0,0]-[0,536870916,1,32,0]
[128,8388608,0,0,0,0,0,0,0,0,0,0,0,0,0,0]-[671089152,271632,0,269484032,18]
[0,0,0,0,0,0,1048576,0,0,0,0,0,0,536870912,33554432,0]-[1048580,4,0,64,0]
[0,33554432,100663296,0,0,0,0,1073741824,0,0,0,0,0,2048,0,0]-[32,67108864,0,16,128]
[0,0,0,0,0,0,0,0,0,8388608,0,0,0,2,0,0]-[0,4096,2048,16777216,8192]
[16,0,0,131072,0,0,0,0,0,0,0,0,0,128,0,0]-[0,1024,0,2097280,262144]
[0,0,0,0,67108864,0,0,0,0,0,128,0,0,0,0,0]-[1073750048,0,35651584,8208,8]
[0,0,0,0,0,0,0,0,0,0,1073741824,0,1,0,0,0]-[8192,2097152,16778244,0,0]
[0,0,67108864,0,0,0,0,0,0,0,0,536870912,0,0,0,0]-[176685126,2231714941,104712,190579296,2229462]
[0,0,0,0,0,0,8192,0,0,0,0,0,0,0,512,0]-[68157440,131072,4,0,0]
[0,0,0,0,0,16448,0,0,0,0,0,0,1048576,0,0,0]-[192,512,0,0,160]
[128,0,0,0,0,256,0,0,67108864,0,0,524288,0,0,0,0]-[0,0,536870912,16785416,0]
[0,0,67108864,33554432,0,256,0,16,0,0,0,0,0,0,0,0]-[0,0,532480,16777224,0]
[0,0,0,0,0,24576,0,0,0,0,4096,0,0,0,0,0]-[2097152,2147483648,0,262144,32]
[0,64,0,0,0,0,0,0,1048576,0,0,0,0,0,0,0]-[2149580800,549519360,32769,335552512,131136]
[0,0,67108864,0,0,8388864,0,16,0,0,0,0,0,0,0,0]-[524288,32,0,64,16]
[0,0,67108864,0,0,0,0,0,0,0,0,0,0,192,0,0]-[72,537133056,2147491840,32,655360]
[0,1048576,0,0,0,0,0,0,0,0,0,0,0,128,0,0]-[1409286272,104857928,1074798720,268435972,263172]
[0,0,67108864,0,67108864,256,0,8,0,0,0,0,0,0,0,0]-[0,33554688,0,2359296,0]
[0,0,0,0,0,0,0,0,536870912,0,1073741824,0,0,0,0,0]-[65536,0,131074,0,524288]
[0,0,0,0,0,0,0,0,1048576,0,0,64,1048576,0,0,0]-[2304,0,0,2050,0]
[0,0,0,0,0,0,0,16,1048576,0,0,0,0,536871040,0,0]-[0,8388608,8421376,32,0]
[0,0,0,0,4,262144,0,0,0,0,0,0,0,0,0,0]-[0,16777344,589824,0,0]
[0,0,0,0,0,0,0,0,1048576,0,2097152,33554432,0,0,0,0]-[0,4194308,0,0,8320]
[128,0,0,0,0,0,0,0,1048576,0,1048576,0,0,0,0,0]-[262144,268500992,8,0,0]
[0,0,0,0,0,0,0,1,16777216,0,0,0,0,0,0,0]-[16384,0,512,268435456,524288]
[0,0,67108864,0,0,0,128,0,1179648,0,0,0,0,0,0,0]-[0,0,0,8704,524289]
[2048,0,0,0,65536,0,0,0,0,0,0,0,0,0,0,0]-[33554432,16384,0,256,4096]
[0,0,0,0,0,0,0,0,0,1048576,0,0,0,640,0,0]-[0,268566528,1074003968,0,0]
[0,0,16,0,0,0,0,16,0,0,0,0,0,128,0,0]-[0,2048,0,2080,1048576]
[0,0,0,0,0,16384,0,0,0,1,0,0,0,0,0,0]-[0,4194306,16777728,0,0]
[0,0,0,2097152,0,0,0,0,0,0,0,0,0,128,0,0]-[268697601,1611661312,8196,262144,131136]
[0,524288,67108864,0,0,0,0,16,0,0,0,0,0,0,0,0]-[0,4096,2097152,64,2048]
[0,0,0,8,0,0,0,0,2048,0,0,0,0,0,0,0]-[134217744,0,0,0,257]
[0,0,67108864,0,0,0,2097152,0,1048576,0,0,0,0,128,0,0]-[1,536936448,40960,136314880,524288]
[0,0,67108864,0,0,0,0,0,16384,0,16384,0,0,128,0,0]-[2,0,4,64,524288]
[0,0,0,0,0,0,0,0,0,0,0,0,264,0,0,0]-[264,0,1073741824,0,256]
[0,0,0,16384,0,256,0,0,0,0,0,0,0,0,0,0]-[256,301990912,268566528,134217728,0]
[0,0,67108864,16384,0,0,0,0,0,0,0,0,0,128,0,0]-[35651584,2048,0,0,64]
[0,0,0,0,0,16384,0,8388608,0,0,0,0,0,0,0,0]-[67108864,1048576,1572864,0,0]
[0,0,0,0,0,0,0,0,0,16384,4096,0,0,128,0,0]-[0,67108864,128,4096,65536]
[128,0,0,0,2,0,0,16,0,0,0,0,0,0,0,0]-[262144,0,0,131074,64]
[0,0,0,0,0,0,0,0,0,0,0,0,0,65664,0,0]-[2418025496,218435748,538976388,1745354753,0]
[0,0,0,0,0,0,0,0,0,0,4096,0,0,64,0,0]-[1073742080,67109120,512,0,0]
[0,0,67108864,4096,67108864,0,0,0,0,0,0,0,0,0,0,0]-[134217728,16777220,268435456,0,0]
[0,0,0,256,0,16384,0,0,0,0,0,0,0,0,0,0]-[32,67108866,8192,0,0]
[0,0,67108864,0,0,0,0,0,0,0,0,0,0,128,0,0]-[2684346111,4159176573,4143710142,4294819839,4189687]
[524288,0,67108864,0,0,0,0,0,0,16777216,0,0,0,536870912,0,0]-[0,268435456,0,2147483648,2228224]
[0,0,0,0,0,0,0,0,0,0,4096,33554432,0,0,0,0]-[262144,570425344,0,335823880,4096]
[128,0,67108896,0,0,64,0,0,1048576,0,0,0,0,0,0,0]-[0,256,0,2147483649,4]
[0,0,0,0,0,0,0,0,1048576,0,528385,0,0,128,0,0]-[2113536,536870912,0,128,0]
[0,0,0,0,0,0,0,0,1048576,0,0,0,1064976,0,0,0]-[0,0,8,268437504,16]
[0,0,0,0,0,256,0,0,0,0,33554432,0,0,128,0,0]-[131072,0,131072,0,1088]
[0,0,0,0,0,0,0,0,0,0,0,1073741824,0,0,67108864,0]-[1073741824,524288,0,0,1049088]
[0,0,0,0,0,0,0,0,0,0,0,0,0,0,33554944,0]-[8388736,0,67108864,131072,0]
[0,32,0,0,0,0,0,0,16777216,0,0,0,1048576,0,0,0]-[1073741824,0,0,262176,4]
[0,0,2,0,0,0,8192,0,0,0,0,0,262144,0,0,0]-[0,67117056,536870912,0,1048576]
[0,0,0,0,0,32,0,0,0,0,131072,0,0,0,0,0]-[2,0,0,33554560,8192]
[0,0,67108864,0,0,0,0,0,0,0,0,16384,1048576,128,0,0]-[64,285212672,0,0,1024]
[0,0,0,0,0,0,0,0,1048576,8192,1073741824,0,0,0,0,0]-[0,65536,16777216,2560,0]
[0,128,0,0,0,8192,0,0,0,0,0,16777216,0,128,0,0]-[4,0,2359296,262144,0]
[0,0,0,33554432,0,0,0,0,0,0,4096,0,0,0,0,0]-[268976640,570466308,513,200704,4224]
[0,0,0,0,0,0,0,16,1048576,0,0,0,262144,128,0,0]-[0,1048576,32768,2097152,8192]
[0,0,0,0,0,64,0,0,16,0,0,0,0,0,0,0]-[268500992,524288,0,0,128]
[0,0,67108864,0,0,2097152,0,0,0,0,0,0,0,0,0,0]-[2173210666,312576,99840,8229,82948]
[0,0,67108864,0,0,8384,0,0,0,0,0,0,0,0,0,0]-[16777216,8192,32768,0,256]
[128,0,0,0,0,0,0,64,0,0,0,0,0,128,0,0]-[0,0,8404992,64,32]
[0,4,67108864,0,67108864,0,0,0,1048576,0,0,0,0,0,0,512]-[2181038084,0,0,33554432,0]
[0,0,67108864,0,0,0,0,16,0,0,0,0,0,0,0,32]-[0,538968064,16,32768,0]
[0,0,0,0,0,0,0,0,0,0,0,0,262144,4,0,0]-[16,16781314,0,0,0]
[0,0,67108864,0,0,64,0,0,0,0,268435456,32,0,0,0,0]-[2,0,0,2147491840,128]
[0,0,2,0,0,8192,0,0,0,0,0,0,0,0,0,0]-[65544,2048,0,0,32]
[0,0,67108866,0,0,0,0,16,134217728,0,4096,0,0,0,0,0]-[8390656,65,0,0,0]
[2048,0,67108864,0,0,0,0,0,0,0,0,0,0,536870912,67108864,0]-[0,272631808,0,256,0]
[0,0,67108864,0,0,0,64,16,0,0,0,0,0,128,0,0]-[2048,64,524320,0,0]
[0,0,0,16777216,0,0,8192,0,0,0,0,0,0,0,0,0]-[1073807362,67108992,512,33792,25]
[0,0,0,0,0,0,0,0,1048576,0,0,0,1048576,0,1073741824,0]-[131073,33554464,0,0,64]
[0,0,0,0,0,0,0,16,0,1073741824,0,0,0,0,8,0]-[603979776,16777216,1024,0,0]
[0,0,0,0,33554432,0,0,0,16777216,0,0,0,0,0,0,0]-[33554432,0,131072,33816576,0]
[131072,8192,0,0,0,0,0,0,0,0,0,0,0,0,0,0]-[2147483648,0,0,8388608,32776]
[0,0,16777216,524288,0,0,0,0,0,0,0,0,262144,0,0,0]-[268435456,0,32896,0,2]
[0,0,0,0,0,8192,65536,0,134217728,0,0,0,0,0,0,0]-[16,545259520,0,0,2048]
[0,0,67108864,0,0,0,0,0,0,0,262144,524288,0,0,0,0]-[134217730,0,0,8224,0]
[0,0,67108864,0,0,4096,0,0,0,0,0,0,0,128,0,0]-[2,16779264,32,262160,131136]
[0,0,67108864,0,536870912,0,0,0,0,0,0,0,1048576,0,0,0]-[0,512,8192,3145728,17408]
[0,0,0,0,0,0,0,0,16777216,0,0,0,0,131072,0,0]-[33554688,0,0,33554436,0]
[0,2,0,0,0,0,0,0,0,1024,0,0,0,0,0,0]-[0,1,0,2147485696,2]
[128,0,83886080,0,0,0,0,0,0,0,4096,0,0,0,0,0]-[8454144,0,16,0,32768]
[4194304,0,262144,0,0,256,0,16,1048576,0,0,0,0,0,0,0]-[0,8388608,0,402653184,1]
[0,0,0,0,0,8192,0,16,8,0,0,0,0,0,0,0]-[0,4096,536870912,16,16384]
[0,0,67108864,0,0,0,0,16,0,0,0,0,0,33554560,0,0]-[1,262144,32,8,0]
[0,0,0,256,0,536870912,0,0,0,0,0,0,0,0,0,0]-[671088640,524544,0,0,0]
[0,0,67108864,0,0,0,0,0,0,536870912,0,0,0,0,0,0]-[8912896,6291488,69632,1048576,0]
[128,0,0,0,0,32,0,0,0,0,4096,0,1048576,0,0,0]-[16384,0,33554432,196608,0]
[0,0,0,0,0,64,0,0,1048576,0,536870912,0,0,0,0,0]-[0,128,8192,2147483648,4]
[0,0,0,4,0,0,0,0,1048576,0,0,0,1048576,0,0,0]-[128,32,0,256,64]
[0,0,0,0,67108864,0,0,0,0,0,0,0,1310720,0,0,0]-[16384,67125248,1,0,0]
[128,0,0,0,0,0,0,0,0,0,536870912,0,0,0,4,0]-[1073741824,0,0,16448,64]
[128,0,0,0,0,0,67108864,0,0,0,0,0,0,0,0,0]-[0,2147500032,128,0,1048576]
[0,0,0,0,0,0,0,16,0,0,0,0,4096,0,0,0]-[268436481,8388608,1073742852,16512,8192]
[0,0,67108864,0,16777216,0,0,0,0,0,0,0,0,0,0,0]-[2374500363,2785315840,3226994960,134754376,215124]
[0,0,0,0,0,0,0,16,16777216,0,4096,0,0,0,0,0]-[1082146816,8225,576,33556480,16416]
[536870912,0,2,0,0,0,0,0,0,0,4096,0,0,0,0,0]-[0,0,65728,0,2]
[0,0,0,0,0,0,64,0,1048576,0,0,0,32768,0,0,0]-[0,262144,0,1073742336,256]
[0,0,67108864,0,0,0,0,0,0,0,0,0,0,1048704,0,0]-[2147483648,4112,67174400,524288,0]
[0,0,67108864,0,0,0,0,0,1048576,0,0,0,0,262144,0,0]-[2097185,264,1024,2147549184,0]
[0,0,0,0,0,0,0,0,8192,0,0,0,0,0,33554432,0]-[0,4194432,536870912,0,2]
[0,0,67108864,0,33554432,0,0,0,0,0,0,0,1048576,0,0,0]-[0,8,0,33554432,32832]
[0,0,67108864,0,0,0,8192,24,0,0,0,16777216,0,0,0,0]-[0,0,0,16,1050625]
[0,0,0,0,0,8192,0,0,1572864,0,0,0,0,128,0,0]-[16,327680,0,512,0]
[0,0,0,0,0,0,0,0,0,0,0,1073741824,1048576,0,0,0]-[1074003968,133652,512,603981848,197120]
[4,131072,0,0,0,0,0,0,0,0,0,0,0,0,0,0]-[0,8,1073741824,8388612,0]
[0,0,0,0,0,0,2147500032,0,0,0,0,0,0,0,0,0]-[0,524800,512,65536,0]
[0,0,0,0,0,0,0,0,0,0,262144,0,64,0,0,0]-[0,0,0,8523776,2]
[0,0,0,0,33554432,0,0,0,33554432,0,0,0,0,128,0,0]-[33554433,16777216,1179776,604241952,360544]
[0,2097152,0,0,0,0,0,0,0,0,67108864,0,0,536871040,0,0]-[16384,2049,131072,0,4]
[0,268435456,0,0,0,0,0,0,0,0,0,0,0,0,67108864,0]-[67108880,32768,67584,4160,262144]
[0,0,67108864,0,0,0,0,16,0,0,4096,0,1048576,0,0,0]-[25169985,88080493,1073745936,37785864,2113664]
[0,0,0,0,0,0,8192,24,0,0,0,0,0,0,0,0]-[0,0,0,268435472,1050624]
[0,0,0,0,0,0,8192,0,0,8,0,0,0,0,0,0]-[33554432,67108864,64,0,1]
[0,0,67108864,0,0,0,0,0,0,0,0,0,1048576,131072,0,0]-[0,0,4096,4,32832]
[0,0,0,512,0,0,0,0,1048576,0,0,0,0,0,0,0]-[262144,0,64,1,8192]
[0,0,67108864,0,0,256,0,0,0,0,134221824,32,0,0,0,0]-[65536,0,4096,262148,0]
[0,0,67108864,0,0,0,0,0,16777216,0,67108864,0,0,0,0,0]-[67108868,0,2097152,8192,3276801]
[16,0,0,0,0,0,0,1073741824,0,0,0,0,8,0,0,0]-[262400,1048576,512,0,0]
[128,0,0,0,67108864,256,0,0,0,0,0,0,0,0,0,0]-[1073741824,2048,0,8193,0]
[0,0,0,2048,0,0,0,16,0,0,0,0,0,0,0,0]-[66560,16448,134217728,268435456,2097153]
[0,0,0,16,0,0,0,0,1048576,0,0,32,0,0,0,0]-[0,33554432,0,3223322624,0]
[0,0,0,0,0,0,0,0,0,0,0,524288,1310720,0,0,0]-[536870976,0,0,1048576,64]
[0,0,0,0,0,0,4096,0,0,0,0,0,0,128,0,0]-[98433,526336,16810048,1082138880,0]
[2,0,0,0,0,8192,0,0,0,0,0,0,0,0,0,4096]-[0,16777216,0,268435456,32769]
[8388608,0,0,0,0,0,0,0,8192,0,0,0,0,0,0,0]-[0,134217728,1073741824,8388624,0]
[0,0,67108864,0,0,256,0,0,0,0,0,4096,0,0,0,0]-[0,268439552,0,134479872,0]
[0,0,0,0,0,512,0,0,0,0,0,0,0,0,67108864,0]-[256,268435456,16384,0,32768]
[0,0,67108864,0,0,64,0,0,134217728,0,0,0,0,536871040,0,0]-[2112,0,0,0,192]
[0,0,0,0,0,8192,0,0,0,0,0,0,1048576,128,33554432,0]-[4,0,536870916,8388608,0]
[0,0,0,0,0,0,0,0,0,0,33554432,0,0,0,64,0]-[1024,8,0,67584,0]
[0,0,0,0,0,1073741824,0,0,0,0,0,8,0,0,0,0]-[0,2147483648,131072,262144,32768]
[0,0,67108864,0,67108864,0,0,0,0,0,2147483648,0,0,0,0,0]-[32,262144,32768,8192,0]
[0,0,0,0,0,0,0,0,0,0,131072,0,1048576,160,0,0]-[32768,268437504,1,0,0]
[0,0,67108864,0,0,256,0,0,0,0,0,256,0,0,0,0]-[524288,67108864,8,1,0]
[0,0,67108864,0,0,256,0,0,16777216,0,0,0,262144,0,0,0]-[0,13312,0,2097408,0]
[0,0,0,0,0,0,64,16384,0,0,0,0,0,0,0,0]-[0,4097,536870912,0,4]
[4,0,0,0,0,0,64,0,1048576,0,4096,0,262144,0,0,0]-[2113536,4,128,0,0]
[0,0,0,0,0,0,0,16,1048576,0,0,0,1048576,128,0,0]-[49152,277938208,0,203427856,1056896]
[0,0,67108864,0,0,0,0,0,134217728,0,33554432,0,0,0,0,0]-[33,163840,32768,1048768,0]
[0,0,8,0,0,0,0,0,1048576,0,0,0,0,128,0,0]-[2097168,0,32768,1073741824,0]
[0,0,67108864,0,67108864,0,0,0,1048576,0,4096,0,0,0,0,0]-[67584,37749008,1107296256,4864,128]
[1024,0,0,0,268435456,0,8192,0,0,0,0,0,0,0,0,0]-[1048576,0,671088640,2048,0]
[128,0,67108864,0,0,0,0,0,0,0,0,0,262144,0,0,0]-[64,805428224,33587208,33554432,256]
[0,0,0,0,0,64,0,0,0,0,0,32,0,128,0,0]-[268468227,0,655360,0,3145888]
[0,268435456,67108864,0,0,64,0,0,0,0,0,0,0,128,0,0]-[2147483648,4096,8,1,0]
[0,0,0,0,0,0,0,0,0,0,4096,0,1048576,1024,0,0]-[287309824,0,0,0,32]
[0,0,67108864,32,0,0,8192,0,1048576,0,0,0,0,0,0,0]-[2147483648,256,0,288,0]
[0,0,0,0,0,0,0,0,0,0,0,0,0,160,33554432,0]-[131072,536870912,0,262176,0]
[32,0,67108864,0,0,0,0,0,134217728,0,0,32,0,0,0,0]-[0,536870920,0,256,1024]
[0,0,67108864,0,0,0,8192,0,1048576,0,0,1073741824,1048576,0,0,0]-[2147483648,0,32,96,0]
[0,276824064,0,0,0,0,0,0,0,0,4096,0,0,0,0,0]-[0,0,513,36864,0]
[0,0,0,0,0,0,8192,0,0,0,131072,0,0,0,0,0]-[8192,0,536870912,301989888,0]
[0,0,2147483648,0,0,0,0,0,0,0,4096,0,0,0,0,0]-[0,67109120,0,4,4096]
[0,0,0,0,0,0,0,0,0,8192,0,0,1048576,0,0,0]-[128,2064,4096,8390673,110592]
[0,0,0,0,0,0,0,0,134217728,0,0,0,0,8192,0,0]-[0,262144,1073741824,16384,256]
[0,134217728,83886080,0,0,0,0,0,0,0,0,0,0,0,0,0]-[67108864,536870912,0,524544,0]
[0,0,0,0,0,0,8192,0,134217728,0,0,0,262144,128,0,0]-[0,536870913,536870912,32,0]
[256,0,0,0,0,0,0,0,0,0,0,0,0,536871040,0,0]-[1048578,0,128,0,4]
[0,0,67108864,0,0,0,0,0,1048704,0,0,0,0,0,0,0]-[0,512,33554432,34078912,524352]
[0,0,0,0,0,64,0,0,134217728,0,0,0,2048,0,0,0]-[0,2,16,0,16640]
[0,0,0,0,0,0,0,0,0,1,0,0,4096,0,0,0]-[512,16,131072,65536,0]
[0,0,0,0,0,0,0,0,1048576,0,0,0,512,0,0,0]-[0,8388608,2080,67117057,384]
[128,0,0,0,262144,0,0,0,0,0,0,0,1048576,0,0,0]-[512,0,536870920,32768,0]
[0,268435456,0,0,0,0,0,0,0,0,0,0,1048576,0,0,0]-[538050688,8488986,186908680,2147880960,2097280]
[0,256,0,0,0,256,0,0,0,0,0,0,0,0,0,0]-[72,100663296,16916484,16384,0]
[0,0,67108864,0,2147483648,0,0,0,0,0,4097,0,0,0,0,0]-[0,8224,268435456,0,2097152]
[0,0,0,0,0,8192,0,0,134217728,0,0,0,0,128,0,0]-[16,8388864,2,0,0]
[0,0,67108864,0,0,0,0,0,0,16,0,0,0,0,0,0]-[2147487840,639646208,7866384,4198981,3342338]
[0,0,0,0,0,0,0,0,134217728,1048576,0,0,0,0,0,0]-[268435520,134217728,0,32,0]
[0,256,67108864,0,0,0,0,0,0,0,0,0,0,128,0,0]-[0,268566784,0,512,0]
[0,0,0,0,0,0,0,67108880,0,0,0,0,0,0,0,0]-[1536,536870914,0,17,2363392]
[0,0,0,0,0,0,0,0,131072,0,4096,0,0,0,0,0]-[67391488,0,3229614722,16386,0]
[0,0,67108864,0,32768,0,0,0,0,0,4608,0,0,0,0,0]-[2097152,0,4096,1024,2097152]
[0,0,67108864,0,0,0,0,0,0,256,0,0,0,0,0,0]-[4194371,2147929129,3288858928,2183405572,164884]
[1024,0,0,0,0,0,0,0,1048576,0,0,0,8,0,0,0]-[0,0,1073741952,0,257]
[0,0,0,0,0,0,33554432,16,0,0,0,0,1048576,0,0,0]-[64,8388608,4096,0,32]
[0,0,0,131072,0,0,0,0,2147483648,0,0,0,0,0,0,0]-[272629760,0,0,2097152,32]
[0,0,0,0,0,16,0,0,1048576,0,0,0,0,128,0,0]-[262144,1073741856,524288,805306880,131072]
[0,0,0,0,0,512,0,0,0,0,0,0,1048576,0,0,0]-[33554944,128,0,0,1]
[0,0,131072,0,0,0,0,0,0,0,0,0,0,0,16777216,0]-[0,268435456,134217728,8388608,512]
[0,0,0,0,0,320,0,0,1048576,0,0,0,3145728,0,0,0]-[0,67108864,0,16908288,262144]
[1,0,67108864,0,0,0,0,16,0,0,0,0,0,0,0,0]-[0,8,2134272,134217728,0]
[128,0,0,0,0,0,0,0,67108864,0,0,0,0,0,0,0]-[256,0,65540,0,65536]
[8,0,67108864,0,0,0,33554432,0,0,0,0,0,0,0,0,0]-[2,0,1052672,1052672,0]
[0,0,67108864,134217728,0,0,0,0,0,0,0,524288,0,0,0,0]-[33554432,16777216,0,262144,1]
[0,0,1048576,0,0,0,0,0,1048576,0,0,0,1048576,0,0,0]-[0,33554432,33554432,1048576,8192]
[0,0,0,0,0,0,0,0,1073741824,0,0,0,1048576,0,0,0]-[0,100663810,136577024,135680,8200]
[0,0,0,0,512,0,0,256,0,0,4096,0,0,0,0,0]-[524288,1024,8388608,0,2097152]
[0,0,0,0,1073741824,256,0,0,0,0,0,0,1,0,0,0]-[0,2097184,1024,16384,0]
[262144,0,0,0,0,0,0,0,1048576,0,0,0,0,0,33554432,0]-[16,33554432,0,68157440,0]
[0,0,67108864,0,67108864,64,0,0,0,0,0,0,0,0,0,0]-[2080,2147489872,2101252,1049089,2621568]
[0,0,0,0,0,0,0,0,0,0,0,16,262144,0,0,0]-[16384,8192,2097152,0,524288]
[128,0,0,0,0,0,0,0,0,0,4096,0,8,0,0,0]-[1073758208,0,8388608,16384,0]
[0,268435456,0,32,0,64,0,0,0,0,0,0,0,0,0,0]-[2147483664,4096,8,0,0]
[0,1048576,0,0,0,0,0,8,0,0,0,0,0,0,0,0]-[1073741824,134217984,0,4,0]
[0,0,0,0,0,0,0,0,1048576,0,4194304,0,0,128,67108864,0]-[1073741824,134221824,0,16777216,0]
[0,0,0,0,0,0,0,0,1048576,1048576,4096,0,262144,0,0,0]-[16384,536870916,1,0,0]
[0,0,67108864,2048,0,0,8192,0,0,0,0,0,1048576,128,0,0]-[0,2048,0,12,64]
[0,1073741824,0,32,0,0,0,0,0,0,0,0,0,0,0,0]-[2097152,4096,144,0,0]
[0,0,0,0,0,0,64,0,0,0,0,0,0,1048576,0,0]-[18432,524292,0,0,0]
[0,0,0,0,0,64,0,0,256,0,0,0,0,0,0,0]-[536870912,2064,4096,0,0]
[0,0,0,0,0,0,64,0,0,0,0,0,65536,0,0,0]-[1310720,0,128,1048576,0]
[128,0,0,0,0,0,0,4194320,0,0,0,0,0,0,0,0]-[16384,0,131072,2147500032,0]
[1081344,0,67108864,0,0,0,0,0,0,0,0,0,1048576,0,0,0]-[16777216,65536,0,0,16448]
[0,0,67108864,33554432,0,0,0,0,0,0,0,8,0,0,0,0]-[0,196616,0,0,64]
[0,0,0,0,0,0,0,24,1048576,0,0,32,0,0,0,0]-[0,0,2048,268435472,16]
[0,0,0,0,0,0,64,0,0,0,0,0,0,0,16777216,0]-[0,512,8194,16777216,65536]
[0,512,0,0,0,0,0,0,0,0,4096,0,0,0,0,0]-[512,16777220,1073741824,0,0]
[0,0,67108864,0,0,0,262144,0,0,0,0,0,0,0,0,0]-[46170113,537264128,33646624,84,1081413]
[0,0,0,262144,0,0,0,0,0,0,67108864,0,0,0,0,0]-[16384,8192,67108864,0,4]
[0,0,67108864,0,0,0,0,0,134217728,0,0,0,0,128,268435456,0]-[0,64,1073741824,0,525312]
[0,0,0,0,0,8192,0,0,0,0,0,0,0,524288,0,0]-[65536,32768,4,0,8]
[0,0,0,0,0,0,0,0,0,0,4096,0,262400,0,0,0]-[524288,1,0,100663296,0]
[0,0,67108864,0,0,0,0,8,0,0,0,0,0,0,0,0]-[2279643183,862453617,3327778616,2319299039,3770837]
[0,0,0,0,0,0,0,16,0,2097152,0,0,0,536870912,0,0]-[16,2048,512,256,0]
[0,8,0,0,0,0,0,0,1048576,0,0,0,0,0,0,0]-[0,8389376,1073752089,1088,8192]
[0,0,0,8,0,0,0,0,0,0,0,0,1048576,0,0,0]-[128,96,64,570425344,131074]
[524288,0,0,0,0,0,0,0,0,0,0,0,0,128,0,0]-[1048577,813760512,0,813763074,131200]
[0,0,67108864,0,0,0,0,0,0,0,0,2147483648,1048576,128,0,0]-[2,67110912,0,0,32832]
[0,0,0,0,0,0,64,0,17825792,0,0,0,0,0,0,0]-[16384,0,128,32832,0]
[0,0,67174400,0,0,0,0,0,0,0,0,16777216,0,0,0,0]-[0,541065216,2097152,16777216,0]
[0,0,0,0,0,64,0,0,0,0,0,0,64,0,0,0]-[8208,0,524288,0,32]
[0,8192,0,33554432,0,0,0,16,0,0,0,0,1048576,0,0,0]-[0,67109376,0,67109120,0]
[0,0,0,0,131072,0,0,0,0,128,0,0,0,0,0,0]-[16,1,4,1048576,0]
[0,0,0,0,16388,0,0,0,0,0,0,0,0,0,0,0]-[512,0,0,0,65539]
[0,0,0,0,0,0,0,8388608,0,0,4096,0,0,0,0,0]-[1075838976,131141,167772160,268468224,8]
[0,0,0,0,0,0,0,8,134217728,0,0,0,1048576,16384,0,0]-[17039360,0,0,134217732,0]
[0,0,0,16777216,0,256,0,0,0,0,4096,0,0,0,0,0]-[256,9216,65536,0,0]
[128,0,67108864,0,0,0,1048576,0,0,0,0,0,0,0,0,0]-[64,0,0,4194432,64]
[0,0,0,0,0,0,0,1,1048576,0,0,0,16777216,0,0,0]-[16,16384,0,134217728,8192]
[0,0,0,0,67108864,0,0,134217728,1048576,524288,0,0,0,0,0,0]-[5,0,262144,2147483648,0]
[0,0,67108864,0,0,0,8192,0,134217728,0,0,0,2097152,0,0,0]-[0,512,34603008,262144,0]
[0,32768,67108864,0,0,0,0,16,0,0,0,0,1048576,0,0,0]-[0,32,0,2147483664,2097152]
[0,0,1536,0,0,0,0,0,0,0,0,0,0,0,0,0]-[2684354560,262144,0,4194304,0]
[0,0,0,65536,0,0,0,0,0,0,32,0,0,0,0,0]-[67108864,8388608,0,16384,524288]
[0,0,67108864,0,0,0,0,0,0,0,4096,0,2,0,0,0]-[0,8192,33558528,37750272,2097152]
[0,0,67108864,262144,0,0,0,0,0,0,0,0,262144,128,0,0]-[0,536871936,0,2097152,524288]
[0,268435456,0,0,0,0,0,0,0,0,0,0,0,0,0,128]-[2097152,134217728,268439552,0,0]
[0,0,0,0,0,0,0,0,134217728,0,0,0,1048576,1073741824,0,0]-[0,1,0,16777216,1032]
[0,0,67108864,0,0,384,0,0,0,0,0,0,0,0,0,0]-[67108864,1536,1073741824,0,0]
[0,0,67108864,0,0,0,0,0,1048576,0,0,262144,0,0,0,0]-[0,4,8200,128,524433]
[0,0,0,256,0,0,0,0,0,0,4096,0,0,0,0,0]-[1628244033,570949640,35750592,298496,16384]
[0,0,0,0,0,0,0,64,128,0,0,0,0,128,0,0]-[301989888,0,0,1073741952,0]
[0,0,0,0,8192,0,8192,0,0,0,0,0,0,0,0,0]-[536870912,536871170,352323584,268566528,768]
[1048576,0,0,0,0,0,0,0,4096,0,0,0,0,0,0,0]-[32832,0,0,268566528,0]
[0,0,67108864,0,0,64,0,0,0,1024,0,0,0,0,0,0]-[8388608,0,0,4098,32768]
[0,0,67108864,0,0,0,0,134217728,0,0,0,0,0,0,0,0]-[227055717,2990689281,3223954468,2185073234,2821204]
[0,0,0,8192,0,0,0,0,0,0,4096,0,0,0,0,0]-[64,37748736,512,67111040,32]
[0,0,0,0,0,0,256,0,134217728,0,0,0,0,0,0,0]-[268435472,262144,12,16640,0]
[0,0,67108864,0,0,0,0,0,0,1,0,2,0,0,0,0]-[0,2147484672,0,16,4]
[0,0,0,0,0,0,0,0,0,0,0,0,0,0,33554432,16384]-[131072,67633152,268435456,32,0]
[0,0,67108864,0,0,0,0,16,0,0,0,0,65536,0,0,0]-[0,1024,4,8192,64]
[0,0,0,0,0,134217728,0,0,1048576,0,128,0,0,0,0,0]-[0,262144,8388608,134742016,0]
[0,16384,0,0,0,0,0,0,0,0,0,0,0,0,524288,0]-[524416,8192,0,256,0]
[0,0,0,0,0,256,0,16,0,0,0,0,1049088,0,0,0]-[0,8392704,4096,67108864,0]
[0,0,1024,0,0,0,0,0,0,0,0,0,65536,0,0,0]-[262144,2147483648,0,134219776,0]
[0,128,0,0,0,0,0,0,0,0,0,0,0,0,128,0]-[142606336,1048576,0,256,0]
[0,0,0,0,0,0,8,0,0,0,0,0,0,33554432,0,0]-[135266304,0,1,2048,0]
[0,0,0,0,0,0,64,0,0,67108864,0,0,0,0,0,0]-[0,1343488,536870912,0,0]
[0,0,0,0,0,0,0,0,1048576,0,0,0,2,128,0,0]-[0,8388608,532480,2080,0]
[0,0,67108864,0,0,264,0,0,0,0,0,0,0,0,0,0]-[0,32776,512,8192,0]
[524416,0,0,0,0,0,0,0,0,0,0,0,0,0,0,0]-[0,0,33554432,4325377,0]
[0,0,0,0,0,0,0,0,0,0,0,0,1024,1073741828,0,0]-[0,2048,64,4,524288]
[0,0,1073741824,0,0,0,64,0,0,0,0,0,0,0,0,0]-[49154,64,268447746,1074267136,10496]
[0,0,67108864,0,0,0,0,0,0,0,0,0,0,1152,0,0]-[4,0,2147491844,2097344,0]
[0,0,67108864,0,0,0,0,0,1048576,0,0,0,0,134217728,0,0]-[2048,262656,4718592,1040,524288]
[2097152,0,0,0,0,0,0,0,0,0,0,0,0,131072,0,0]-[2147483648,536903680,0,0,262144]
[0,8388608,67108864,0,0,0,64,0,1048576,0,0,0,0,0,0,0]-[33554432,16,0,1536,0]
[0,0,67108864,0,0,256,0,0,0,0,0,0,0,0,67108864,0]-[524300,32,2147485952,17834112,148]
[0,0,67108864,0,0,0,0,0,135266304,0,0,0,0,0,0,0]-[16877637,805651252,1074309148,158349296,1723861]
[0,0,0,0,0,0,0,0,262144,0,4096,0,0,0,0,0]-[1073741824,1,0,0,10]
[0,0,0,0,0,1,0,0,0,0,4096,0,0,128,0,0]-[1024,0,524288,32,4]
[0,0,0,0,0,0,0,0,0,0,0,0,2147483648,0,33554432,0]-[133120,32,525312,8388608,8]
[0,128,0,0,0,0,0,0,1048576,0,0,0,0,0,33554432,0]-[17825824,1048578,0,285212674,0]
[0,0,0,0,0,0,64,0,0,0,0,8,0,0,0,0]-[16384,655360,128,0,0]
[0,0,67108864,16777216,0,0,0,0,0,0,0,0,8388608,0,0,0]-[167772192,0,524288,0,0]
[0,0,67108864,0,2,0,0,0,1048576,0,0,0,0,0,0,0]-[33554433,0,0,8192,524288]
[0,33554432,0,0,0,0,0,0,134217728,0,0,0,1048576,0,0,0]-[536903745,16384,134217728,16,128]
[0,0,0,0,0,0,256,0,1024,0,0,0,0,0,0,0]-[2147483648,2097152,0,67108864,262144]
[0,0,0,0,0,0,0,0,83886080,0,0,0,0,128,0,0]-[0,1048576,131072,4,32]
[0,0,67108864,0,67108864,0,0,0,0,0,0,0,0,0,8,0]-[134217728,49152,0,256,0]
[0,16,67108864,0,0,0,0,0,0,0,0,0,0,0,0,0]-[2155876359,2185433864,3490258216,18953424,18438]
[0,0,0,0,0,0,0,0,0,0,1048576,0,0,2147483648,0,0]-[10747904,0,8,0,0]
[0,0,0,131072,0,0,0,0,0,0,0,0,262144,128,0,0]-[268435456,1024,536870914,0,0]
[0,0,16777216,0,0,0,0,0,0,0,4096,0,0,128,0,0]-[270532608,0,128,268435456,0]
[128,0,67108864,33554432,0,0,0,16,0,0,0,0,0,0,0,0]-[8388608,2097217,0,0,0]
[0,0,67108864,0,0,0,0,0,1048576,4,0,0,0,0,0,0]-[0,0,2048,1048576,17]
[0,0,0,0,134217728,0,0,32,0,0,4096,0,1048576,0,0,0]-[0,83886084,0,16384,0]
[0,0,0,0,0,0,0,0,4096,16384,0,0,0,0,0,0]-[1,1024,0,0,1049088]
[0,0,67108864,0,0,256,0,8,0,0,0,0,0,16384,0,0]-[1,0,1024,0,1572864]
[0,128,524288,0,0,0,0,0,0,0,0,0,0,0,0,0]-[276824064,0,256,0,128]
[0,0,0,1048576,0,256,0,0,0,0,0,0,0,0,4194304,0]-[67108864,512,134217728,262144,0]
[268435456,0,0,0,0,0,0,0,17825792,0,0,0,1310720,0,8,0]-[0,16384,0,71303168,1024]
[0,0,0,65536,0,0,0,0,2,0,0,0,0,0,0,0]-[128,142606336,2097152,0,0]
[0,0,67108864,0,0,256,0,0,0,0,0,0,0,1073741824,0,0]-[2621448,0,8192,0,0]
[0,1,0,0,0,0,0,0,1048576,0,0,0,262144,128,0,0]-[0,0,0,67108864,663552]
[0,0,0,256,0,0,0,16777216,0,0,0,0,0,0,0,0]-[67110936,16,65536,0,0]
[0,0,0,0,2048,0,0,0,134217728,0,0,0,0,0,0,0]-[0,544,131072,0,32768]
[0,0,67108864,0,0,0,0,0,262144,0,0,2,0,0,0,0]-[0,0,67108864,529408,0]
[0,0,67108864,0,0,0,0,0,0,0,0,1073741824,0,4224,0,0]-[33554497,64,0,65536,524288]
[128,0,0,0,0,0,0,0,1048576,0,0,0,1048576,536870912,0,0]-[33554432,0,8388616,32800,0]
[0,0,0,0,0,0,131072,16,0,0,0,0,0,128,0,0]-[0,1048576,2129920,4096,0]
[0,0,67108864,33554432,0,0,64,0,0,0,0,0,0,128,0,0]-[2048,67108864,0,2097156,0]
[0,0,0,0,0,256,0,0,16777216,0,0,0,0,0,0,0]-[2215339264,286340896,539443777,2432965007,536640]
[0,0,67108864,0,0,0,0,0,16908288,0,0,0,0,0,0,0]-[67108864,67108864,2097152,0,1048576]
[0,0,67108864,0,0,0,0,0,16777216,0,0,0,0,128,0,0]-[39845891,2164261216,2147501604,266954,590020]
[0,0,0,0,0,0,0,33554432,0,0,0,0,1048576,0,33554432,0]-[8421378,0,0,131072,0]
[0,0,0,0,0,64,0,0,1048576,67108864,0,0,0,128,0,0]-[0,65,4,0,262144]
[128,0,0,0,0,0,0,0,0,0,0,0,0,128,0,262144]-[128,32,524288,0,32768]
[128,0,0,16384,0,0,0,0,0,0,0,0,0,0,0,0]-[1,0,2147483648,0,262146]
[0,0,16777216,0,0,0,0,0,0,0,0,0,0,268435584,0,0]-[0,0,131072,536871040,524288]
[0,0,67108864,0,0,0,0,0,0,0,0,32,0,0,0,262144]-[0,512,67108864,1048576,128]
[1048576,128,67108864,0,0,0,0,0,0,0,0,0,0,0,0,0]-[0,8,0,8256,65536]
[0,4,67108864,65536,65536,0,0,0,0,0,4096,0,0,0,0,0]-[524288,262144,0,4194304,2097152]
[0,128,67108864,0,0,0,8192,0,0,0,0,0,0,0,0,0]-[2654218,2218803712,39856132,2149880320,32784]
[32,0,67108864,0,0,0,0,0,0,0,0,0,0,0,0,0]-[25169986,16,0,1,147457]
[0,0,0,0,0,268435456,0,0,0,0,4096,0,0,0,0,0]-[524544,536870912,0,33570816,32768]
[0,131072,1024,0,0,0,0,16,0,0,0,0,0,0,524288,0]-[0,4096,576,4096,0]
[0,0,0,0,0,0,2147483648,16,0,0,0,0,0,0,0,0]-[64,524288,1048642,16640,32]
[0,0,67108864,0,0,0,0,0,0,0,4096,0,1048576,64,0,0]-[2097216,0,33619968,0,0]
[0,0,67108864,0,0,0,0,0,0,0,0,524288,0,0,8,0]-[0,0,33554432,33554434,2]
[0,0,0,0,0,0,0,0,1049088,0,0,0,0,0,0,0]-[33603861,43270144,16777264,73409090,8193]
[0,0,0,0,67108864,0,0,16,134217728,0,0,0,0,128,0,0]-[16384,75497472,8388608,0,0]
[0,0,0,0,0,0,0,0,0,0,4096,0,131072,0,0,0]-[1073743872,2147483936,268456464,268435456,69792]
[0,0,67108864,0,0,256,0,0,0,0,0,0,1048576,0,0,0]-[2281701441,388086376,73495320,2300686845,1756628]
[0,0,0,0,0,0,0,0,0,0,4096,2097152,0,0,0,0]-[4352,33796,33554560,268452608,2101376]
[0,524288,0,0,0,0,64,0,0,0,0,0,0,0,0,0]-[2,1048576,0,16777216,4]
[0,0,0,0,0,0,0,0,0,2097152,262144,0,0,0,0,0]-[262144,0,98304,16,0]
[128,0,67108864,0,0,0,0,0,134217728,0,0,0,0,0,262144,0]-[67108864,0,0,128,131088]
[0,0,67118080,0,0,0,0,0,0,0,0,0,0,0,0,0]-[0,4,1024,8192,1048576]
[0,0,0,0,0,0,0,16777216,262144,0,0,0,0,0,0,0]-[8192,16384,0,4352,0]
[1048576,0,0,16777216,0,0,0,0,16777216,0,0,0,0,0,0,0]-[1048576,0,33554436,65536,0]
[0,0,128,0,0,8192,0,1073741824,0,0,0,0,0,0,0,0]-[8,8192,0,0,20480]
[128,0,0,0,0,0,0,0,536870912,0,4096,0,0,0,0,0]-[1073741824,256,0,268451840,0]
[0,0,67108864,0,0,256,0,0,536870912,0,4096,0,1048576,0,0,0]-[64,0,4096,260,0]
[0,0,0,0,0,0,0,0,0,0,0,0,1048576,0,262144,0]-[544347010,16801796,60883044,1762803906,275540]
[0,0,0,0,67108864,8192,8256,0,0,0,0,0,0,0,0,0]-[33554432,8192,537133056,0,0]
[0,0,0,0,0,8192,0,64,0,0,0,0,0,0,0,0]-[2,524289,317444,1179648,0]
[0,0,0,0,0,0,0,16,0,0,256,0,0,0,0,0]-[32768,0,19005440,0,0]
[0,0,67108864,0,0,0,0,0,1048576,0,0,0,0,2048,0,0]-[2147483648,16,32768,528896,320]
[0,0,0,0,0,256,64,0,0,0,8388608,0,0,0,0,0]-[2147483648,65536,65536,0,4096]
[0,128,0,0,0,0,0,0,8192,0,0,0,0,0,0,0]-[0,512,167772164,0,0]
[0,1073741824,67108864,0,0,0,0,8,0,0,0,0,0,0,0,0]-[0,393216,0,524288,128]
[0,0,0,2147483648,0,0,0,0,1048576,0,0,0,0,0,0,0]-[393216,12845088,4194305,527376,1]
[0,0,0,0,0,0,134217728,0,134217728,0,0,0,0,0,0,0]-[536870912,65536,8388624,0,0]
[0,0,0,0,0,256,0,0,33554432,0,0,0,0,128,0,0]-[1,0,0,536871040,32768]
[0,32,0,0,0,0,0,16,0,0,0,0,0,0,0,0]-[278528,2109440,1024,67108864,2099200]
[0,33554432,67108864,0,0,256,0,0,0,0,0,0,0,0,0,0]-[8,67108896,520,65617,128]
[0,0,67108864,0,0,64,0,0,1048576,0,0,0,0,0,536870912,0]-[0,0,0,2147483648,1156]
[0,0,67108864,0,0,0,0,0,1048576,0,0,0,0,1024,0,0]-[0,0,32,0,524353]
[128,0,0,0,0,0,0,0,32,0,0,0,0,0,0,0]-[4194304,0,536870912,131072,131072]
[0,0,0,0,0,0,0,16,0,0,0,0,0,0,32768,0]-[285212672,0,128,536870912,0]
[0,0,0,0,0,0,0,0,1048576,0,4096,0,0,0,0,262144]-[0,0,0,100696576,0]
[0,0,67108864,0,0,32,0,0,0,0,0,0,0,0,33554432,0]-[32,8,0,16777216,524288]
[0,0,83886080,268435456,0,256,0,0,0,0,0,0,0,0,0,0]-[8,0,8192,16777216,524288]
[0,0,0,0,0,0,0,1048576,1048576,0,0,0,0,0,0,1024]-[0,0,16,2304,1048576]
[0,0,0,0,0,0,64,0,0,0,4096,0,0,0,67108864,0]-[264192,8,128,0,0]
[0,0,67108864,0,16384,0,0,0,0,0,0,0,0,0,0,0]-[2181562382,541074040,2214599936,138940439,2162691]
[0,0,0,0,0,0,0,16,0,0,0,0,0,130,0,0]-[16,0,131072,0,1048704]
[0,0,0,0,0,0,0,1073741824,0,0,536870912,0,0,0,0,0]-[8192,128,0,1024,2]
[128,0,67109888,0,0,0,0,8,1048576,0,0,0,0,128,0,0]-[0,0,32768,146,0]
[128,0,0,0,0,4096,0,0,0,0,0,0,0,0,0,0]-[168034816,0,131072,16385,528384]
[0,0,0,0,0,256,0,0,0,0,0,0,16,0,0,0]-[0,268435456,134217732,256,0]
[0,0,0,0,0,0,0,0,0,4096,0,0,0,128,33554432,0]-[1048576,32,4,32,0]
[0,128,65536,0,0,0,0,0,0,0,0,0,0,0,0,0]-[4098,8,66560,1073741824,0]
[128,0,67108864,0,0,0,0,0,1082130432,0,268435456,0,0,0,0,0]-[64,0,1024,0,320]
[0,0,0,64,32,0,0,0,0,0,1048576,0,0,0,0,0]-[0,67108864,0,83886080,16]
[0,0,0,0,0,0,0,0,0,1048576,0,32,0,0,0,0]-[0,0,33685760,2147483648,0]
[0,0,67108864,0,0,0,0,0,0,0,0,0,0,0,32,8192]-[0,2147483648,512,65536,4]
[0,0,0,0,0,320,16384,0,0,0,0,0,0,0,0,0]-[80,384,0,0,0]
[0,0,0,0,0,0,0,0,0,0,0,0,1310720,16384,0,0]-[268435456,2048,0,6291456,0]
[0,0,67108864,0,0,0,0,0,0,0,1074266112,0,0,128,0,0]-[0,536870912,1048576,132,0]
[0,0,0,0,0,0,0,0,0,4194304,0,0,1048576,128,33554432,0]-[0,276824064,0,8,64]
[0,0,0,0,128,256,0,0,1048576,0,0,0,0,0,0,0]-[0,0,1090519040,134221824,0]
[0,0,0,0,0,256,0,16,0,0,0,0,1048576,0,0,8192]-[0,8,0,16,278528]
[8,128,0,0,0,0,0,0,0,0,0,0,0,0,0,0]-[16,0,4128,128,0]
[128,0,67108864,0,0,0,8192,0,1048576,0,0,0,0,0,0,0]-[0,262144,33587200,2151710848,524608]
[0,0,67108864,0,0,0,0,1,0,0,0,0,1048576,0,0,0]-[0,2147520544,33554688,4224,32772]
[0,0,0,67108864,0,0,0,0,0,0,0,0,1048576,0,0,0]-[541065478,2215642692,0,1610612784,524808]
[0,0,0,0,0,0,2048,0,16777216,0,0,0,0,0,0,0]-[204800,32,8388608,64,130]
[0,0,67371008,0,0,0,0,0,1,0,0,0,0,0,0,0]-[0,536871424,0,16777216,16384]
[0,0,0,65536,0,0,0,16,0,0,0,0,0,0,33554432,0]-[1048576,2,1024,4194304,0]
[0,0,0,0,0,0,0,0,0,268435456,0,0,8,0,0,0]-[1024,128,0,67108992,0]
[0,0,0,0,0,64,0,0,0,64,0,0,0,128,0,128]-[268435456,0,0,536870912,192]
[0,0,64,0,0,8192,0,16,0,0,0,0,0,128,0,0]-[541065216,0,0,16777216,8]
[0,0,0,0,0,0,0,0,1048576,65536,0,0,0,0,0,0]-[16810240,0,1,1073741889,4]
[0,0,67108864,0,0,0,0,0,0,0,0,0,1048832,0,0,0]-[2147483715,20972032,67174416,17891856,16385]
[0,0,67108864,16777216,1073741824,0,0,0,0,0,0,0,0,128,0,0]-[2,0,0,266240,32768]
[0,0,0,0,0,256,0,0,134217728,0,0,0,268435456,0,0,0]-[66064,0,0,2097152,0]
[0,0,67108864,0,33554432,0,0,0,33554432,0,0,0,1048576,128,0,0]-[1,0,0,0,66624]
[0,0,67108864,0,0,256,0,0,0,0,0,65536,0,0,0,0]-[0,512,48,4,0]
[128,0,0,0,0,0,0,0,16777216,0,0,0,0,0,256,0]-[0,256,1024,0,528384]
[0,0,0,0,0,0,0,0,0,0,136314880,0,0,0,0,0]-[0,8388609,2,1024,0]
[0,0,0,0,0,0,0,0,0,0,0,32,1048576,0,67108864,0]-[131072,0,0,2147483648,130]
[0,0,67108864,0,0,256,0,0,0,0,0,0,4194304,128,0,0]-[262656,8388608,131072,0,0]
[0,0,67108864,0,0,256,0,0,0,0,0,16777216,0,0,0,0]-[0,67239936,1024,1,0]
[0,0,67108864,0,0,0,0,0,0,0,0,0,0,32768,0,0]-[2164260874,268509196,2217820160,8230,131136]
[0,0,0,0,0,0,0,16,1048576,0,0,0,0,0,2147483648,0]-[0,0,8388608,32,144]
[0,0,67108864,0,0,256,0,0,16777216,0,0,256,0,0,0,0]-[524288,0,16384,129,0]
[131072,0,67108866,0,0,0,0,0,0,0,0,0,0,0,0,0]-[2147483648,4210689,0,0,0]
[0,0,67108864,0,0,0,0,0,0,0,0,2048,0,0,67108864,0]-[32768,16384,0,32,2]
[0,0,67108864,0,0,0,0,0,0,0,4096,0,0,0,0,4096]-[64,49,1342177280,4,128]
[0,0,67108864,0,0,0,2048,0,0,0,0,0,1048576,0,0,0]-[0,16384,0,6291456,2097216]
[0,0,0,0,4096,0,0,0,0,0,4096,0,1048576,0,0,0]-[16384,5,4096,100728832,128]
[0,0,67108864,0,67108864,8192,0,0,0,0,0,0,0,0,0,0]-[37814284,268478464,2135040,262161,384]
[0,262144,0,2048,0,256,0,0,0,0,0,0,0,0,0,0]-[1048832,4096,0,262144,0]
[64,0,0,0,0,0,0,0,1048576,0,4096,0,0,128,0,0]-[16384,536870912,128,512,0]
[0,131072,67108864,0,0,0,0,4096,0,0,0,0,1048576,128,33554432,0]-[2097152,268435456,0,8,128]
[0,0,0,0,0,8192,0,16777216,0,0,4096,0,0,0,0,0]-[589824,0,65616,268435592,0]
[0,0,0,0,0,0,0,0,0,0,0,0,256,2,0,0]-[16777216,1,32768,0,32]
[0,0,0,0,0,0,64,0,0,0,4096,0,1048576,0,0,0]-[1076118016,2214592524,33624080,272761092,4226]
[0,0,0,0,0,8224,0,0,0,0,0,0,0,128,0,0]-[0,0,2097152,1082392576,0]
[0,0,0,0,0,0,0,128,0,0,0,32,524288,0,0,0]-[65536,1048576,2,0,512]
[0,0,0,0,0,8192,0,0,0,0,0,0,0,0,16,0]-[67117184,8260,17825800,8519680,512]
[0,0,0,0,0,0,0,0,0,0,16,0,0,536870912,0,0]-[134217728,1024,262144,0,8]
[268435456,0,0,0,0,0,0,0,0,0,0,0,0,0,33554432,0]-[0,130,16777216,8388608,0]
[0,128,0,0,0,0,0,0,134217728,0,4096,0,1048576,0,0,0]-[268435456,1,16,0,128]
[0,0,0,0,0,64,0,0,134217728,0,0,0,262152,128,0,0]-[0,67108865,2097154,0,0]
[0,0,0,0,0,8192,0,0,256,0,0,0,0,0,0,0]-[0,2048,8388672,0,256]
[128,0,67108864,0,0,0,0,0,2048,0,0,0,0,0,0,0]-[1,2097152,2148007936,0,0]
[0,0,0,0,0,0,0,0,1048576,2097152,4096,0,0,0,0,0]-[16384,537133056,0,4194304,0]
[0,0,0,0,0,0,0,512,0,0,0,0,1310720,128,0,0]-[1048576,2048,0,67174400,0]
[0,0,0,0,0,0,0,0,134217728,4194304,0,0,0,128,0,0]-[0,1,0,1075838976,1024]
[0,0,0,262144,0,0,0,0,0,0,0,0,0,128,0,0]-[17426,150995200,75669521,526848,65540]
[0,0,0,0,0,64,0,0,0,0,33554432,0,0,0,0,0]-[0,524800,1024,8388608,0]
[0,0,8388608,0,0,256,0,0,0,0,0,0,0,0,33554432,0]-[0,128,150994944,2097152,0]
[0,0,0,0,0,0,0,0,134217728,0,0,0,0,536870912,0,0]-[739532880,1484915344,67274264,1234326580,17221]
[0,0,0,0,0,0,0,167772160,0,0,4096,0,0,0,0,0]-[8390656,0,0,67108864,16384]
[0,0,0,0,131072,0,0,16,0,0,0,2097152,262144,0,0,0]-[16,0,2,33554464,0]
[0,0,0,0,0,0,0,65552,0,0,0,0,0,0,0,0]-[262144,8,8388612,4194304,1310784]
[0,0,0,0,0,0,0,0,1048576,0,0,0,0,0,0,2]-[131072,8404992,0,8208,1025]
[0,0,67108864,0,0,8192,0,0,0,0,0,524288,0,0,0,0]-[134283266,17047552,0,16777216,17]
[0,0,0,0,0,0,0,0,1048576,0,0,0,0,128,0,4096]-[2113536,1611661312,8945665,268435456,131072]
[0,0,0,0,0,0,8192,0,0,0,0,0,0,65536,16777216,0]-[0,83886080,536870976,0,0]
[0,0,67108864,0,0,256,0,0,0,0,0,0,0,0,0,524288]-[0,4096,1342177296,4,0]
[0,0,0,0,0,8192,0,0,0,0,0,0,64,0,0,0]-[8912896,1073743874,8192,536870944,262176]
[128,1073741824,0,0,0,0,0,0,0,0,0,0,0,0,0,0]-[131072,0,536911872,16777219,4096]
[0,0,67108864,0,0,0,64,0,131072,0,0,0,0,128,0,0]-[0,268435456,2097152,0,1179648]
[0,2228224,0,0,0,0,0,0,0,0,0,0,0,0,0,0]-[2097152,0,256,0,640]
[0,0,0,0,0,0,0,0,134217728,0,64,0,0,0,0,0]-[1,0,16785664,0,0]
[0,0,0,0,67108864,0,0,0,1048576,0,0,0,1179648,0,0,0]-[0,0,16779264,536871040,0]
[0,1,0,0,0,0,0,0,0,0,4096,0,0,0,0,0]-[1358974976,33685504,1073742032,268568576,2097160]
[0,0,67108864,0,0,64,0,0,0,0,0,0,1048576,536870912,0,4096]-[66,4096,0,0,128]
[0,16,0,0,2048,0,0,0,0,0,0,0,0,128,0,0]-[2147491840,0,67108880,0,0]
[0,0,67108864,0,0,1073741824,0,0,1048576,0,0,0,0,0,0,0]-[16809984,536936720,34816,2147530242,0]
[0,0,0,0,0,0,0,0,0,0,0,0,1064960,0,0,0]-[2363904,9453568,67108881,285343760,10240]
[0,0,0,0,0,64,0,0,1048576,0,0,0,268435456,0,0,0]-[0,512,8328,0,4]
[0,0,0,1048576,0,8192,0,0,0,0,0,0,0,0,0,0]-[258,0,134221824,0,2]
[0,0,0,0,0,0,0,268435464,0,0,0,0,0,0,0,0]-[8388744,0,67108864,0,0]
[0,0,67108864,0,0,0,0,0,1048576,0,0,0,0,0,1048576,64]-[0,0,1073741824,1052672,1048576]
[0,0,0,512,0,0,0,0,0,0,4096,0,0,8192,0,0]-[0,8192,0,212992,0]
[0,0,67109120,0,0,64,64,0,0,0,0,0,0,0,0,0]-[2,16,1024,0,1024]
[0,0,67108864,0,0,0,0,0,1048576,0,0,0,1049600,0,0,0]-[0,0,33554432,134218240,128]
[0,0,0,0,0,0,0,0,1024,0,0,0,0,536870912,0,0]-[0,1073741824,1536,0,64]
[0,256,0,0,0,0,0,0,0,0,0,0,32768,0,0,32]-[532480,524288,64,0,0]
[0,0,67108864,1048576,0,256,0,0,0,0,0,0,0,0,0,512]-[0,512,270532608,262144,0]
[0,4194304,0,0,0,0,0,0,0,0,256,0,0,0,0,0]-[0,0,1073774592,0,768]
[0,2147483648,67108864,0,0,0,0,0,0,0,0,0,0,65536,0,0]-[524288,256,0,33554433,0]
[128,256,0,0,0,0,0,0,0,0,0,0,0,0,0,0]-[167772160,2048,131072,1107509328,16]
[0,0,67108864,0,0,0,8192,0,0,0,0,0,0,0,33554432,0]-[2,2483062784,276301828,4228672,526592]
[0,0,0,0,0,0,0,0,0,0,0,0,537133056,0,0,0]-[524288,2151677952,0,71311392,8]
[0,0,0,0,0,0,256,0,0,0,0,32,0,0,0,0]-[0,0,256,1074790400,32]
[0,0,0,0,0,0,0,512,0,0,268439552,0,0,0,0,0]-[0,0,1073741825,0,16392]
[0,0,256,0,0,0,0,0,0,0,0,0,0,524288,0,65536]-[0,0,536871936,2147483648,32768]
[0,0,67108864,0,0,0,0,8,2097152,0,0,0,8,536870912,0,0]-[6,0,0,33554432,64]
[0,0,67108864,0,0,0,0,0,0,0,131072,0,8,0,0,0]-[0,1,33554432,32769,0]
[0,0,0,0,0,524288,0,0,0,0,4096,0,0,128,0,0]-[268435456,553648128,0,4096,0]
[0,0,67108864,1,0,0,0,0,134217728,0,0,0,0,0,0,0]-[0,0,68608,0,131072]
[0,0,67108864,1024,0,0,0,0,262144,0,0,0,0,0,0,0]-[0,16384,4096,524288,2097152]
[0,0,0,0,0,0,0,0,0,0,0,0,1048576,128,0,512]-[134217728,144,8,0,0]
[0,0,67108864,0,262144,0,0,0,0,0,0,0,0,134217856,0,0]-[0,262176,0,0,557056]
[0,0,67108864,0,0,64,0,67108864,134217728,0,4096,0,0,0,0,0]-[0,536870912,16,256,16384]
[0,0,67108864,0,0,0,0,0,0,2147483648,0,0,0,0,0,0]-[67108942,341993593,3255834632,2170074160,98369]
[0,128,67108864,524288,0,0,0,0,0,0,0,0,0,0,0,0]-[0,0,4194308,4160,0]
[0,0,0,0,0,0,0,0,0,512,0,0,262144,0,0,0]-[1048592,135170,17826050,0,524290]
[0,0,67108864,0,0,0,0,0,0,0,0,0,0,0,4194304,0]-[67145760,2164523520,2151755776,294932,524354]
[0,0,67108864,0,0,0,0,0,1056768,0,0,0,0,0,0,32768]-[65536,0,33554432,128,524288]
[0,0,0,0,16,0,0,0,0,0,0,0,1048576,128,0,0]-[0,0,0,67109380,271520]
[128,0,0,0,0,0,0,16,64,0,0,0,0,0,0,0]-[67371008,1024,0,32768,0]
[128,0,0,0,0,0,0,0,0,0,0,0,1048576,0,2,0]-[0,0,8192,50462720,0]
[0,0,0,0,0,256,0,0,0,0,0,262144,0,0,0,0]-[2215847248,269492608,1207959552,266244,4097]
[0,0,0,0,0,0,0,0,0,0,0,0,262144,0,536870912,0]-[8388608,4194304,2,140574720,8]
[0,0,67108864,0,0,0,8388608,0,0,0,0,0,0,128,0,0]-[32840,2112,32768,528,0]
[0,0,67108864,0,0,0,0,0,0,0,0,262144,0,128,0,0]-[32769,256,0,4,0]
[0,0,0,0,0,1,0,0,0,0,0,0,0,8388608,0,16]-[0,17408,2684354560,0,0]
[0,0,0,0,67108864,32,0,0,0,0,0,0,0,0,0,0]-[134234112,0,0,384,0]
[0,0,67108864,0,0,0,64,0,1048576,0,4096,0,8,0,0,0]-[2048,4,0,32768,128]
[1024,0,0,0,0,0,134217728,0,0,0,0,0,0,0,0,0]-[64,0,536870912,8,2]
[0,0,0,0,0,0,0,0,17039360,0,0,0,0,0,0,0]-[134234113,0,0,8,0]
[2097152,0,0,0,0,256,0,0,1048576,0,0,0,1048576,536870912,0,0]-[0,41943040,0,2101248,0]
[0,0,0,0,0,0,0,0,0,0,0,132096,0,0,0,0]-[67633664,0,0,8,0]
[0,0,0,0,0,0,0,0,1048576,0,0,0,0,0,32,0]-[16772,16384,0,41216,524288]
[131072,0,0,0,0,0,0,0,1048576,0,0,0,65536,0,0,0]-[0,0,0,1207967744,128]
[0,0,0,0,0,64,0,0,0,2097152,0,0,0,0,0,0]-[3758096384,276,0,1073807360,0]
[0,0,67108864,0,0,0,64,0,0,0,0,0,256,0,0,0]-[0,65544,1073807392,17826304,17412]
[0,0,0,0,0,256,8192,16,0,0,4096,0,0,0,0,0]-[0,0,134217728,6400,0]
[0,0,0,0,2048,0,0,0,0,0,0,32,0,0,0,0]-[537919488,0,655360,0,0]
[0,0,0,0,0,0,0,0,0,0,0,16,0,0,0,131072]-[0,8448,128,0,524288]
[0,0,0,0,0,0,0,512,0,0,0,0,0,0,67108864,0]-[1073741824,0,2048,0,4100]
[0,0,0,0,0,0,8192,268435456,0,0,0,0,0,0,0,0]-[0,128,268435456,4128,0]
[0,0,0,0,0,0,0,0,0,65536,0,134217728,0,0,0,0]-[0,524288,128,134217728,8192]
[0,0,0,0,0,0,0,2048,0,0,0,1024,0,0,0,0]-[64,0,0,553648128,8192]
[128,0,0,0,0,256,0,0,0,0,0,524288,0,0,0,0]-[0,0,536879104,73728,0]
[0,0,67108864,0,0,0,0,0,0,16384,0,0,0,0,33554432,0]-[4196352,262144,67108868,262160,2]
[0,0,67108864,0,0,8192,73728,0,0,0,0,0,8,0,0,0]-[0,536870912,512,0,17]
[0,0,0,0,0,2,0,16777216,134217728,0,0,0,0,0,0,0]-[32768,0,1024,67109376,0]
[0,0,0,0,67108864,0,0,0,0,134217728,0,0,0,0,0,0]-[134217728,4096,16777728,0,0]
[0,128,67108864,0,0,256,0,0,0,0,4096,0,0,0,0,0]-[0,0,1342177296,256,0]
[0,256,67108864,2048,0,0,0,16,0,0,0,0,0,0,67108864,0]-[0,0,0,4224,1050624]
[2097152,0,67108864,0,0,0,0,0,0,0,0,0,0,128,0,0]-[32773,67117056,268500992,1048576,0]
[2097152,0,0,0,0,256,0,0,0,0,0,0,0,0,0,0]-[1048576,8388608,8392704,0,0]
[0,0,0,0,0,0,0,0,1048576,0,0,0,327680,0,0,0]-[0,1073741828,0,35651584,0]
[0,0,67108864,0,67108864,0,0,16640,0,0,0,0,0,0,0,0]-[0,320,0,16777216,1048576]
[0,0,0,256,0,256,64,0,0,0,0,0,0,0,0,0]-[0,4352,0,4096,8192]
[0,0,0,0,0,0,96,0,134217728,0,0,0,0,0,0,0]-[65536,134217728,536870912,0,1024]
[16,0,0,0,0,0,0,0,1048576,0,0,0,0,128,0,0]-[33816576,1048576,0,2097296,0]
[0,131072,0,0,0,0,0,0,0,0,0,0,0,128,33554432,0]-[131584,32,1073741824,0,0]
[0,0,67108864,0,0,0,0,0,0,0,4096,0,524288,0,0,0]-[2686976,131072,33554432,256,16384]
[0,0,128,0,0,0,0,8388624,0,0,0,0,0,0,0,0]-[16384,268435456,2147485696,0,0]
[0,0,1024,0,0,0,0,0,0,0,0,0,0,128,16384,0]-[0,0,0,16,73732]
[0,0,67108864,32768,0,0,0,0,0,0,0,0,0,0,0,0]-[201883656,2218948869,3288367360,136118352,133249]
[0,0,0,0,0,2147483648,0,16,0,0,0,0,1048576,128,0,0]-[0,8388608,0,4112,262144]
[0,0,0,0,0,256,0,0,0,0,8,0,0,0,0,0]-[134217728,2147483648,67108992,0,0]
[8,0,67108868,0,0,0,0,0,0,0,0,0,0,0,128,0]-[67108872,1024,8192,0,0]
[0,0,67108864,0,0,0,0,0,0,0,8,0,0,128,0,0]-[4194304,393272,2147581956,0,4]
[0,0,0,0,8388608,0,0,16,0,0,0,0,0,128,0,0]-[0,32,2155872256,0,2097152]
[0,0,0,0,0,0,0,0,0,64,4096,128,1048576,0,0,0]-[2097153,32,134217728,0,0]
[0,0,0,0,0,0,0,0,512,0,0,32,0,0,0,0]-[1048584,0,0,1073750016,0]
[0,2097152,0,0,0,0,0,0,134217728,0,0,0,1048576,0,0,0]-[64,8388608,0,0,1032]
[0,0,67108864,0,0,0,0,0,0,0,0,0,256,4,0,0]-[2147483648,0,8192,589872,0]
[0,0,0,0,0,8192,0,0,0,0,16777216,0,0,0,0,0]-[0,131072,8208,0,8192]
[0,0,67108864,2147483648,0,16777216,0,0,0,0,0,0,0,0,0,0]-[0,8,0,1024,66560]
[0,0,0,0,0,0,0,0,134217728,0,134217728,0,0,0,0,0]-[536870920,142606345,0,1073741824,2048]
[0,0,83886080,0,0,0,0,0,134217728,0,0,0,0,128,0,0]-[8,256,0,0,524416]
[0,2048,0,0,0,0,0,4096,0,0,0,0,0,0,0,0]-[1024,0,1024,256,8]
[130,0,0,0,0,0,0,0,0,0,0,0,1048576,0,0,0]-[262144,0,0,16859136,0]
[0,0,67108864,0,0,0,0,0,1048576,0,4096,0,1310720,0,0,0]-[0,4,33554432,37748736,0]
[0,0,0,131072,0,0,8192,0,1048576,0,0,0,0,128,0,0]-[262144,0,0,536870912,8256]
[0,0,71303168,0,0,0,0,0,0,0,0,0,262144,0,0,131072]-[0,8192,33554432,4194304,131072]
[0,0,67108864,0,0,0,0,0,0,0,0,0,1048580,0,0,0]-[0,2147491840,1048580,0,0]
[0,0,0,0,0,0,0,0,1048576,524288,0,0,1048576,0,0,0]-[19005440,1048596,16777232,1572864,1028]
[0,0,0,0,0,32,0,0,0,1024,0,0,0,0,0,0]-[262148,1048584,0,0,0]
[0,0,0,0,0,0,0,0,0,0,512,32,0,0,0,0]-[537919491,0,0,9216,0]
[0,0,67108864,0,0,0,0,0,1048576,0,0,0,16777216,128,0,0]-[4,268435456,8192,134217728,0]
[0,0,67108864,0,0,0,0,0,0,0,0,0,1310728,0,0,0]-[0,67108869,2097152,0,0]
[128,0,0,0,0,0,0,8192,0,0,0,0,0,0,2147483648,0]-[0,65536,8388608,131104,0]
[0,0,67108864,0,0,0,262208,0,1048576,0,0,0,0,0,0,0]-[0,536870912,32,1048640,0]
[0,0,67108864,0,0,0,0,134217744,0,0,0,0,1048576,128,0,0]-[0,0,0,2101248,3145728]
[0,0,0,0,0,0,0,0,1048576,0,0,0,134217728,0,0,0]-[33702148,5242880,1082654720,607128834,8192]
[0,0,4096,0,0,0,0,0,1048576,0,0,0,0,0,0,0]-[257,541065344,33556481,2147483648,1048832]
[0,0,0,0,0,0,0,0,1048576,0,0,0,524288,128,0,0]-[20,0,0,128,524288]
[0,0,0,0,0,0,0,0,0,131072,0,0,0,0,268435456,0]-[0,0,1048576,67109888,262144]
[0,0,0,1,67108864,0,0,0,0,0,0,0,1048576,0,0,0]-[128,33554434,0,0,128]
[0,0,0,0,0,8192,0,0,1048576,0,0,8,0,128,0,0]-[33554432,1342177280,0,0,128]
[0,0,2,0,0,0,0,0,0,0,0,0,8,0,0,0]-[536870912,0,65536,2048,2]
[0,0,0,0,0,262144,0,0,524288,0,0,0,0,0,0,0]-[33554432,4098,2048,0,0]
[536870912,0,67108864,0,0,0,64,0,0,0,0,0,0,0,0,0]-[0,131072,589824,0,2048]
[0,0,0,0,0,0,0,0,4194304,0,4096,0,0,0,0,0]-[285214720,131080,16,2048,16386]
[0,0,0,0,0,0,0,16,0,0,0,32,262144,0,0,0]-[134348810,0,0,0,0]
[0,0,0,0,0,0,0,33554432,0,0,0,32,0,0,0,0]-[402653184,0,67108864,1024,0]
[0,0,0,0,0,0,0,512,0,0,0,0,1048576,0,0,0]-[1619001536,2099202,1073752073,2283931712,283136]
[0,0,8388608,0,0,0,0,16,0,1,0,0,0,0,0,0]-[0,0,150995456,2097152,0]
[0,0,0,65536,4,0,0,0,0,0,0,0,0,0,0,0]-[8388608,0,0,147456,256]
[0,0,0,0,0,16777216,0,0,1048576,0,0,0,0,0,0,0]-[285212929,105119872,33816636,1073742864,135312]
[0,0,67108864,0,0,0,0,16,0,0,0,0,0,0,0,2048]-[4194304,262144,4,524288,0]
[0,4,0,0,0,0,0,16,1048576,0,0,0,0,0,0,0]-[2147483648,65556,553648128,167772160,1048577]
[0,0,67108864,32768,0,0,64,16,0,0,0,0,0,0,0,0]-[0,65536,0,64,2176]
[0,0,33554432,0,0,33554432,0,0,1048576,0,0,0,0,0,0,0]-[16384,0,16,32768,524288]
[0,0,67108864,16384,67108864,64,0,0,0,0,0,0,0,0,0,0]-[0,0,6176,0,4]
[128,0,512,0,0,536870912,0,0,0,0,0,0,0,0,0,0]-[0,262144,0,4202496,4096]
[0,0,0,4096,0,0,0,0,33554432,0,0,0,0,0,0,0]-[1024,8,131072,32,0]
[0,0,67108864,0,0,0,1,0,0,0,4096,0,0,0,0,0]-[0,536871236,4096,0,2146304]
[0,0,67108864,0,0,0,0,0,134217728,32,0,0,0,0,0,0]-[0,67108864,20,0,256]
[0,0,67108864,0,0,0,0,0,0,0,0,1073741824,0,536870912,0,0]-[0,133136,512,0,0]
[0,0,16777216,0,0,0,0,0,0,0,1073741824,0,1048576,0,0,0]-[0,2,0,8,8224]
[0,0,0,0,32768,0,0,0,1048576,0,0,0,0,0,0,0]-[1075716248,1681985632,297154,3558872400,264208]
[0,8388608,0,0,0,0,0,0,8388608,0,0,0,0,0,0,0]-[0,32776,3,0,0]
[0,0,67108864,0,0,256,0,16,16777216,0,0,0,131072,0,0,0]-[0,0,256,192,128]
[0,0,67108864,0,0,16384,0,0,0,0,0,0,262144,0,0,0]-[65536,72,0,134217728,0]
[0,0,67108864,0,0,64,0,0,0,8388608,0,0,8,128,256,0]-[0,96,0,32,1048576]
[0,0,0,0,0,2147483648,0,0,1048576,0,0,0,262144,0,0,0]-[0,0,0,1056,532480]
[0,0,0,0,0,0,0,0,0,1024,1048576,0,1048576,0,0,0]-[8650752,1049088,0,0,0]
[1048576,0,0,0,67108864,0,0,0,0,0,0,0,0,0,0,0]-[32768,8,0,1107296256,0]
[0,0,67108864,0,0,0,0,0,1048576,0,0,0,32768,0,0,0]-[98304,805306628,1073741824,2151677952,0]
[0,0,8388608,0,0,0,0,0,0,0,0,0,262144,0,0,0]-[0,3074,1,0,0]
[8388608,16,0,0,0,256,0,0,1048576,0,0,0,0,0,0,0]-[0,33619968,8388608,2097152,0]
[0,0,0,0,0,0,0,0,0,0,0,64,0,128,67108864,0]-[16,0,0,580,0]
[0,0,16777216,0,0,0,0,0,536870912,0,0,0,0,0,0,0]-[0,4096,268435584,1024,0]
[0,0,0,0,0,0,0,4096,0,0,4096,0,0,0,0,0]-[524544,0,16384,512,128]
[0,0,0,0,0,0,0,0,0,0,0,4194304,0,536871040,0,0]-[1048592,285212672,0,0,0]
[1048576,0,0,0,0,524288,0,0,0,0,0,0,1048576,0,0,0]-[2,4096,0,0,262152]
[0,0,0,33554432,0,0,0,0,0,0,256,0,0,0,0,0]-[322,0,2147483648,0,0]
[0,0,0,0,4,0,0,0,0,0,2,0,0,0,0,0]-[0,262144,4194304,2048,16384]
[0,0,0,0,67108864,0,8192,0,0,0,0,0,0,0,0,0]-[2719629313,2348818688,621027396,100663728,1212977]
[0,0,0,0,0,0,335544320,0,1048576,0,0,0,0,128,0,0]-[33554448,0,0,192,0]
[0,0,0,0,0,0,0,0,0,0,0,0,1048576,536870912,8388608,0]-[0,33554432,0,1052672,32]
[0,0,0,0,0,0,0,8192,2,0,0,0,0,0,0,0]-[0,2147549316,0,0,0]
[1073741824,0,0,0,0,256,0,16,0,0,0,0,1048576,0,0,0]-[64,4096,2097152,0,4096]
[0,0,0,0,0,0,1,0,1048576,0,0,0,0,128,0,0]-[0,536871168,8388608,134217728,0]
[16384,0,0,0,0,8192,0,0,0,0,0,0,262144,0,0,0]-[0,1073750020,16777216,0,0]
[256,0,0,0,512,0,0,0,0,0,4096,0,0,0,0,0]-[0,0,268451840,335544320,0]
[0,0,0,131072,0,0,0,0,0,0,0,0,0,0,0,256]-[0,4096,2048,268435968,0]
[0,16777216,0,0,0,0,0,0,0,2,0,0,0,0,0,0]-[131072,524288,4104,0,0]
[0,2097152,67108864,0,0,256,0,0,0,0,0,0,0,0,0,0]-[0,33554432,268435472,0,1]
[0,128,0,0,0,0,0,268435456,1048576,0,0,0,1048576,0,0,0]-[0,1048608,0,1048576,8192]
[0,0,0,0,0,0,0,0,0,0,0,4194304,262144,128,0,0]-[0,2048,2,32,65536]
[0,0,67108864,536870912,0,0,0,0,0,2,4096,0,0,0,0,2]-[0,0,16,327936,0]
[0,0,0,0,0,0,0,0,16,0,4096,0,0,128,0,0]-[268435968,64,0,512,0]
[536870912,0,0,0,0,0,0,0,1048576,0,0,0,1048576,0,0,0]-[131072,0,33554432,71303168,0]
[0,8,67108864,0,0,0,0,0,1048576,0,0,0,0,0,0,128]-[0,0,1073752064,32768,0]
[0,0,0,262144,0,0,0,8,0,0,0,0,0,0,0,0]-[1073758208,256,0,0,512]
[0,0,67108864,0,0,0,64,0,1048576,0,0,0,0,0,0,0]-[2200012805,604308244,1112125488,2155386688,658823]
[128,0,0,0,0,0,0,0,16777216,0,0,0,0,0,0,0]-[1245724672,268501248,536888320,2466414827,528756]
[0,0,67108864,0,0,0,0,1073741824,0,512,0,0,0,0,0,0]-[205520896,0,0,0,16384]
[0,0,0,0,0,16384,0,0,67108864,0,0,0,0,0,0,0]-[32,2,16777216,512,0]
[0,0,0,0,0,0,0,0,0,0,0,32,0,536870912,0,0]-[2148598850,33816592,335693824,3254798340,2106016]
[131072,0,0,0,0,0,0,0,0,0,0,0,0,0,4096,0]-[8,1073741824,0,2113536,0]
[0,0,0,0,0,0,0,2147483648,0,0,0,0,1048576,0,0,0]-[536870912,0,16,67109120,0]
[0,0,67108864,0,0,0,0,0,134217728,0,0,0,2147483648,0,0,0]-[64,0,8,32,1]
[0,16,0,0,1048576,0,64,0,0,0,4096,0,1048576,32,0,0]-[262144,8,65536,256,0]
[0,0,67108864,0,0,0,0,0,1048576,0,0,0,0,128,2048,0]-[4,256,0,512,64]
[0,0,0,0,262144,0,0,0,17825792,0,0,0,0,0,0,0]-[0,512,536870912,3,0]
[0,64,67108864,0,0,0,0,8,0,0,0,0,262144,0,0,0]-[6,0,0,32772,0]
[0,0,67108864,0,0,0,0,16,0,0,4096,0,0,0,65536,0]-[8392704,263168,0,0,0]
[16777216,0,0,0,0,0,0,1073741824,0,0,0,0,0,0,0,0]-[16384,16384,0,16386,0]
[0,0,0,0,67108864,0,0,0,0,16384,0,0,0,0,0,0]-[67108864,2147483648,65536,536870912,0]
[0,0,0,0,0,0,0,0,0,0,33554432,0,0,1,0,0]-[2064,2147483712,0,0,0]
[0,0,0,0,0,64,0,0,0,128,0,0,0,0,65536,0]-[2048,524800,0,0,128]
[0,0,67108864,0,0,524352,0,0,0,0,0,0,0,0,0,0]-[64,2147486208,2048,2147483648,0]
[0,64,0,0,0,0,0,0,0,0,0,0,0,128,0,0]-[68157702,235143168,939556864,629539332,2056]
[0,0,0,0,0,0,0,16,16777216,0,0,0,0,0,32768,0]-[16384,0,258,4096,0]
[0,0,0,0,67108864,0,0,0,0,4096,0,0,0,16,0,0]-[2147483648,8,262144,8,0]
[0,0,67108864,0,0,256,0,0,0,0,4096,0,0,0,33554432,0]-[2621440,0,512,32768,0]
[0,0,16384,0,0,0,0,0,0,0,4096,0,0,0,0,0]-[540672,4194304,8388608,0,0]
[128,0,67108864,0,0,0,0,0,0,0,0,0,1048576,0,0,0]-[180420673,2468609145,104884224,2205524217,3702855]
[0,0,67108864,0,0,0,64,0,0,1048576,4096,0,0,0,0,0]-[0,294913,0,4096,0]
[0,0,0,0,8,0,0,0,0,0,0,0,1048576,0,0,0]-[5243202,1073743904,8458753,76305216,921186]
[0,0,0,0,0,0,0,0,2,1048576,0,0,0,0,0,0]-[0,0,131072,536870912,1048584]
[0,0,0,0,65536,0,0,0,134217728,0,0,0,0,0,0,0]-[16,8192,1074790400,17170432,1024]
[0,0,67108864,0,0,536870912,0,0,0,0,0,0,262144,0,0,0]-[0,0,0,262144,34820]
[0,0,0,0,0,0,0,0,0,0,64,32,0,0,0,0]-[64,0,131328,0,2]
[0,0,0,0,67108864,0,0,8,0,512,0,0,0,0,0,0]-[2048,33554432,0,0,520]
[0,8388608,0,0,0,0,0,0,0,0,4096,0,0,0,0,0]-[2364160,50503704,1107301057,33854980,16418]
[0,0,0,0,0,0,0,16,0,0,0,0,0,16777344,0,0]-[0,0,0,268437504,3145728]
[0,0,67108864,0,0,256,0,16,0,0,0,0,131072,0,0,0]-[0,2048,256,192,0]
[0,0,0,0,0,0,0,0,134217728,0,0,0,0,0,8192,0]-[16779904,0,1048592,1073741824,4]
[0,0,0,0,0,0,8192,0,0,1024,0,0,0,0,0,0]-[8192,0,16777728,0,512]
[0,0,0,2048,0,0,0,0,0,0,0,0,131072,0,0,0]-[2064,0,4112,0,0]
[0,0,0,0,0,0,0,272,0,0,0,0,0,0,0,0]-[528,134218240,537952276,37748736,272385]
[0,0,0,2048,0,0,0,0,0,0,0,2097152,0,0,0,0]-[2097152,0,4195328,0,8]
[0,0,0,2147483648,2147483648,0,0,0,0,0,0,0,0,0,0,0]-[0,1032,16777216,8192,65536]
[1048576,0,0,0,256,0,0,0,0,0,4096,0,0,0,0,0]-[0,33554432,0,18436,0]
[0,0,0,0,0,8192,0,0,0,0,33554432,0,0,0,0,0]-[0,0,8650752,128,16384]
[0,0,0,0,0,0,0,0,134217728,0,0,0,8,128,0,0]-[268437512,68157440,1073741826,1073741824,525440]
[0,0,0,0,0,0,0,0,0,2048,0,0,64,0,0,0]-[0,1081344,0,268437504,0]
[0,0,67108864,0,0,0,8192,0,0,0,0,0,0,2147483648,0,0]-[0,262208,32768,4194308,0]
[0,0,0,0,0,0,0,0,150994944,0,0,0,0,536871040,0,0]-[2064,2048,0,1073741824,0]
[0,0,0,0,0,0,0,0,0,16384,0,524288,0,0,0,0]-[16,8192,73728,0,0]
[67108864,0,67108992,0,0,0,0,0,0,0,0,0,0,0,0,0]-[67108864,4194304,32768,262144,0]
[0,2097152,0,67108864,0,0,0,0,0,0,0,0,0,0,0,0]-[0,8,268435456,268435456,256]
[32768,128,67108864,0,0,0,0,0,0,0,0,0,0,0,0,0]-[71303172,67141632,0,32832,64]
[128,0,0,1,0,0,0,0,0,0,0,0,0,128,0,0]-[1048576,67108928,130,262144,294912]
[128,0,0,0,0,0,0,0,0,0,0,0,16,0,0,0]-[67108864,0,8,268566528,524336]
[0,0,0,64,0,0,0,0,0,0,0,0,0,128,0,0]-[2049,268435456,131073,82944,18]
[0,0,0,262144,0,0,0,0,135266304,0,0,0,0,0,0,0]-[16400,0,16,256,0]
[0,0,67108864,0,0,8192,8,0,0,0,0,0,0,536870912,0,0]-[4,268439552,0,0,16384]
[0,0,0,0,100663296,0,8192,0,33554432,0,0,0,0,128,0,0]-[33554432,0,0,67108896,32]
[0,0,1024,0,0,0,0,0,4096,1024,0,0,0,0,0,0]-[33558528,16384,2,0,0]
[0,0,67108864,0,0,0,0,0,0,0,0,0,268435456,0,16,0]-[0,0,4,16777232,1048576]
[0,0,67108868,0,0,256,0,0,0,0,0,0,0,128,0,0]-[2097152,2048,0,128,524288]
[0,0,0,0,268435456,0,0,0,1048576,0,0,0,0,0,0,0]-[384,65536,262144,2215116800,9221]
[0,0,0,0,524288,0,0,0,0,0,0,1048576,1048576,0,0,0]-[1310720,16384,65536,0,0]
[0,0,0,0,0,0,0,268435456,0,0,0,512,0,0,0,0]-[64,0,64,16,131072]
[0,0,0,1,0,0,0,0,1048576,0,4096,0,0,0,0,0]-[2048,0,0,369099776,0]
[0,0,0,0,0,0,64,8,64,0,0,0,0,0,0,0]-[294912,0,512,2097152,0]
[0,0,0,0,0,536870912,0,0,0,0,4096,0,8,0,0,0]-[268435456,0,33554433,262144,0]
[0,0,67108864,0,0,0,0,0,0,0,4194304,0,0,0,0,2048]-[33,0,0,134218752,0]
[0,0,524288,0,0,256,0,0,0,0,0,0,0,128,0,0]-[512,0,2097152,134219776,0]
[0,0,67108864,268435456,0,0,0,16,0,0,0,0,1048576,0,0,0]-[4096,0,8208,16777216,0]
[0,0,0,0,0,0,2147483648,0,0,0,32768,0,0,0,0,0]-[0,512,512,268500992,0]
[0,0,0,0,0,0,0,2048,0,0,8388608,0,0,0,0,0]-[1048576,8388610,0,0,2048]
[0,0,0,0,0,0,0,16,0,0,0,1073741824,0,0,0,0]-[2147532800,8919568,16810560,69212208,3407872]
[0,0,0,0,0,0,0,0,0,0,0,0,0,8388608,33554432,0]-[0,536870920,151519232,4194400,0]
[128,0,0,0,0,0,0,0,1048576,0,0,0,0,0,524288,0]-[2048,0,0,269492224,0]
[2,0,0,0,0,0,0,0,1048576,0,4096,0,1048576,0,0,0]-[276824064,1,4096,0,0]
[0,0,0,0,0,0,0,1048576,9437184,0,0,0,1048576,0,0,0]-[2048,0,0,2113,0]
[0,0,0,0,0,0,0,0,0,0,0,16,1048576,0,0,0]-[3221225472,69206035,8196,1073741824,17]
[0,4096,0,0,0,16777216,0,0,0,0,0,0,0,0,0,0]-[0,8388608,131072,0,16448]
[0,0,0,0,2048,0,0,0,0,0,32,0,0,0,0,0]-[0,33554432,0,1073758208,4]
[0,0,67108864,0,67108864,0,0,16,1048576,0,0,0,0,4,0,0]-[0,4456448,1073741824,8192,0]
[0,0,0,0,0,0,0,0,2048,33554432,0,0,0,0,0,0]-[1,0,67109122,0,0]
[0,0,0,0,0,64,0,0,0,0,536870912,0,0,128,0,0]-[1,0,2147614720,0,65536]
[0,0,0,0,0,0,0,4194304,0,0,0,0,1048576,0,0,0]-[8388608,33554432,0,131072,8192]
[0,0,0,0,0,8192,0,0,0,2097152,0,0,0,0,0,0]-[2162692,3221227520,688390144,32768,8]
[0,0,67108864,0,0,256,8192,0,0,0,0,0,0,128,0,0]-[2097152,2112,524288,0,32768]
[0,0,67108864,0,0,0,64,0,0,0,0,134217728,0,0,0,0]-[33554432,262144,1024,0,32768]
[0,0,0,0,0,0,16384,16,0,0,0,0,3145728,0,0,0]-[0,0,9437696,64,0]
[0,0,0,0,0,0,0,0,1048576,0,4096,0,0,0,2097152,0]-[0,4194304,128,34816,0]
[0,0,0,0,0,64,0,0,8192,0,0,0,0,0,0,0]-[536870976,0,4096,0,4]
[0,0,67108864,0,0,8192,0,0,0,0,128,0,0,0,0,0]-[8388608,4259848,0,0,0]
[0,0,83886080,0,0,0,0,64,0,0,0,0,0,0,0,0]-[0,16,0,0,2621441]
[0,0,67108864,0,0,256,64,16,0,0,0,0,1048576,0,0,0]-[0,65536,4096,2097408,0]
[0,0,0,0,0,0,4096,0,1048576,0,0,524288,0,0,0,0]-[65552,0,536870912,8192,0]
[0,0,0,32,0,0,0,0,1048576,0,0,0,0,128,33554432,0]-[131072,256,524288,32,0]
[0,1073741824,0,0,0,0,0,0,0,0,128,0,1048576,128,268435456,0]-[0,2048,0,67108864,263168]
[0,0,0,0,67108864,8192,8192,0,0,0,0,32,262144,0,0,0]-[2684354560,0,64,0,32]
[0,0,0,0,0,0,0,0,0,0,0,4194304,1048576,128,0,0]-[0,2048,0,16,73728]
[0,0,0,0,0,0,0,0,0,0,134217728,32,0,0,0,0]-[64,0,67108864,1073758208,0]
[0,0,67108864,0,0,0,0,0,0,0,0,0,262176,0,0,0]-[0,67119104,1048576,0,0]
[0,2097152,0,0,0,0,0,0,537919488,0,0,0,0,0,0,0]-[0,4,0,268435456,131088]
[0,0,0,0,0,256,0,0,0,0,0,0,8,16777344,0,0]-[16384,96,0,0,1048576]
[16,0,67108864,0,0,2048,0,0,0,0,0,0,0,0,0,0]-[0,98304,16,1024,0]
[0,0,0,0,0,0,0,16,0,0,0,0,135266304,0,0,0]-[0,4096,0,2097152,266240]
[0,0,0,0,0,0,67108864,0,0,0,4096,0,0,0,0,0]-[1075838976,2885746688,4096,131072,524294]
[0,0,0,0,0,0,0,0,0,0,0,0,1572864,0,0,0]-[0,38797312,33554450,1073754128,16416]
[0,0,67108864,0,0,0,64,8,262144,0,0,0,0,0,0,0]-[32768,0,1073745920,0,128]
[0,0,0,0,0,0,0,0,1048576,0,0,0,0,0,0,4]-[2147909648,8716288,16787513,1479019682,131088]
[0,0,67108864,0,0,0,0,0,134217728,4096,0,0,0,128,0,0]-[0,0,4,32,1088]
[0,0,0,0,0,0,0,16,0,0,4096,0,0,1024,0,0]-[1358954496,0,128,0,0]
[1048576,0,83886080,0,0,0,0,0,0,0,4096,0,1310720,0,0,0]-[0,0,33554432,65792,2]
[0,0,0,0,0,0,0,16,0,8192,0,0,0,0,0,0]-[2147483648,67584,16782080,17,12288]
[0,0,64,0,0,0,0,0,0,0,0,0,0,8388608,0,0]-[0,9437184,0,262144,512]
[0,0,67108864,0,0,0,0,0,134217728,0,0,0,1048576,536870912,0,0]-[0,16,67109376,0,4]
[0,0,4,0,0,0,0,0,0,0,0,0,0,0,262144,0]-[4194336,142606336,12582914,0,512]
[0,0,0,512,0,0,0,0,0,0,0,0,0,128,0,0]-[0,16777216,524416,65536,0]
[0,0,0,0,0,64,0,0,0,0,0,0,1048576,8192,0,0]-[0,1,2097152,16908288,0]
[0,1073741824,67108864,0,0,0,64,0,1048576,0,0,0,0,0,0,0]-[0,0,524288,1573120,0]
[0,0,67108864,0,0,0,0,524288,0,0,4096,0,0,0,0,0]-[524288,536871168,1342177280,66176,0]
[0,0,0,524288,67108864,0,0,0,0,0,0,0,0,0,0,0]-[0,0,285214720,1048576,0]
[2,0,0,0,0,0,0,0,0,0,0,32,0,0,0,0]-[0,2147484160,0,3221225472,0]
[0,0,0,0,0,0,0,67108872,0,0,0,0,0,0,0,0]-[0,294912,134218816,2149588992,0]
[0,0,0,1,0,64,0,0,0,0,0,0,0,0,0,0]-[2147483712,1073741824,2,131585,524288]
[0,0,0,0,0,256,32,16,0,0,16777216,32,0,0,0,0]-[16,1048576,0,268435456,4096]
[0,268435456,0,0,0,0,0,16,0,0,0,0,0,0,0,0]-[2147483664,142619664,16908800,268435475,2113544]
[16,0,0,0,0,0,0,0,0,0,2048,0,0,0,0,0]-[8421376,256,128,0,0]
[0,0,67108864,0,0,0,2097152,0,134217728,0,0,0,0,0,0,0]-[0,268435456,256,65664,0]
[0,0,1,0,0,0,0,0,134217728,0,0,0,0,0,0,0]-[256,0,0,2147483648,262176]
[0,0,0,0,0,0,0,0,0,0,524288,0,262144,0,0,0]-[16640,536875008,1081344,0,131074]
[0,0,0,0,0,256,0,0,1048576,0,0,0,0,0,524288,0]-[0,0,17039360,0,8256]
[0,0,67108864,0,0,0,0,0,65536,0,0,0,0,128,0,0]-[4,0,0,4,1028]
[0,0,67174400,0,0,0,0,16,0,0,0,0,0,0,0,0]-[4194305,0,0,1032,0]
[0,16384,0,0,0,8192,0,0,1048576,0,0,0,0,0,0,0]-[16,0,16,536870944,0]
[0,0,4096,0,0,2048,0,0,1048578,0,0,0,0,0,0,0]-[0,536871040,33554432,0,256]
[0,0,0,0,262144,0,0,0,0,0,0,0,0,0,0,32]-[2147483648,1073741824,0,268435456,16384]
[0,0,0,0,0,0,0,8,0,0,4096,0,0,524288,0,0]-[16384,393216,512,0,0]
[0,0,2,0,0,0,0,0,0,0,4096,0,0,128,0,0]-[0,64,0,65536,2097184]
[0,0,0,0,0,0,0,0,0,0,0,1,262144,0,0,0]-[268435456,68173824,16777344,66560,0]
[134217856,0,0,0,0,0,64,0,0,0,0,0,0,128,0,0]-[512,0,131072,268435464,0]
[2147483648,128,67108864,0,0,256,0,256,0,0,524288,0,1048576,0,0,0]-[0,67108872,8192,0,16384]
[0,67108864,0,16777216,0,0,0,0,0,0,0,0,0,0,0,0]-[0,16777216,0,0,264704]
[0,0,67108864,0,0,0,0,0,0,0,528384,0,0,0,0,0]-[0,0,0,132,32770]
[128,0,67108864,0,8388608,0,0,0,0,0,0,0,0,0,2097152,0]-[0,0,16384,16777217,4]
[0,0,67108864,0,0,0,64,0,0,0,4096,0,256,0,0,0]-[0,8,1073741824,4227072,0]
[0,0,0,0,67108864,256,0,0,0,0,4096,0,0,0,0,0]-[262912,0,276893697,4352,0]
[0,0,0,0,0,0,0,0,0,512,0,256,0,0,0,0]-[67108864,8650752,1280,0,0]
[0,0,67108864,0,67108864,0,0,0,0,0,4096,0,0,128,0,0]-[2048,268828993,2148548640,2363536,2621444]
[0,0,0,0,0,0,0,0,2048,0,0,0,0,0,536870912,0]-[268435456,0,2097216,0,2]
[0,0,0,0,0,0,0,0,256,0,4096,0,0,128,0,0]-[268435456,256,128,128,0]
[0,0,0,0,0,512,0,16,0,0,0,0,0,0,0,0]-[32784,4128,2129922,1,0]
[0,0,0,0,0,0,0,16,0,0,0,67108864,0,128,0,0]-[0,512,2048,16384,2048]
[0,0,4194304,0,0,0,0,0,0,0,0,0,0,0,0,4608]-[0,17302528,0,268435456,0]
[0,0,0,0,262144,0,64,0,0,0,0,0,0,128,0,0]-[2,0,0,0,2105348]
[0,0,16777216,16777216,0,0,0,0,0,0,0,0,0,0,0,0]-[3221225472,32768,525314,0,34848]
[0,0,67108864,0,0,0,0,16,0,0,1073741824,0,8,0,0,0]-[0,528,2560,0,0]
[0,0,0,0,0,67108864,8192,0,0,0,0,0,0,0,0,0]-[536870912,0,4096,33554432,512]
[0,0,0,0,0,0,0,524288,1048576,0,0,0,0,128,0,0]-[128,537133312,1082130432,536871424,4]
[0,0,0,0,0,0,0,0,0,0,4096,0,0,128,16,0]-[262144,0,0,268438024,2097152]
[0,0,32768,0,0,0,0,131072,1048576,0,0,0,0,0,0,0]-[256,0,16777344,0,16]
[0,0,0,0,0,0,0,0,0,0,0,0,512,128,0,0]-[3145728,0,2228224,6146,1024]
[0,0,0,0,0,0,4194304,0,134217728,0,4096,0,0,0,0,0]-[16896,0,0,0,16392]
[0,0,67108864,0,0,256,0,65536,0,0,0,0,0,0,0,0]-[0,0,8,17,2048]
[0,0,0,0,32768,0,0,0,4194304,0,0,0,0,128,0,0]-[0,1073741888,8192,262144,0]
[128,0,0,0,0,0,0,0,0,0,0,262144,0,0,0,0]-[1048577,536903680,0,0,0]
[0,0,0,0,65536,0,0,0,135266304,0,0,0,0,128,0,0]-[16400,262144,0,0,1024]
[65536,0,67108864,0,0,0,0,0,0,0,0,0,0,0,0,0]-[117440544,2129936,301993984,853512,1181761]
[128,0,0,0,134217728,0,0,0,0,0,0,0,0,0,0,0]-[131072,0,0,16401,0]
[0,0,4,67108864,0,0,0,0,0,0,0,0,0,0,0,0]-[4227072,134217792,0,0,0]
[0,0,67108864,262144,0,0,0,72,0,0,0,0,0,0,524288,0]-[4,0,528384,8,0]
[0,0,67108864,0,0,0,0,0,0,0,0,0,2,0,32768,0]-[0,512,1073745920,512,0]
[0,0,67108864,2147483648,0,0,0,0,0,0,0,0,262144,128,0,0]-[0,67241984,0,2097152,1179648]
[0,128,0,0,0,0,0,0,0,0,0,0,16777216,0,0,0]-[0,524288,34817,0,0]
[0,0,67108864,0,0,0,0,0,0,0,4096,0,262144,0,0,0]-[11079680,2768414029,1375748096,38077704,98434]
[0,0,67108864,0,0,0,0,0,0,0,4096,524288,0,128,0,0]-[2,268435456,2147483648,32,0]
[0,65536,67108864,0,0,0,0,0,0,0,0,0,2,0,0,0]-[134217728,1,0,8192,64]
[0,0,0,0,0,134217728,0,0,134217728,0,67108864,0,1048576,128,0,0]-[0,8390656,0,4096,1024]
[0,0,0,0,0,64,0,0,0,0,0,0,0,128,4096,0]-[268435600,0,8388608,0,0]
[0,0,67174400,0,0,0,0,32,0,0,0,0,1048576,0,0,0]-[0,65536,33554432,16777472,0]
[0,0,0,0,0,256,0,0,671088640,0,0,0,0,0,0,0]-[65552,0,2097156,0,0]
[0,0,67108864,0,0,0,0,0,16384,0,0,0,8,0,0,0]-[66,0,4,33554432,0]
[0,0,0,131072,0,0,0,0,0,0,0,0,1048576,128,0,0]-[0,32,0,4096,263168]
[0,1048576,67108864,0,0,0,8192,0,134217728,0,0,0,0,0,0,0]-[0,0,4,304,0]
[0,0,0,0,0,8448,64,0,0,0,0,0,0,0,0,0]-[0,0,536870912,16842752,16384]
[0,0,0,0,0,0,0,0,0,0,0,16,0,16777216,0,0]-[0,2,65536,2147483680,0]
[0,0,256,0,0,256,0,0,0,0,0,0,0,0,0,0]-[0,512,4,201326592,0]
[0,0,67108864,32768,0,0,0,0,16777216,0,0,0,0,0,0,0]-[134742016,0,256,64,0]
[1024,0,0,0,0,0,0,0,0,0,0,0,8,128,0,0]-[0,0,2147483648,536872960,128]
[0,0,67108864,0,0,8192,0,0,0,0,0,0,1310720,0,0,0]-[2097152,2052,0,65536,0]
[0,0,0,0,0,0,0,0,0,0,0,0,256,33554432,0,0]-[0,1073758208,0,16777248,0]
[0,0,67108864,0,0,0,64,0,1048576,0,0,2147483648,1048576,0,0,0]-[32769,0,0,6291456,0]
[0,0,0,0,0,0,0,0,0,524288,2097152,0,0,0,0,0]-[0,536871040,16777216,0,2097152]
[0,0,0,0,0,0,0,131072,537919488,0,0,0,0,0,0,0]-[256,4,0,512,16]
[0,0,1073741824,0,0,0,0,0,1048576,0,0,0,0,536870912,0,0]-[0,0,16777216,1048576,257]
[0,0,67108864,0,0,0,0,0,0,0,0,0,0,0,0,8]-[2248146976,2164310032,301999104,267520,1049616]
[0,0,0,0,0,0,0,1048576,135266304,0,4096,0,0,0,0,0]-[2048,0,8388624,256,0]
[0,128,67108864,0,0,0,0,0,1048576,0,0,32,0,0,0,0]-[32768,16400,32768,0,0]
[0,0,67108864,0,0,0,0,0,0,0,0,32,2147483648,0,0,0]-[2,0,33554688,0,2]
[128,0,0,0,0,0,0,0,0,0,8,0,0,0,0,0]-[1208221696,1024,163840,192,0]
[0,0,0,0,0,0,0,0,1048576,0,0,0,262144,128,0,0]-[2507028,1611661312,553681025,102760864,1713152]
[0,0,0,8,0,0,0,16,0,0,0,0,0,0,0,0]-[67117056,16777216,16,0,0]
[0,0,67108864,0,0,2097216,0,0,0,0,0,0,0,0,0,0]-[2147516418,0,0,1,0]
[0,0,0,0,0,0,0,0,1048592,0,0,0,0,128,0,0]-[2113536,0,128,1073745920,663552]
[0,0,67108864,0,0,256,0,268435456,0,0,0,8,0,0,0,0]-[2097152,0,0,80,2048]
[0,0,0,0,0,0,0,33554432,0,0,0,0,0,0,8,131072]-[3221225984,256,0,0,0]
[0,0,0,0,0,0,0,2048,0,128,0,131072,0,0,0,0]-[67108864,0,2359296,536870912,0]
[0,0,0,0,0,0,0,16,1048576,0,0,1024,0,128,0,0]-[0,269484032,0,2048,1048576]
[0,0,0,0,1,0,0,0,0,0,0,0,0,536870912,0,0]-[1024,0,33816576,0,512]
[0,128,0,0,0,0,0,67108864,0,0,0,0,0,0,0,0]-[1048832,131072,263168,17834304,0]
[2097152,0,0,0,0,0,0,0,0,0,4096,0,131072,0,0,0]-[0,0,528,0,65568]
[0,0,67108864,0,0,0,0,0,0,0,4096,0,0,2097152,0,0]-[0,32,512,4194304,128]
[0,0,67108864,0,0,0,0,0,0,16777216,0,0,0,128,134217728,0]-[2052,0,4,4096,0]
[0,0,128,0,0,0,0,0,0,33554432,0,0,0,0,0,0]-[0,1058,262144,0,0]
[0,0,67108864,0,0,0,0,0,0,0,0,2048,1048576,0,0,0]-[0,32777,2097152,1049092,2]
[0,0,0,0,0,1048576,0,0,1048576,0,0,0,0,0,0,0]-[1073741972,134479872,4194522,67141632,16384]
[0,0,67108864,0,0,0,0,0,0,0,4096,4224,0,0,32,0]-[0,67371008,4096,8,0]
[0,0,0,0,0,0,8192,0,0,0,0,32,1048576,128,0,0]-[1048577,16777216,0,0,32]
[0,0,67108864,0,0,8388608,0,0,0,0,0,8192,0,0,0,0]-[2097160,2048,65536,4128,0]
[0,0,201326592,0,0,0,0,0,0,0,4096,0,0,0,0,0]-[0,2181038080,4112,0,0]
[0,0,0,0,524288,8192,0,0,0,0,0,0,0,0,0,0]-[8388608,0,138412096,268435457,262152]
[0,0,0,0,0,0,0,0,1048576,0,0,128,1310720,0,0,0]-[16384,16384,0,0,9216]
[0,8,0,0,0,0,0,0,0,0,0,0,0,128,0,0]-[8,1074298944,8519682,8527878,270368]
[0,0,67108864,0,0,0,0,0,128,0,0,0,1048576,0,0,0]-[8388608,512,8192,4,32768]
[0,0,0,0,32,0,0,0,0,0,0,0,262144,0,0,0]-[32,1196172,2,8192,65536]
[0,0,0,0,0,0,0,0,0,0,0,32,0,0,8192,0]-[2097152,0,2048,65536,512]
[0,0,2097152,0,67108864,0,0,0,0,0,0,0,0,0,0,0]-[256,3221225472,128,0,0]
[0,8388608,0,0,0,0,0,0,1048576,0,0,0,0,536871040,0,0]-[18432,268435456,128,0,0]
[0,0,0,0,0,0,0,0,1048576,0,1,0,1048576,0,0,0]-[2113536,16896,0,0,0]
[0,2176,0,0,0,0,0,0,0,0,0,0,1048576,0,0,0]-[0,16384,1,2147614720,0]
[0,0,67109120,0,0,0,0,0,0,0,0,524288,0,0,0,0]-[0,67108864,0,8224,2]
[0,0,0,0,0,0,0,16,0,0,16,0,1048576,0,0,0]-[64,0,0,272,4096]
[0,0,0,0,4,64,0,8,0,0,0,0,0,0,0,0]-[8192,0,1024,8192,4]
[0,0,67125248,0,0,0,0,0,1048576,0,0,0,0,0,0,0]-[1,0,0,16,131328]
[0,0,0,0,0,0,131072,0,1048576,0,0,0,0,0,0,0]-[2121984,71319976,50333697,67110401,2]
[0,131072,0,0,0,256,0,0,134217728,0,0,0,0,0,0,0]-[512,1048576,2097152,0,1]
[1073741824,0,0,0,0,0,0,0,1048576,0,0,0,0,0,0,0]-[2147516433,0,1082163264,570990721,1581056]
[0,0,0,0,0,0,0,0,1048576,0,0,0,0,32,0,0]-[131457,839975424,8429769,68166912,0]
[0,0,0,0,0,0,0,16,134217728,0,0,0,1048576,0,0,0]-[268451904,76613677,2097168,2117904,1069248]
[0,0,8,0,0,0,0,0,134217728,0,0,0,0,0,0,0]-[262528,16777216,67112960,0,262656]
[0,0,0,0,0,0,32,16777216,0,0,0,0,0,536871040,0,0]-[262160,133120,0,0,0]
[0,0,0,0,0,0,0,0,1048576,0,0,131072,0,0,0,0]-[33554433,1509949441,8652928,2752512000,14336]
[0,0,0,0,0,0,8192,0,0,0,0,1048576,0,0,0,0]-[0,67108864,262656,4096,0]
[0,128,0,0,0,0,0,16,0,0,64,0,0,0,0,0]-[0,134742016,1048576,0,2097152]
[0,0,67108864,0,0,0,8192,0,1073741824,0,0,0,1048576,128,0,0]-[1,0,0,69632,1048576]
[0,0,67108864,0,0,0,0,0,1048576,8388608,0,0,0,128,0,0]-[0,536871200,0,0,1024]
[0,0,8192,0,0,0,512,0,0,0,0,0,0,0,0,0]-[0,2164260864,0,1073774592,0]
[0,0,67108864,0,512,0,0,8,1048576,0,0,0,0,0,0,0]-[1,0,0,2147483776,16]
[0,0,0,0,0,0,0,0,1073741824,0,0,1024,0,0,0,0]-[537395328,0,8388608,0,0]
[0,0,0,0,0,0,33554432,0,0,0,0,0,262144,0,0,0]-[0,1048576,33554432,0,131074]
[0,0,67108864,0,0,0,0,8,16777216,0,0,0,0,0,0,0]-[0,0,512,134217728,192]
[0,0,67108864,1024,0,0,0,64,0,0,0,0,0,128,0,0]-[33554432,256,2097152,128,0]
[0,0,4194304,0,4,0,0,0,1048576,0,0,0,0,0,0,0]-[0,65536,128,32768,64]
[0,0,0,0,4194304,128,0,0,0,0,0,0,0,0,0,0]-[67125248,1024,2097152,0,0]
[0,0,1073741824,0,0,0,0,0,0,0,0,0,0,0,0,32768]-[2415919616,0,2147483648,262144,4096]
[0,0,0,0,0,256,16384,0,1048576,0,0,0,0,0,0,0]-[0,268435456,0,67108864,1280]
[0,0,0,0,0,8192,0,0,0,0,0,0,8,0,0,4]-[67110912,0,0,526336,0]
[256,0,0,0,0,0,0,0,0,0,0,0,0,134217856,0,0]-[32769,0,0,128,262144]
[0,0,0,0,0,32,0,0,0,0,0,0,1310720,0,0,0]-[0,1050624,33554432,33554432,0]
[0,0,75497472,0,0,0,0,0,1048576,0,0,0,0,0,67108864,0]-[0,0,4751360,1048576,0]
[0,0,68157440,0,0,0,0,0,0,0,0,0,0,128,1024,0]-[4,2048,0,134217728,128]
[0,0,67108864,0,0,0,1048576,0,0,0,4096,0,0,0,0,0]-[64,32,0,4194432,0]
[0,0,0,0,0,64,0,0,0,0,0,0,0,0,0,16384]-[16,0,8392704,8388608,0]
[0,128,0,0,0,262144,0,0,0,0,0,0,0,0,0,0]-[32768,2148024320,32769,0,0]
[0,0,0,0,131072,0,0,0,0,1048576,0,0,0,0,0,0]-[16,0,2,16777216,16]
[0,0,0,0,0,0,0,0,2,0,0,0,0,536870912,0,0]-[129,0,134217728,128,0]
[0,0,67108864,0,67108864,0,8192,0,0,0,0,0,1048576,0,0,0]-[2147483648,0,67108864,0,17]
[0,0,0,0,0,0,0,0,1048576,0,0,0,0,4194304,0,0]-[1082261536,276824128,4,33344,1025]
[0,0,0,0,0,256,0,0,0,0,0,0,0,134217728,0,0]-[67436544,268435840,134217792,134217728,8192]
[0,0,0,0,0,0,0,0,0,0,0,0,0,128,0,8192]-[588,1342177280,0,536870912,64]
[0,0,67108864,0,0,0,0,0,1048576,0,4096,0,0,128,536870912,0]-[0,268435456,0,134217728,1028]
[2,0,67108864,0,0,0,0,0,0,0,0,16,0,0,0,0]-[4194304,2048,2048,1,0]
[0,0,67108864,0,0,64,0,0,1048576,0,2048,0,0,0,0,0]-[2147516416,0,0,8256,0]
[0,0,0,0,0,0,0,0,0,0,0,0,67371008,0,0,0]-[272,16922624,2,256,655362]
[0,128,0,0,0,0,0,0,0,0,0,0,0,128,33554432,0]-[131076,0,4,64,0]
[0,0,67108864,0,0,0,0,0,0,32768,4096,0,0,0,0,0]-[8456192,16777216,4096,4352,0]
[0,128,0,0,0,64,0,0,1048576,0,0,0,0,0,0,0]-[16777216,81,2176,2164263168,262400]
[0,0,0,0,0,0,0,0,0,33554432,0,0,1048576,0,0,0]-[262464,67126272,4259841,67108866,16449]
[0,0,0,4194304,0,0,0,0,8192,0,0,0,0,0,0,0]-[128,0,14,0,0]
[0,0,67108864,0,67108864,0,0,0,0,0,0,0,8,0,0,0]-[67174400,100663361,2183200768,2359296,3670144]
[0,0,0,0,0,16,0,0,134217728,0,0,0,0,0,0,0]-[0,2049,8388608,256,0]
[2,0,0,0,0,0,0,0,0,0,0,0,268435456,0,0,0]-[2,0,192,16384,0]
[0,0,0,0,0,0,0,0,0,0,0,0,262144,0,4,0]-[268435472,16924674,2097152,0,1024]
[262144,0,0,0,0,0,8,0,0,0,0,0,0,0,0,0]-[1,0,0,268435456,1064960]
[0,0,67108864,0,2,0,0,0,0,0,0,0,0,128,0,0]-[16777216,512,2148010016,4096,16384]
[0,0,0,0,0,0,0,0,0,512,0,0,0,0,67108864,0]-[67108880,1275592704,1114368,268435456,262274]
[0,0,67108864,0,0,0,0,0,0,4096,0,32,0,128,0,0]-[0,32,4,32,1024]
[0,0,0,0,0,12288,0,0,1048576,0,0,0,134217728,65536,0,0]-[0,0,8192,536871936,8192]
[128,0,67108864,0,0,0,0,0,16777216,0,0,0,1048576,0,0,0]-[138412032,0,0,32961,524288]
[0,0,67108864,0,0,0,0,0,1048576,0,0,0,2097152,0,0,0]-[0,4456976,8,33856,0]
[0,0,67108866,0,64,0,0,0,134217728,0,0,0,0,0,0,0]-[65608,2048,0,0,0]
[2048,0,0,0,0,0,0,0,0,0,0,0,262144,0,0,0]-[272,59392,32768,65792,524288]
[128,134217728,67108864,0,0,0,0,0,1048576,0,0,0,0,0,0,0]-[2048,268697600,0,4194304,0]
[0,0,0,0,0,0,0,0,1048576,0,268435456,0,0,0,0,0]-[2113792,536871056,64,2147487280,8336]
[0,0,67108864,0,2147483648,0,64,0,0,0,0,0,0,0,0,0]-[0,0,1073811968,64,2048]
[0,0,67108864,0,0,256,0,16,0,0,0,0,0,0,0,0]-[2215182416,75570728,19010416,2281705937,1067153]
[0,0,67108864,0,0,262400,0,0,1048576,0,0,0,0,0,0,0]-[2147483648,0,0,134221824,1024]
[2147483648,0,0,0,0,8192,0,0,0,0,0,0,1048576,0,0,0]-[0,65544,8192,0,8192]
[0,0,0,0,0,0,0,0,1048576,0,0,8388608,64,128,0,0]-[0,0,8192,538968064,131072]
[0,1048576,67108864,0,0,0,0,0,150994944,0,0,0,0,0,0,0]-[134217730,0,65536,64,0]
[0,0,0,0,0,0,0,16,0,0,0,0,0,0,262144,0]-[537133569,16448,64,2151678080,32]
[1048576,0,67108864,0,0,0,0,0,0,0,262144,0,0,0,0,0]-[65536,0,0,16,2050]
[0,0,0,0,0,0,0,0,1048576,32768,0,0,0,128,0,0]-[131088,536870912,1082138624,536870912,131072]
[0,0,0,2,0,0,0,0,1048576,0,0,0,0,0,0,0]-[0,4194304,0,3223322624,0]
[0,0,0,0,0,0,0,0,0,0,0,0,0,1073741824,536870912,0]-[1074266112,0,0,1073741824,2097152]
[0,0,0,0,67108864,64,0,0,0,0,0,0,512,0,0,0]-[8192,2048,0,1,128]
[4194304,0,0,0,0,0,0,0,8,0,0,0,0,0,0,0]-[65536,0,536936448,16,0]
[0,0,0,0,0,0,0,0,0,0,0,32,1073741824,128,0,0]-[2684354560,0,0,2148532224,0]
[0,0,1140850688,0,67108864,0,0,0,0,0,0,0,0,0,0,0]-[134217728,268632064,1048576,17047552,0]
[0,0,67108864,0,0,0,0,0,8388608,0,4096,0,536870912,0,0,0]-[0,2214592512,0,256,128]
[0,128,0,0,0,0,0,16,0,0,134217728,0,0,0,0,0]-[0,134217744,1048576,0,2048]
[0,4,0,0,0,0,0,0,0,0,0,0,8192,0,0,0]-[0,128,2097408,1024,0]
[1073741824,0,67108864,0,0,0,0,0,1048576,0,0,0,0,0,0,131072]-[1,0,1073741824,8192,1048576]
[0,0,0,0,0,0,0,0,1048576,0,2097152,0,0,0,0,0]-[262272,9699332,1073743944,1077970080,8576]
[0,0,0,0,0,0,64,1,0,0,0,0,0,0,0,0]-[0,4096,536936464,537006080,32768]
[0,0,0,0,64,0,8192,16,1048576,0,0,0,262144,128,0,0]-[0,0,536870912,67108896,1048576]
[0,0,67108864,0,0,0,0,0,1048576,0,16,0,1048576,512,0,0]-[33554436,0,2048,0,4]
[0,0,4,0,0,0,0,0,0,0,0,0,0,4,0,0]-[0,134234112,0,2147483648,1048576]
[0,0,0,0,0,0,0,0,1048576,0,4096,0,1048576,536870912,0,0]-[278528,4,0,33554432,0]
[0,0,1,0,0,0,0,0,1048576,4096,65536,0,0,0,0,0]-[0,4,536870944,536870912,0]
[0,0,4194304,0,0,0,0,0,0,0,0,0,0,128,268435456,0]-[268435456,0,1572868,0,0]
[1073741824,0,0,0,0,0,0,0,0,0,0,134217728,0,0,0,0]-[0,34078736,128,0,0]
[0,0,0,0,34,0,0,0,0,0,0,0,0,0,0,0]-[512,2147483648,65536,1073741824,0]
[0,0,4096,0,0,0,0,0,0,0,67108864,0,0,0,0,0]-[268435456,8396800,0,0,128]
[128,0,0,0,0,0,0,0,8,0,0,0,0,128,0,0]-[0,2048,180224,0,0]
[64,0,0,0,0,0,0,0,0,0,0,0,0,536870912,0,0]-[536871968,0,0,18433,545]
[0,0,67108864,0,0,0,0,0,1081344,0,0,0,0,0,0,0]-[4,536870912,0,0,17]
[0,0,0,0,0,256,0,0,0,0,0,0,0,1024,0,0]-[262656,0,65536,0,64]
[4,0,67108864,0,0,0,0,0,134217728,0,0,0,0,0,0,0]-[134217732,0,8192,0,131072]
[16777216,0,0,0,0,0,0,0,0,0,0,0,256,0,0,0]-[0,2,67108864,16,1024]
[0,0,0,1,0,8192,0,0,0,0,0,0,0,0,0,0]-[536870912,2147483648,4,128,0]
[16777344,0,0,0,0,0,0,0,0,0,0,0,0,128,0,0]-[262656,268435456,16384,0,0]
[0,0,67108864,0,0,0,0,0,1048576,0,0,0,0,0,1024,0]-[0,0,32,9217,0]
[0,0,0,16384,0,0,0,0,0,0,4096,0,0,0,0,0]-[16777216,4358144,65680,0,8]
[0,0,0,0,0,0,0,0,0,512,0,0,1048576,0,0,0]-[3162112,8536576,184815616,16777232,795138]
[128,0,0,0,0,0,0,0,0,0,0,0,256,0,1073741824,0]-[1048576,0,67633152,262144,0]
[0,0,67108864,16777216,0,0,8192,16,0,0,0,0,0,0,0,0]-[0,0,512,16,17]
[0,0,0,0,0,0,0,0,0,0,0,0,1048576,0,536870912,0]-[9437376,34619393,33882128,157356560,16392]
[16777216,0,0,0,0,64,0,0,0,0,0,0,0,128,0,0]-[0,0,131076,4,1048576]
[0,0,0,0,0,0,0,0,0,4194304,0,0,0,128,268435456,0]-[268435472,0,524288,0,262144]
[0,0,0,0,0,0,1024,0,0,0,0,1,0,0,0,0]-[16384,2359328,0,0,0]
[0,0,128,0,0,0,0,0,0,0,0,16,0,0,0,0]-[0,134217728,0,2147516448,0]
[0,0,0,2147483648,0,0,0,0,0,0,0,0,0,128,0,0]-[394240,276825120,262146,16,65536]
[0,0,201326592,0,0,0,0,8,1048576,0,0,0,1048576,0,0,0]-[0,268501504,0,512,0]
[0,0,67108864,0,0,0,0,0,0,8192,0,0,1048576,0,65536,0]-[0,16779264,0,1049088,0]
[0,0,0,0,536870912,0,64,0,0,0,0,0,0,0,0,0]-[3221241856,2097152,4096,71303168,512]
[0,0,0,32,0,0,0,0,0,4,0,0,0,0,0,0]-[0,0,4098,0,147456]
[0,0,0,0,0,65536,0,0,0,0,0,0,1048576,0,0,0]-[1048832,3145744,16777216,537231872,4104]
[0,0,0,0,2147483648,0,0,0,1048576,0,0,0,1048576,0,0,0]-[131072,16384,262144,2349858816,64]
[0,0,67108864,32,0,0,0,16,0,0,0,0,0,0,0,0]-[524352,67113016,6144,167776512,2115585]
[0,0,0,0,0,0,8192,0,0,0,0,0,1310720,0,0,0]-[270548992,51200,35651584,4194304,8192]
[0,0,67108864,0,67108864,0,0,16,0,0,0,0,1310720,0,0,0]-[0,4194368,1073741824,8192,0]
[0,0,67108864,0,0,0,0,16384,0,0,0,0,0,0,0,0]-[8388610,570492480,2048,1577984,1048582]
[0,0,0,0,0,0,0,16,0,0,0,0,0,536870944,0,0]-[0,2048,131072,0,2113536]
[128,0,524288,0,0,0,0,0,0,0,0,0,0,128,0,0]-[0,268435456,16384,0,131104]
[0,0,0,0,0,0,16,0,0,0,0,0,1048576,0,0,0]-[1536,1056,1744838658,67117056,1]
[0,0,0,0,0,0,0,0,0,0,0,0,0,536870912,268435456,0]-[0,4096,128,1073741824,131072]
[0,0,67108864,0,0,32768,0,0,0,0,0,0,1048576,0,0,0]-[0,0,65536,2164260864,2]
[0,0,0,0,0,0,0,4096,0,0,0,0,0,0,0,1024]-[8,512,0,8192,8192]
[0,0,0,0,0,0,0,0,134217728,0,0,0,2,0,0,0]-[0,532992,0,4194304,0]
[2048,0,0,0,0,0,0,0,0,2097152,0,0,262144,128,0,0]-[2097168,67110912,0,0,0]
[0,0,67108864,0,0,4,0,0,1048576,0,0,0,0,128,0,0]-[35651584,262144,1073741824,2,524356]
[0,0,67108868,0,0,0,0,0,1048576,0,4096,0,0,0,0,0]-[65536,0,33554432,33554560,0]
[0,0,67108864,0,0,0,0,16,0,0,0,1073741824,1048576,0,0,0]-[0,268435456,4096,167772160,0]
[0,0,0,0,0,0,0,0,4,0,0,0,1024,0,0,0]-[256,0,268435456,18,0]
[0,0,67108864,0,0,0,0,0,0,0,0,2,0,0,0,0]-[92274696,2147785216,2215208968,4723856,1048640]
[0,0,0,0,0,8192,0,0,0,0,0,0,0,0,2097152,0]-[0,557056,8388608,143130624,520]
[0,1,0,0,0,0,0,0,0,0,0,0,0,0,32768,0]-[8388608,524288,2148532224,0,0]
[0,0,0,0,0,0,0,0,0,0,0,32,1074790400,0,0,0]-[536870912,16384,0,2147483648,2]
[0,0,0,0,0,0,0,0,1048576,0,0,268435456,1048576,0,0,0]-[33554688,0,0,8192,131072]
[0,0,0,0,0,0,0,0,1048832,0,0,0,0,128,0,0]-[16388,0,794752,128,1572868]
[0,0,0,0,0,0,0,8,1048576,0,0,0,262144,0,0,0]-[294912,262144,0,32768,0]
[0,0,33554432,0,0,8192,0,0,0,0,0,0,0,0,0,0]-[512,524304,67108864,0,0]
[0,0,67108864,0,262144,0,0,0,1048576,0,0,0,0,0,0,0]-[4,272,33554432,2147516417,17]
[0,0,67108864,0,0,0,1024,0,0,0,4096,0,0,0,0,0]-[65536,270624,16,4194304,16384]
[0,0,67108864,0,0,0,8192,16,0,8,0,0,0,0,0,0]-[0,0,4096,33554496,2048]
[0,0,8388608,0,67108864,0,0,0,0,0,0,0,0,0,4194304,0]-[0,0,1073741824,25165824,128]
[0,0,67109888,0,0,0,0,32768,0,0,0,0,0,0,8,0]-[0,0,2048,33554433,2]
[0,0,0,0,0,0,64,16,0,0,4096,0,0,0,0,0]-[280640,72,1207960080,4376832,0]
[128,0,0,0,0,256,8192,0,0,0,0,0,0,0,0,0]-[262208,0,0,0,135168]
[0,0,0,0,0,0,0,0,0,8,0,0,1048576,128,33554432,0]-[0,0,0,0,2359488]
[0,0,67108864,0,0,8192,0,0,0,2097152,0,0,1048576,0,0,0]-[0,268468224,4096,0,16384]
[1,8388608,67108864,0,0,0,0,0,0,0,0,0,0,0,0,0]-[32,8,512,32768,0]
[128,0,67108864,0,0,0,8192,0,0,0,0,0,0,128,0,0]-[0,264192,0,8,131072]
[0,0,0,0,0,256,64,8,0,0,0,0,0,524288,0,0]-[16384,131072,524800,0,0]
[0,0,67108864,0,0,0,0,0,0,0,0,32768,0,524288,0,0]-[4096,0,0,33558528,1]
[1073741824,0,0,0,0,0,0,0,0,0,0,0,1024,0,0,0]-[16,32768,4,0,2]
[0,0,0,0,0,64,0,0,0,4096,0,0,0,128,0,0]-[0,0,2,36,524288]
[0,0,0,0,0,64,0,0,0,0,0,0,8388608,536871040,0,0]-[66,256,128,0,0]
[128,0,0,0,0,0,0,0,0,0,0,0,0,262144,0,0]-[545259552,0,2147483648,0,1]
[1048576,0,67108864,0,0,0,0,0,1048576,0,4096,0,0,0,0,0]-[65536,0,33554432,256,128]
[0,0,0,0,0,4096,0,0,0,0,4096,0,0,0,0,0]-[262144,8208,65536,264192,81920]
[0,0,0,0,0,0,0,256,1048576,0,0,0,0,0,0,0]-[16777232,5243024,562036752,71307297,0]
[0,0,4,0,0,0,0,0,536870912,0,0,0,16777216,0,0,0]-[6291456,32,2,0,0]
[0,0,0,0,0,0,0,16,0,0,0,0,0,128,2147483648,0]-[65536,0,0,140288,0]
[0,0,0,0,0,256,8192,0,0,0,16384,0,0,0,0,0]-[67108864,0,266240,256,0]
[0,0,0,0,0,0,0,0,0,65536,0,0,0,128,0,0]-[1048576,0,2150662149,1350568456,2228228]
[0,0,0,0,0,256,0,0,0,0,0,0,0,128,524288,0]-[512,0,262144,262144,64]
[0,0,0,0,0,0,64,2048,0,0,0,0,1048576,0,0,0]-[32768,4,4096,131072,0]
[0,0,0,0,0,0,0,0,0,0,0,0,16384,0,33554432,0]-[16,0,16386,131344,0]
[0,0,16,0,0,0,0,0,0,0,0,0,2048,0,0,0]-[0,1024,2048,1073741840,0]
[0,0,0,1073741824,0,0,0,0,0,0,0,0,8,0,0,0]-[0,32768,524289,0,128]
[0,0,67108864,0,0,0,0,0,0,0,0,0,0,65536,67108864,0]-[67108864,4,2214592512,0,0]
[0,0,0,0,0,0,32,0,524288,0,0,0,0,0,0,0]-[0,134350848,0,0,262144]
[0,0,67108864,0,0,0,0,0,1048576,524288,64,0,0,0,0,0]-[0,16,4194304,0,68]
[0,0,0,0,67108864,0,8192,0,0,0,0,262144,0,0,0,0]-[2148532224,0,0,0,17]
[16384,0,67108864,0,0,0,64,0,16777216,0,4096,0,0,0,0,0]-[2048,67108864,16,0,2]
[0,0,0,0,0,0,1024,0,1048576,0,0,0,0,128,0,0]-[2375681,1611923488,524288,536875040,524288]
[0,0,0,4,0,128,0,0,0,0,131072,0,0,0,0,0]-[0,0,0,2,66176]
[0,4194304,67108864,0,0,256,0,0,0,0,0,0,0,0,0,0]-[0,512,36,0,64]
[0,0,0,0,0,64,0,0,0,0,0,0,0,0,128,0]-[0,2147484160,2048,0,32]
[0,0,0,0,0,0,0,0,0,0,0,0,16777472,128,0,0]-[268435456,0,9437184,0,128]
[0,131072,0,65536,0,0,0,0,0,0,0,0,0,0,0,0]-[4608,32,0,0,1]
[0,0,67108864,0,0,0,0,0,0,0,0,0,1052672,0,0,0]-[2097152,34816,16,0,0]
[0,0,0,0,0,0,0,16,537919488,0,0,0,0,0,0,0]-[0,4,0,268435488,16]
[0,0,0,65536,0,128,0,0,0,0,0,0,0,0,0,0]-[0,0,0,131088,532480]
[0,0,0,0,0,33024,0,0,0,0,0,0,0,0,0,0]-[512,8396800,4096,0,131072]
[0,8388608,0,0,0,0,0,0,0,0,0,0,0,0,0,1024]-[0,8421376,2,4096,0]
[0,0,0,0,0,64,0,0,1048576,0,0,0,0,0,33554432,0]-[16,512,8388608,524288,0]
[0,0,0,0,4194304,256,0,0,1048576,0,0,0,0,0,0,0]-[256,640,262144,0,1024]
[0,0,0,0,0,0,0,0,8388608,0,4096,0,0,512,0,0]-[0,131076,134217728,0,8]
[0,4096,0,0,4096,64,0,0,0,0,32,0,0,0,0,0]-[0,128,8392704,8388608,0]
[262144,0,0,0,0,8192,0,0,1048576,0,0,0,0,0,0,0]-[0,2147483648,4,65536,4096]
[0,0,0,0,0,0,0,256,0,4,0,0,0,0,0,512]-[16,258,1048576,0,0]
[0,0,0,65536,0,0,64,0,134217728,0,0,0,0,0,0,0]-[64,0,2097152,16384,524288]
[0,0,0,0,0,0,0,16,0,0,0,32,1048576,0,0,0]-[0,512,16777216,2181054497,2099360]
[0,0,67108864,0,0,0,0,1024,0,0,0,0,0,0,0,0]-[171999232,2449550364,2148564992,17302084,196675]
[0,0,0,0,0,256,0,0,0,0,4096,0,0,16384,0,0]-[262400,0,134217728,4,0]
[0,0,67108864,0,67108864,0,2,0,0,0,0,0,0,0,0,0]-[32,2304,6656,512,128]
[0,0,67108864,0,0,0,0,0,0,0,4096,4096,0,0,0,0]-[16779264,67108864,69632,263168,65664]
[0,0,67108864,0,0,0,0,0,0,0,0,0,4,268435456,0,0]-[2147483680,512,2048,0,0]
[128,0,0,0,67108864,0,0,0,0,0,4096,0,0,0,0,0]-[1073744128,262144,33554944,768,0]
[0,0,0,0,0,0,0,0,0,0,0,0,0,0,35651584,0]-[134348800,128,0,64,0]
[0,0,8,0,0,0,0,0,0,0,0,32,0,0,0,0]-[0,2164260864,0,1073750016,0]
[0,0,0,0,0,0,0,0,0,0,0,0,0,128,0,2]-[32768,16842816,0,268435456,128]
[128,0,0,0,0,0,0,0,65536,0,0,0,0,0,0,0]-[0,0,67633280,0,2097152]
[0,0,67108864,0,0,256,0,0,0,0,4194304,0,0,0,0,0]-[0,0,65540,2147745792,0]
[0,0,67108864,0,0,0,0,0,0,0,0,0,262144,262272,0,0]-[0,603979776,32768,32,0]
[0,0,0,0,0,0,2,0,256,0,0,0,0,0,0,0]-[0,2097184,2,16384,0]
[8,128,67108864,0,0,0,8192,0,0,0,0,0,0,128,0,0]-[8,0,8192,262656,0]
[0,0,0,0,0,2147483648,0,0,1048576,0,0,0,1048576,0,0,0]-[0,128,536870912,805306368,131072]
[0,0,524288,0,0,64,0,0,0,0,0,0,0,0,0,0]-[262144,675282944,0,0,0]
[0,0,67108864,0,0,0,0,0,0,0,0,0,0,1048576,0,0]-[2273837096,301996056,69278752,39583769,1026]
[0,0,67108864,0,0,0,0,0,0,0,0,0,65536,0,0,0]-[71372800,2147495712,270630916,135635558,2623680]
[0,0,0,0,8388608,0,0,0,1048576,0,0,0,0,0,0,0]-[16,256,33816592,1,64]
[0,0,8388608,0,0,0,0,0,0,0,0,0,1048576,0,0,0]-[4194304,8406658,1233388053,67125440,559248]
[16,0,0,0,0,2,0,0,0,0,0,0,0,0,0,0]-[32,2,0,16,262144]
[0,0,67108864,0,0,0,0,0,0,0,0,0,0,0,16777216,0]-[67145728,16432,270598656,69,18]
[0,0,67108864,0,0,16384,0,0,0,0,0,0,1048576,0,0,0]-[64,512,33554432,0,1024]
[0,0,67108864,0,0,0,0,0,2048,0,4096,0,0,0,0,0]-[524288,537010177,512,516,16512]
[0,0,67108992,0,0,0,0,256,0,0,4096,0,0,0,0,0]-[526336,4,0,32768,0]
[0,0,0,0,0,0,8192,4194304,0,0,0,0,0,128,0,0]-[532,0,1073741824,0,0]
[0,0,0,0,0,0,0,0,16777216,0,0,0,0,65536,0,0]-[8192,32,536870976,0,0]
[0,0,0,131072,0,0,0,0,0,0,0,0,0,536871040,0,0]-[0,0,536870912,128,263168]
[0,0,0,0,0,0,0,16,0,0,1024,0,0,536870912,0,0]-[1024,0,262144,1024,8]
[0,0,67108864,0,67108864,0,0,0,1048576,8192,0,0,0,0,0,0]-[0,16,8192,1049088,0]
[0,0,1024,0,0,0,0,16,0,0,4096,0,0,0,0,0]-[0,0,1073741824,4326400,0]
[0,0,0,0,0,256,0,0,0,0,0,0,1049600,0,0,0]-[0,2097152,536870912,8320,0]
[0,0,67108864,256,0,0,0,1,0,0,0,0,0,0,0,0]-[0,4096,0,528384,4]
[0,0,67108864,0,0,0,0,0,0,0,4096,0,0,0,0,131072]-[0,67117316,33554432,4194312,0]
[0,0,100663296,0,0,0,0,0,1048576,0,4096,0,0,128,0,0]-[2048,262144,0,640,0]
[128,0,67108864,0,0,0,0,0,1048576,0,0,1073741824,0,0,0,2048]-[0,268435456,0,8193,256]
[0,0,0,0,134217728,0,0,0,0,0,0,32,0,536870912,0,0]-[0,0,67108864,3221225472,128]
[0,0,0,0,0,0,0,0,1048576,0,0,4096,0,128,0,0]-[2048,268697600,0,671088704,8196]
[0,0,0,0,33554432,0,0,0,34603008,0,0,0,0,131072,0,0]-[33554432,0,128,100663296,0]
[0,0,67108864,131072,0,8192,0,0,134217728,0,0,0,0,0,0,0]-[134217732,32768,0,128,0]
[0,0,0,0,0,0,0,0,0,0,536870912,16777216,1048576,0,0,0]-[0,65536,8208,0,32]
[0,0,0,0,0,0,0,0,134217728,0,0,0,1048576,64,0,0]-[0,64,8,268435456,256]
[0,0,67108864,0,0,0,0,0,17825792,0,0,0,0,0,0,0]-[2204663809,285557552,38381608,2338371299,656853]
[0,0,67108864,0,0,256,0,1048576,1048576,0,0,0,0,0,0,0]-[0,0,8,32769,128]
[0,0,0,512,1,2147483648,64,0,0,0,0,0,0,0,4,0]-[0,0,66048,538968064,0]
[0,1073741824,0,0,0,0,0,0,0,0,4096,0,0,0,0,0]-[1090539520,536879128,134217728,268769536,0]
[8,0,0,0,0,0,0,0,1048576,0,4096,0,0,0,0,0]-[16384,33554432,0,67109888,0]
[0,0,0,16,0,0,0,0,0,0,0,0,0,128,268435456,0]-[1024,64,524288,0,1024]
[0,0,4,0,0,0,0,0,0,0,0,16,0,0,0,0]-[0,134479872,0,2147483648,256]
[0,0,67108864,0,0,64,8192,0,0,0,0,0,0,0,0,0]-[64,2099712,10240,0,66]
[0,0,0,16777216,0,0,0,0,16,0,0,0,0,0,0,0]-[0,2097664,2,1024,0]
[0,0,0,0,0,134217728,0,0,0,0,0,0,1048576,0,0,0]-[545394688,276891680,16,201326592,0]
[0,0,0,65536,0,0,0,0,524288,0,0,0,0,0,0,0]-[34079744,514,0,5242880,0]
[128,0,256,0,0,0,0,0,0,0,0,0,0,0,0,0]-[1073741824,262144,8192,33701905,135168]
[0,0,0,1048576,0,256,0,0,0,0,4096,0,1048576,0,0,0]-[262144,0,134221824,67108864,0]
[0,0,0,0,0,0,0,0,0,0,0,128,262144,0,0,0]-[4096,134221824,536870916,4203520,0]
[0,0,67108864,0,2,0,0,8,0,0,0,0,0,0,0,0]-[1,2097152,0,0,524292]
[0,0,67108864,0,67108864,0,1,0,134217728,0,0,0,0,128,0,0]-[2048,256,2097152,2097152,0]
[0,0,67108864,0,256,0,0,0,0,0,0,0,0,0,0,0]-[36897,2952790020,3292566032,17827415,198676]
[0,0,0,0,0,0,0,1073741824,1048576,0,0,2048,0,0,0,0]-[256,0,0,538968064,1048576]
[4,0,0,0,0,8388608,0,0,0,0,0,0,0,0,0,0]-[136314880,0,0,67108864,16384]
[0,0,0,0,0,0,0,0,0,2097152,0,0,8388608,0,0,0]-[262176,262656,0,0,0]
[0,0,67108864,0,0,0,268435456,0,0,0,0,0,0,0,0,0]-[56623176,33838336,1143015424,16778308,1083392]
[0,4352,0,0,0,0,0,0,0,0,0,0,0,0,0,0]-[536870976,0,4,128,0]
[0,0,0,0,0,8192,0,0,0,0,0,0,0,0,0,16384]-[8200,1088,16777216,65536,514]
[0,0,67108864,0,0,64,0,0,68157440,0,0,0,0,0,0,0]-[2048,16,526336,0,0]
[0,0,67108864,0,67108864,0,128,0,0,0,0,0,0,0,0,0]-[0,1,0,16777233,0]
[0,0,0,0,0,0,0,0,1048576,0,0,8388608,0,0,0,0]-[262288,1048868,21233728,1048656,389]
[0,0,0,0,33554432,0,0,0,64,0,0,0,0,0,0,0]-[16384,512,0,262144,32]
[0,0,0,0,0,0,0,0,0,1,0,32,1048576,0,0,0]-[2,16384,0,16384,32768]
[0,0,0,0,0,0,0,0,1048576,0,67108864,0,1048576,0,0,0]-[0,2,0,65536,2101248]
[128,1073741824,67108864,0,0,0,0,0,0,0,0,0,1048576,0,0,0]-[0,36896,16,0,0]
[0,128,131072,0,0,0,0,0,1048578,0,0,0,1048576,0,0,0]-[256,128,64,2,0]
[0,256,0,0,0,0,0,0,0,0,4096,0,0,0,0,0]-[589824,2214593540,8388672,33792,32800]
[0,0,0,0,0,0,2097152,0,0,0,0,0,0,0,8,0]-[8388608,1,0,0,768]
[0,0,0,0,0,0,0,0,1048576,262144,0,0,0,0,0,0]-[0,1327104,16777224,8448,8192]
[0,0,0,0,0,0,0,0,0,0,0,0,0,128,32,0]-[520,64,0,537133088,65600]
[0,0,67108864,0,0,536870912,0,0,0,0,0,0,1048576,0,0,0]-[3,0,0,256,2097152]
[0,0,67108864,0,0,0,0,0,0,67108864,0,0,0,0,0,0]-[111706191,2254463824,1077945872,136319572,3164416]
[0,0,67108864,8388608,0,0,0,0,0,0,4096,0,0,0,0,0]-[524289,71303468,268500992,33280,2097152]
[0,0,0,0,0,2147483648,0,0,1048576,0,0,16777216,0,0,0,0]-[4194304,67108864,2,0,4096]
[0,0,67108864,0,0,33554432,0,0,0,0,0,0,1048576,0,0,0]-[0,8192,0,32832,524288]
[0,0,67108896,0,0,0,0,0,1048576,0,0,0,0,0,0,0]-[16777216,16,8224,0,0]
[0,0,0,0,0,0,0,0,1048576,0,0,0,0,0,0,256]-[2149924880,32,1107339368,407907073,524421]
[0,0,0,0,0,256,0,8192,1048576,0,0,0,0,0,0,0]-[2147549184,9503616,8388656,4096,64]
[1073741824,0,0,0,0,0,0,0,0,0,4096,0,0,536870912,0,0]-[1048576,2048,0,3221225472,0]
[0,0,67108864,0,0,0,32,0,1048576,0,0,0,0,128,0,0]-[0,256,524288,2097280,1048576]
[0,0,67108864,0,0,0,0,262144,1048576,0,0,0,0,0,0,0]-[0,536887296,4202496,128,256]
[0,0,0,0,0,0,2097152,8388608,0,0,0,0,1,0,0,0]-[0,64,134217728,139264,0]
[16,0,0,0,67108864,0,32,0,0,0,0,0,0,0,0,0]-[1048584,8192,0,0,4096]
[0,0,0,0,0,8192,0,0,0,0,0,0,2147483648,0,0,0]-[524288,98304,87,0,0]
[0,128,0,0,0,8192,0,0,1048576,0,0,0,0,0,0,0]-[16777216,0,64,0,384]
[0,0,67108864,0,0,8192,536870912,0,0,0,0,0,0,0,0,0]-[134283264,0,2097152,1,0]
[131072,0,0,0,0,256,0,0,1048576,0,0,0,0,0,0,0]-[0,1350566032,33816704,0,0]
[0,0,67108864,262144,0,0,0,0,1056768,0,0,0,0,0,0,0]-[0,262144,10240,524288,0]
[0,0,67108864,0,0,0,0,0,1048576,0,0,67108864,262144,0,0,0]-[0,0,0,6292480,1024]
[0,0,0,0,0,0,0,0,0,0,1073741824,0,1310720,0,0,0]-[0,128,16384,8192,512]
[0,0,67108865,0,0,4194304,0,0,0,0,4096,0,0,0,0,0]-[0,65,0,384,0]
[0,0,67108864,0,0,0,0,0,0,16777216,0,0,0,0,0,0]-[526376,301992976,1143476772,38310489,147654]
[0,0,67108864,0,0,64,0,0,0,16384,0,0,0,0,0,0]-[64,4096,524362,131072,262144]
[0,0,67108864,0,0,0,0,16,0,0,0,1074790400,65536,0,0,0]-[32768,0,512,4112,0]
[268435456,0,0,0,0,0,0,0,0,0,0,0,0,0,8,0]-[687867160,272544,67118081,2705326336,541701]
[0,0,67108864,0,0,1048576,0,0,1048576,0,0,0,1048576,0,0,0]-[4,0,8,64,4]
[0,0,67108864,0,0,0,0,0,0,0,0,8,0,0,0,0]-[57147397,2953003800,1078001924,52724672,690322]
[0,0,67108864,0,0,256,524288,0,0,0,0,0,0,0,0,0]-[67108864,65536,268439552,0,0]
[0,131072,67108864,0,0,0,0,0,0,0,0,0,64,0,0,0]-[4096,268435456,1073741824,32,0]
[0,0,0,0,4,0,0,0,0,0,0,0,0,536870912,0,0]-[2,0,128,0,16448]
[128,0,67108864,0,0,256,0,0,1048576,0,0,0,1048576,8,0,0]-[0,0,0,8321,524288]
[0,0,0,0,0,0,0,0,1048576,0,0,0,0,16,0,0]-[131328,384,1073774728,33040,0]
[1073741824,0,0,0,2147483648,0,0,0,0,0,0,0,0,0,0,0]-[65536,0,131072,532484,0]
[0,0,0,0,0,0,0,16,0,0,0,0,0,4,0,0]-[0,134742016,133696,2097152,3408016]
[0,0,0,0,0,0,0,0,0,0,0,0,1048578,0,0,0]-[268435456,268435968,2363392,37748736,136]
[0,8192,0,0,0,0,0,16,0,0,0,0,1048576,0,0,0]-[0,67113472,0,67108864,0]
[0,0,2147483648,0,0,0,0,8192,0,0,262144,0,0,0,0,0]-[0,4,8388608,8388640,0]
[0,0,0,0,0,256,0,0,0,0,4096,0,1310720,0,0,0]-[262144,33554432,4112,0,4096]
[8,0,0,0,0,64,0,0,0,0,0,0,0,0,0,0]-[16777216,0,1,0,133120]
[0,0,0,8388608,0,0,0,0,1048576,0,0,0,0,128,0,0]-[0,0,8388609,96,1024]
[0,0,67108992,0,0,0,0,1024,0,0,0,0,0,128,0,0]-[0,0,1605632,64,0]
[0,0,67108864,1,0,0,0,0,0,0,4096,131072,0,0,0,0]-[1,33554432,268435456,0,128]
[0,0,0,0,0,64,0,0,0,1073741824,0,0,0,0,0,0]-[536870912,16,4096,1,68]
[0,0,0,0,0,8192,0,33554432,0,0,0,0,1048576,0,0,0]-[2,4,0,0,20480]
[0,0,67108864,1024,0,0,0,0,0,0,0,0,0,0,0,0]-[262144014,157968,2215714352,2165870743,2162754]
[1048576,0,0,0,0,0,0,0,0,0,0,0,4194304,0,0,0]-[32,524288,16,2,0]
[1073741824,0,67108864,0,0,0,0,0,1048576,0,0,0,1048576,0,0,0]-[0,16384,0,135266816,0]
[0,0,0,16777216,0,0,0,64,0,0,0,0,0,0,0,0]-[272629760,0,538968064,0,0]
[0,0,16777216,0,0,8192,64,0,0,0,0,0,0,0,0,0]-[0,4096,263168,1073741824,0]
[0,0,67108864,0,0,0,8192,0,135266304,0,0,8,32768,0,0,0]-[0,536871168,0,272,0]
[0,0,0,0,0,0,0,0,0,524288,0,0,1048576,128,0,0]-[0,8390656,0,0,2097216]
[0,0,0,0,0,0,0,0,0,0,0,0,134217728,128,0,0]-[301989896,269484032,3221757952,1680083012,270368]
[0,0,0,0,0,0,0,2048,4194304,0,0,0,0,0,0,0]-[0,0,262144,822083584,0]
[0,0,4096,0,0,0,0,0,0,0,0,0,0,128,0,0]-[2097672,264225,2148663328,335550464,2228228]
[0,0,0,0,0,0,0,0,0,0,0,0,268435456,536870912,0,0]-[262160,67584,67240960,0,2097152]
[0,0,8192,0,0,256,0,0,0,0,0,0,0,0,0,0]-[1048576,32,12583936,2147614724,1048576]
[0,0,67108864,0,0,0,8192,0,0,0,0,0,0,0,8,0]-[2048,0,33556480,0,2]
[0,0,67108864,0,67108864,0,8192,0,16777216,0,0,0,1048576,0,0,0]-[2147483648,8192,0,32,16]
[0,0,0,0,0,1,0,0,16384,0,0,0,0,0,0,0]-[512,4096,131072,64,0]
[0,0,0,0,0,0,8192,0,16777216,0,128,0,0,0,0,0]-[8193,0,262144,4096,0]
[0,0,67108864,33554432,0,256,0,0,0,0,0,0,0,0,0,0]-[0,268435456,32,260,0]
[0,256,0,0,0,0,0,16777216,0,0,0,0,0,0,0,0]-[0,2096,0,8388608,0]
[0,0,0,262144,0,0,0,0,0,0,4096,0,262144,0,0,0]-[16384,8192,1,1280,65536]
[8388608,0,0,0,0,8388608,0,0,0,0,0,0,0,128,0,0]-[2097160,8388608,8388608,0,0]
[0,0,268435456,0,0,0,0,0,0,0,268435456,0,1048576,0,0,0]-[8519680,67108864,0,0,2097152]
[0,0,16777216,0,0,0,0,0,0,0,2097152,32,0,0,0,0]-[0,262144,268435458,0,16]
[0,0,0,0,0,0,0,0,1048576,0,0,0,0,536871040,0,0]-[280724,1342242816,129,1140850896,656580]
[0,0,67108864,0,268435456,0,0,0,0,0,0,0,0,4194304,0,0]-[2,0,2048,0,131074]
[0,0,0,0,262144,0,0,0,0,0,393216,0,1048576,0,0,0]-[2,0,65536,16777216,8192]
[0,0,0,0,0,16777216,0,0,0,0,0,0,0,128,0,0]-[1090,605028384,1612742662,1946484748,983168]
[0,0,0,0,0,64,0,16,18874368,0,0,0,0,0,0,0]-[524288,32,2147483712,0,0]
[0,0,67108864,0,0,0,0,0,0,0,0,134217760,0,0,0,0]-[65,0,67108864,0,2097152]
[0,0,67108864,65536,0,0,0,0,1048576,0,0,0,0,128,0,0]-[4,0,8192,512,64]
[0,0,67108864,0,0,0,0,0,1048576,0,0,16384,0,0,0,0]-[0,66080,32,2621568,1028]
[0,128,67108864,0,0,262144,0,0,0,0,0,0,1048576,0,0,0]-[0,8,4194304,4608,0]
[128,0,0,0,0,0,0,0,1048576,512,4096,0,0,0,0,0]-[0,33554448,144,0,0]
[0,0,16,0,0,0,0,0,0,0,0,0,0,128,0,0]-[1342210056,2168,0,3229616160,1048576]
[0,0,0,0,2147483648,0,0,0,0,0,0,0,0,4194304,0,0]-[0,8192,32770,0,32768]
[0,0,0,4194304,0,0,0,0,0,4096,0,0,0,128,0,0]-[128,0,2,36,0]
[128,0,0,0,0,8192,0,0,0,0,0,16,0,0,0,0]-[8388640,536870912,0,0,262144]
[128,0,0,0,0,0,0,0,0,0,0,0,0,134217728,0,0]-[131072,268435456,16384,1048576,0]
[0,524288,67108864,0,0,0,0,0,0,0,0,0,0,0,0,0]-[29886531,2973765952,67141632,57155776,2344961]
[0,0,0,0,0,0,0,0,0,2097152,0,0,8,0,0,0]-[33554944,0,2064,0,0]
[0,0,0,0,0,0,8194,16,0,0,0,0,0,0,0,0]-[2147483648,0,16777216,0,1048608]
[0,0,67108864,0,0,0,0,512,134217728,0,4096,0,0,0,0,0]-[8388608,0,1073741824,256,16384]
[128,0,67108864,0,0,8192,0,0,4096,0,1073741824,0,0,0,0,0]-[33554432,2048,0,32769,0]
[64,0,0,0,0,0,0,0,0,0,0,0,8,128,0,0]-[0,8388608,8192,262160,0]
[0,0,0,0,0,2147483648,0,0,0,0,0,0,262144,128,0,0]-[0,536870912,2097153,0,8192]
[0,0,0,0,0,128,0,0,1048576,0,0,0,8,0,0,0]-[256,1049088,128,0,0]
[0,0,0,0,32768,0,0,0,0,0,0,0,0,128,0,0]-[1180296,1694829664,537141411,874779332,2891776]
[0,128,0,0,0,0,0,1073741824,0,0,0,0,0,0,0,0]-[2048,16384,0,16384,2048]
[0,0,134217728,0,262144,0,0,0,0,0,0,0,0,0,0,0]-[0,524544,1,4,0]
[0,0,67108864,16,0,1,0,16,0,0,0,0,0,0,0,0]-[0,67108868,2147487744,0,0]
[128,0,0,0,0,0,0,0,0,4,0,0,0,0,0,0]-[536870912,8224,2048,0,0]
[0,0,0,0,0,0,0,0,0,0,33558528,0,1048576,0,0,0]-[1,0,0,16384,2113536]
[2048,0,0,0,0,0,0,0,0,0,0,256,0,0,0,0]-[32,32,128,0,2048]
[4096,0,0,0,0,0,0,536870912,0,0,0,0,0,0,0,0]-[536871168,0,0,0,10240]
[0,0,67108864,0,0,8192,0,0,0,0,0,8192,0,0,0,0]-[2162696,268437504,4096,129,0]
[536870912,0,0,0,0,0,0,16,1048576,0,0,0,0,0,0,0]-[0,4522016,16777344,8193,0]
[0,0,67108864,0,0,256,0,0,0,0,8388608,0,0,0,0,0]-[524288,2097152,0,64,128]
[0,0,67108864,0,0,256,0,16,16777216,0,0,0,0,0,0,0]-[524288,32,768,193,128]
[0,2048,0,0,0,0,0,0,16777216,0,0,0,0,0,0,0]-[131200,34078720,8388608,0,0]
[0,0,1048576,0,0,0,0,0,1056768,0,0,0,0,0,0,0]-[256,1048576,0,2,1]
[0,0,16777216,0,0,0,0,268435456,0,0,0,0,0,0,0,0]-[0,0,33554432,1074331648,0]
[0,0,0,268435456,0,0,0,0,0,0,0,0,0,268435456,0,0]-[0,0,67108880,0,131104]
[0,0,69206016,0,0,0,0,0,0,0,0,0,524288,0,0,0]-[0,0,65536,5,2048]
[0,0,0,0,0,0,0,0,0,4096,0,0,0,8192,0,0]-[0,0,33816576,0,65537]
[0,0,0,0,67633152,0,0,0,0,0,0,0,0,0,0,0]-[262144,147456,65536,0,0]
[0,0,0,0,0,0,0,4,0,0,0,0,0,0,128,0]-[8192,134225920,2048,0,0]
[0,0,0,0,0,0,0,0,262144,8192,0,0,0,0,0,0]-[0,16779264,16777216,8192,0]
[0,128,0,0,0,0,0,0,0,2,0,0,0,0,0,0]-[131584,8,8192,0,0]
[0,0,0,0,67108864,0,8192,268435456,0,0,4096,0,0,0,0,0]-[0,32768,8388608,128,2097152]
[128,0,67108864,0,0,0,0,16,0,0,0,0,0,0,0,0]-[79759424,480599152,2148052032,54567147,2236497]
[0,0,67108864,0,0,0,0,0,0,0,4096,0,0,0,67108864,0]-[67108864,0,4194304,0,131076]
[0,0,67108864,0,0,0,0,0,0,0,0,0,0,0,0,32]-[2687077,807688704,34661392,2197881156,3145728]
[0,0,0,0,0,0,0,0,0,0,0,1073741824,131072,0,0,0]-[0,512,16777216,1073741824,2097152]
[65536,0,67108864,0,134217728,0,0,0,0,0,0,0,0,0,0,0]-[524288,0,32,32,4]
[0,2048,67108864,0,0,0,0,0,0,0,0,0,1048576,0,0,0]-[2147483648,0,1049088,32768,0]
[0,0,128,0,0,0,0,0,1048576,0,0,0,0,128,0,0]-[16384,0,557056,536870912,0]
[0,0,0,0,0,8192,0,0,0,4096,0,0,0,128,0,0]-[0,1024,0,6146,0]
[0,0,67108864,0,0,8192,0,0,0,134217728,0,0,0,0,0,0]-[134283264,0,524288,65536,0]
[0,0,0,0,0,256,0,0,1048576,524288,0,0,8,0,0,0]-[262160,1048576,16,0,0]
[0,0,0,33554432,0,0,0,0,0,0,0,0,0,536870912,33554432,0]-[0,2,0,142606336,8]
[0,0,0,0,0,0,0,0,0,0,0,0,16384,0,8388608,0]-[2097152,8388608,0,8192,512]
[0,0,0,0,8,0,0,16,0,0,0,0,0,0,0,0]-[0,201392160,2292187136,69222720,6192]
[0,0,67108864,0,0,64,0,0,0,0,1073741824,0,0,0,0,0]-[4,0,32784,0,16384]
[0,0,0,0,4096,256,0,0,0,0,0,0,0,0,0,0]-[263168,0,16,262144,0]
[0,0,0,0,0,8192,0,0,0,0,0,0,1048576,536870912,0,0]-[0,32768,2359296,0,8]
[0,0,0,0,1024,0,0,0,0,0,0,0,0,536870912,0,0]-[0,0,0,8519680,8704]
[0,0,67108864,0,0,0,0,0,0,0,0,1,256,0,0,0]-[0,0,67109888,0,1025]
[0,0,16384,0,0,0,0,0,0,0,0,0,0,0,131072,0]-[0,0,2048,1094713344,0]
[0,0,0,0,0,0,0,0,0,0,67108864,0,262144,128,0,0]-[0,1073743872,536903809,2162688,139264]
[0,268435456,16777216,0,0,0,0,0,0,0,0,0,0,128,0,0]-[512,0,2097152,536871040,0]
[0,0,0,0,0,0,0,0,0,0,524288,0,1048576,0,0,0]-[1368391936,0,266,1090523264,1212514]
[0,0,0,0,0,256,64,0,0,0,0,0,0,0,0,0]-[2486461777,335742168,1210651138,2686615876,67745]
[0,0,67108864,0,0,0,64,0,0,0,0,0,0,128,0,0]-[304121879,604449117,1176052784,4004444,2459012]
[0,0,0,32,0,0,0,0,0,0,0,0,16777216,128,0,0]-[0,0,0,10486272,64]
[536870912,0,0,0,0,0,0,0,0,0,0,0,1048576,128,0,0]-[0,67108864,0,65536,96]
[0,0,67108864,0,0,0,0,0,0,0,4096,0,0,1073741824,0,0]-[589824,320,0,262404,2097152]
[0,128,0,0,0,256,0,0,134217728,0,0,0,0,0,0,0]-[268435456,0,8388624,0,256]
[0,0,0,0,0,0,0,0,0,1073741824,0,0,0,0,8,0]-[659570948,1068035,270364,2214593824,529221]
[0,0,0,0,0,0,0,8,0,0,0,0,0,0,0,2]-[40960,0,0,8208,262785]
[0,0,0,0,0,0,0,0,0,0,0,1,1048576,0,0,0]-[269484032,68173828,4194321,68222976,33834]
[0,0,0,0,0,0,16384,0,0,0,0,0,0,0,33554432,0]-[32,786978,269484032,25296928,0]
[0,0,0,0,0,8192,0,0,0,0,0,0,0,0,128,0]-[161480724,2148532224,270336,65552,16424]
[0,2097152,67108864,0,268435456,0,0,0,1048576,0,0,0,0,0,0,0]-[0,4194308,0,0,131073]
[0,0,0,0,0,0,0,0,0,8388608,0,0,0,0,33554432,0]-[0,128,16777216,0,524290]
[0,0,67108864,0,268435456,0,0,0,0,0,4096,0,1048576,536870912,0,0]-[0,16777220,0,256,128]
[8192,0,0,0,0,0,0,0,0,0,0,0,0,0,134217728,0]-[537133056,0,0,32,8]
[0,0,0,0,0,0,0,0,0,0,0,0,0,262272,0,0]-[0,1179648,8519681,16,393344]
[0,0,67108864,0,0,0,0,8,0,0,1073745920,0,0,0,0,0]-[16777216,33024,0,4,0]
[0,0,0,0,0,0,0,0,16777216,512,0,0,1048576,0,0,0]-[134217728,2147483648,258,0,0]
[0,0,0,0,0,0,0,0,1048576,0,0,0,0,128,67108864,0]-[147476,0,303105,335548960,4]
[262144,0,0,0,67108864,0,0,0,0,0,0,0,1048576,128,0,0]-[512,131072,4,128,0]
[0,0,0,0,0,16384,0,0,0,0,8,0,0,0,0,0]-[1,2147483648,4194304,0,32]
[0,0,0,0,0,8192,0,0,8,0,0,0,0,0,0,0]-[256,4096,2101248,0,16384]
[0,0,67108864,0,0,0,0,0,0,0,0,0,0,33554560,0,0]-[8,262144,32,32,0]
[0,0,0,0,67108864,0,0,0,0,268435456,0,0,0,0,0,0]-[128,0,0,4456448,8]
[0,0,0,0,0,64,64,0,16,0,0,0,0,0,0,0]-[4,134217728,0,0,24576]
[0,0,64,65536,0,0,0,0,0,0,0,0,0,0,0,0]-[553648128,0,256,0,8]
[0,0,67108864,0,0,0,0,0,134217728,0,0,0,16777216,0,0,0]-[134217728,131072,32768,1048576,0]
[0,0,256,0,0,0,0,2048,0,0,0,1024,0,0,0,0]-[64,8192,0,536870912,8192]
[0,0,0,0,0,256,0,512,0,0,0,0,8,0,0,0]-[0,0,8192,131072,524416]
[0,0,0,0,0,0,0,0,16777216,0,4096,0,0,0,0,0]-[1099449089,2703502625,134300353,1376164748,22696]
[0,0,0,0,0,8192,0,0,1048576,0,0,0,0,0,33554432,0]-[2097152,268435456,262144,32768,0]
[268435456,0,0,0,0,0,0,0,1048576,1073741824,0,0,0,0,8,0]-[0,32,0,536871936,1024]
[8192,0,0,0,0,0,0,64,0,0,0,0,0,0,0,0]-[4,0,32768,16385,0]
[0,0,0,0,0,0,0,0,134217728,0,0,0,524288,0,0,0]-[8388608,1048576,0,1073741824,16384]
[0,0,0,0,0,0,0,0,0,0,0,0,1310976,0,0,0]-[0,2049,0,100663296,0]
[0,0,0,0,0,0,0,0,4,0,67108864,0,0,0,0,0]-[0,0,0,8704,8194]
[0,0,1024,0,0,0,524288,0,0,0,4096,0,0,0,0,0]-[1073741824,0,8392704,65536,0]
[0,67108864,0,0,67108864,0,0,0,0,0,0,0,0,0,0,0]-[65664,0,0,1,524296]
[0,0,67108864,0,0,0,0,0,0,0,4096,0,1048576,0,0,0]-[2309036103,2539824253,1376866868,2186122158,2870402]
[0,0,0,0,67108864,1,0,0,0,0,0,0,0,0,0,0]-[134234368,16777216,1,0,4]
[0,0,0,0,67108864,0,0,0,8388608,0,4096,0,0,0,0,0]-[0,131076,1,4096,0]
[0,0,524288,0,0,8192,0,0,0,0,0,0,0,0,0,0]-[675348480,268437504,0,0,0]
[67108864,0,0,0,0,2147483648,0,0,8192,0,0,0,0,0,33554432,0]-[32,0,536870912,32,2]
[192,0,0,0,0,0,0,0,0,0,0,0,0,0,0,0]-[262144,0,0,33,32]
[2147483648,0,0,0,0,128,0,0,0,0,0,0,0,0,0,0]-[67109120,0,134217728,0,16384]
[0,0,67108864,0,0,0,0,0,16777216,0,0,2,0,0,0,0]-[0,512,16384,4096,64]
[0,0,0,0,0,0,0,80,0,0,0,0,0,0,0,1]-[0,0,8388864,64,32]
[0,256,0,0,2147483648,0,0,0,0,0,0,0,0,32,0,0]-[0,0,131074,8192,1048576]
[0,33554432,67108864,0,0,0,0,0,0,0,4096,0,0,0,0,0]-[524288,8,16384,512,0]
[128,0,0,0,128,0,0,0,0,0,0,0,0,128,0,0]-[1140850688,0,0,2147483649,0]
[0,0,67108864,0,0,33554432,0,0,0,0,0,4096,0,0,0,0]-[0,268439552,0,8,4]
[0,0,0,0,0,8388864,0,16,1048576,0,0,0,1048576,0,0,0]-[0,1048576,0,67113216,0]
[0,0,1024,0,0,256,0,0,0,0,0,0,0,0,0,0]-[3489660928,70332672,619190273,16846848,274724]
[1048576,0,67108864,0,0,0,0,0,0,0,0,0,0,1,0,0]-[0,4194880,0,1048576,0]
[0,0,16777216,0,67108864,0,0,0,0,0,0,0,0,0,0,0]-[1024,805306368,269485184,1073939464,10240]
[0,0,67108864,0,0,256,0,0,131072,0,0,0,0,0,0,0]-[524288,32,1024,64,1048576]
[0,0,33554432,0,0,8192,0,0,16777216,0,0,0,0,0,0,0]-[0,1342189568,0,0,0]
[0,0,67698688,0,0,0,0,0,0,0,0,0,0,0,0,0]-[0,541065216,4096,16777216,0]
[0,0,1024,65536,0,0,0,0,0,0,0,32,0,0,0,0]-[33554432,262144,2,4194304,0]
[0,0,0,16,0,0,0,0,1048578,0,0,0,1048576,0,0,0]-[16810112,4,0,0,0]
[0,0,0,0,268435456,0,0,0,0,0,0,0,0,128,0,0]-[2098176,67108864,536871040,10487808,0]
[0,0,67108864,0,0,0,0,0,1048576,0,0,0,256,128,0,0]-[0,0,532480,624,1028]
[0,0,0,0,0,0,0,16,0,0,0,16,0,0,0,0]-[0,0,9437184,16384,8192]
[0,0,0,32,0,0,64,0,0,0,0,0,0,0,0,0]-[264192,0,524288,538968324,2048]
[0,0,67108864,0,0,0,0,0,0,0,0,0,0,128,16384,0]-[1,1,1048576,134221844,4]
[1048576,0,67108864,0,0,8192,0,0,0,0,0,0,0,0,0,0]-[0,2147485696,0,1,16384]
[0,0,0,0,0,0,0,4,0,0,0,0,1048576,8192,0,0]-[0,0,2097152,196612,0]
[0,0,67108864,0,0,0,0,0,0,0,0,4,262144,0,0,0]-[65536,256,4,0,4]
[0,0,67108864,0,0,8192,8192,0,0,0,0,0,0,0,0,0]-[2147549192,2164424960,2097664,327824,2051]
[0,0,0,1,0,0,0,0,0,0,4096,0,0,128,0,0]-[268435456,67240192,0,335806464,0]
[0,0,0,0,1048576,0,0,0,0,0,0,0,1048576,536870912,0,0]-[262146,0,0,256,128]
[0,0,0,0,0,0,0,0,1048576,0,0,0,1048576,128,0,0]-[2183645573,1355876528,1621368865,2082519794,1746148]
[0,0,256,0,0,0,0,0,0,0,0,2048,0,0,0,0]-[0,33280,2,0,2]
[0,0,67108864,0,0,0,0,67108864,134217728,0,0,0,0,0,0,0]-[0,32,512,4194304,4]
[0,0,0,0,0,0,0,0,1048576,0,0,67108864,0,0,0,0]-[0,512,296960,1247806464,524288]
[262144,0,0,0,0,8192,0,0,0,0,4096,0,0,536870912,0,0]-[0,2147483648,0,65664,4096]
[0,0,33554432,0,0,64,0,0,0,0,0,0,1048576,128,0,131072]-[268435456,2048,8192,0,32]
[0,0,67108864,0,0,0,0,256,1048576,0,0,0,1048576,0,0,0]-[1,0,0,2152726528,0]
[0,0,0,0,0,0,1048584,0,0,0,0,0,0,536870912,0,0]-[1048576,4100,0,0,4]
[0,0,0,0,0,0,128,0,0,0,33554432,0,0,0,0,0]-[528,134221824,0,0,0]
[1073741824,0,67108864,0,67108864,0,0,0,0,0,0,0,1048576,0,33554432,0]-[0,268439552,8192,0,2097152]
[0,0,0,0,1048576,0,0,0,0,0,0,0,0,0,128,0]-[67108864,0,262144,327680,0]
[0,0,67108864,32,0,64,0,0,0,0,4096,0,0,0,0,0]-[524288,32,0,12,0]
[0,0,0,0,0,0,0,0,1,0,0,0,0,8192,0,0]-[0,0,67108864,16793604,0]
[0,0,67108864,0,67108864,0,0,0,134217728,0,0,0,262144,128,0,0]-[0,1,2097152,2097152,524288]
[0,0,16777216,0,0,0,0,0,0,0,4096,0,0,1048576,0,0]-[2097152,0,268435584,268435456,0]
[524288,0,0,0,0,0,0,0,0,16777216,0,0,0,0,0,0]-[2052,2,0,1,0]
[0,4,67108864,0,0,0,0,0,1048576,0,1073741824,4194304,0,0,0,0]-[16777216,260,0,0,1048576]
[0,0,67108864,0,0,0,64,0,134217728,0,0,0,0,0,0,262144]-[0,131072,589824,64,0]
[0,32,67108864,0,0,0,0,0,0,0,0,0,262144,0,0,0]-[4096,0,1073741824,262144,4]
[0,0,67108864,0,0,0,0,0,0,0,256,0,262144,0,0,0]-[0,67125248,0,0,132096]
[0,0,67108864,0,0,0,0,16777216,0,0,4224,0,0,0,0,0]-[67108864,2048,0,2281701376,0]
[0,0,0,0,0,0,0,0,0,2097152,1073741824,0,1048576,0,0,0]-[0,8192,0,1074266112,131072]
[0,0,0,0,0,0,0,0,536870912,2097152,0,0,0,0,0,0]-[2097168,2048,0,32768,0]
[0,0,0,0,32,0,0,0,0,0,0,0,1048576,0,0,0]-[17039360,3490729996,1084235777,16,65552]
[0,2097152,8388608,0,0,0,0,0,0,0,0,0,0,0,0,0]-[0,8,2097152,0,8448]
[0,0,67108864,0,0,0,0,0,1048576,0,4096,0,0,128,4,0]-[0,0,524288,136314880,524292]
[0,0,0,0,0,8192,0,0,0,0,134217728,0,1048576,0,0,0]-[0,8388616,65536,16384,0]
[0,0,0,0,0,0,0,524288,0,0,0,0,0,640,0,0]-[0,262144,0,8389120,4]
[0,0,67108864,0,0,0,0,0,0,0,4096,16777216,0,0,0,0]-[65536,2214592600,16,4265088,114688]
[0,0,67108864,0,0,0,0,16777216,0,0,0,0,1048576,0,0,0]-[142606336,2080,65572,134750208,2113536]
[0,0,0,0,0,256,0,0,0,0,4096,0,4194304,0,0,0]-[64,33554432,8388608,4,0]
[0,0,0,0,0,0,0,0,0,0,0,4097,0,0,0,0]-[32,0,1073741824,2560,0]
[0,0,0,67108864,0,0,0,16,0,0,0,0,0,0,0,0]-[0,32,131072,0,2113536]
[0,268435456,2,0,0,0,0,0,0,0,0,0,0,128,0,0]-[8,64,262144,0,2097152]
[0,0,0,0,0,0,536870912,0,0,16384,0,0,0,0,0,0]-[134217728,8,1,65536,0]
[0,0,67108864,0,0,0,0,1024,16777216,0,0,0,0,0,0,0]-[0,512,32,16777216,64]
[0,0,0,0,0,0,0,4,0,1073741824,0,0,0,0,0,0]-[603979776,0,2,65536,0]
[0,0,67108864,0,0,8192,0,0,0,16384,0,0,0,0,0,0]-[4194312,4096,524288,0,0]
[0,0,0,0,0,0,0,0,0,0,0,0,0,128,0,4]-[426504,8782080,262278,1478492168,2752640]
[0,0,0,0,0,0,8192,536870912,1048576,0,0,0,0,0,0,0]-[131072,0,553648128,33554432,0]
[0,0,0,0,33554432,0,0,0,33554432,0,4096,0,1048576,0,0,0]-[0,16777224,0,33554432,32]
[128,131072,0,0,0,0,0,0,0,0,0,32,0,0,0,0]-[0,268435456,0,4194304,135168]
[0,0,0,0,0,0,0,0,1048576,0,0,0,0,0,1048576,0]-[16384,268435456,64,0,1024]
[0,0,16777216,0,0,0,0,0,0,1024,0,0,0,0,0,0]-[67108864,0,0,524320,32]
[1,0,67108864,0,0,0,0,0,0,0,0,0,0,0,0,0]-[4194305,2147483672,1075958528,2298519616,540672]
[0,0,67108864,0,0,0,0,0,16777216,0,0,0,65536,0,0,0]-[0,32,65536,2,192]
[0,131072,0,0,0,8192,0,0,0,0,0,0,0,128,0,0]-[2097152,268435456,0,8388608,128]
[0,0,0,0,0,0,64,0,1048576,0,0,0,512,0,0,0]-[33554432,1048576,0,5120,0]
[0,0,0,131072,256,0,0,0,0,0,0,0,262144,0,0,0]-[134218244,512,0,0,0]
[0,0,0,0,0,0,65536,0,0,0,0,0,262144,128,0,0]-[0,536872960,1,0,131072]
[0,0,0,0,0,0,33554432,0,0,0,0,0,1048576,0,0,0]-[2097216,75497474,8192,2148597760,32]
[0,0,0,0,0,64,2048,0,1048576,0,0,0,0,128,0,0]-[33816576,0,0,4096,131072]
[0,0,67108864,0,0,0,0,0,0,0,0,67108864,0,0,0,2]-[4194304,2147745792,65536,0,0]
[128,0,0,0,0,0,0,0,1048576,64,0,0,0,128,0,0]-[278528,0,0,128,131072]
[0,0,0,0,0,0,0,0,1048576,0,0,0,1048576,1048704,0,0]-[262144,0,270336,67108864,0]
[0,0,0,0,0,0,0,0,0,2,0,0,0,0,33554432,0]-[512,0,536870912,150994944,0]
[0,0,65536,0,0,8192,0,0,0,0,0,0,0,0,0,0]-[33554434,8388616,16843264,1073741824,0]
[0,128,0,0,0,0,32,0,0,0,0,0,0,0,0,0]-[0,16,128,2147500032,0]
[0,0,0,16,0,0,0,0,0,0,0,0,0,160,0,0]-[2,536870912,128,0,2097152]
[132,0,67108864,0,0,0,0,0,1048576,0,0,0,0,0,0,0]-[0,0,8192,1,524352]
[0,0,512,0,0,0,0,0,0,0,0,32,0,128,0,0]-[1024,0,2,132,0]
[0,0,0,0,16777216,0,0,0,1048576,0,0,0,1048576,0,0,0]-[2048,0,16777216,128,4]
[0,0,262144,0,0,0,0,0,1048576,0,0,0,1048576,0,0,0]-[0,4194320,1610612736,0,0]
[0,0,0,0,0,256,0,16,0,0,0,0,1048576,0,0,512]-[0,8388608,0,2097408,4096]
[0,0,67108864,0,0,0,0,0,134217728,0,0,0,16384,0,0,0]-[134217732,0,67584,0,0]
[0,0,0,0,0,0,0,0,1048576,0,0,16777216,0,128,0,0]-[34820,536870912,262272,1073743904,524288]
[0,1024,0,0,0,256,0,0,0,0,0,0,0,0,32768,0]-[0,9445376,0,2097152,0]
[0,0,0,0,0,2,0,0,0,0,0,0,262144,0,0,0]-[256,1140850688,2097152,0,0]
[0,0,67108864,0,0,0,0,0,0,0,4096,0,0,0,0,524288]-[16777216,4194312,0,256,0]
[262144,0,0,0,2048,0,0,0,4194304,0,0,0,0,0,0,0]-[33554432,136314882,0,0,0]
[0,128,0,0,0,8388608,0,0,0,0,0,0,0,128,0,0]-[640,262144,0,0,131072]
[0,0,67108864,8192,0,256,0,0,0,0,0,0,0,0,0,0]-[2097152,2048,512,8192,0]
[128,0,0,0,0,1073741824,0,0,0,0,0,0,0,0,0,0]-[0,262144,16384,1107296256,0]
[128,512,0,0,0,0,0,0,0,0,2,0,0,128,0,0]-[0,256,536870912,2,32]
[64,0,0,0,0,0,0,16,0,0,0,0,1048576,0,0,0]-[16384,8388608,0,67108864,4096]
[128,0,67108864,0,0,0,0,1048576,1048576,0,0,0,0,0,0,0]-[0,0,8,32769,64]
[0,0,0,0,32768,0,0,8,0,0,0,0,0,0,0,0]-[8192,4160,2048,536870928,2049]
[0,0,67108864,0,0,0,268435456,0,16777216,0,0,0,0,0,0,0]-[0,2147483648,1024,0,320]
[0,0,67108864,0,0,0,0,0,0,0,0,0,256,0,4,0]-[0,16793600,0,262144,1024]
[0,0,0,0,2214592512,0,0,0,0,0,0,0,0,0,0,0]-[134217728,1090535444,293601280,0,2097152]
[0,0,0,0,0,0,0,0,1048580,0,0,0,0,128,0,0]-[262144,0,1073741824,576,8192]
[0,1073741824,67108864,0,0,0,0,0,0,0,4096,0,1048576,0,0,0]-[2097152,32800,16,0,0]
[0,0,0,0,0,0,0,0,0,0,8192,0,1048576,0,0,0]-[16777216,512,8192,1048592,267264]
[1073741824,0,0,0,0,0,65536,0,0,0,0,0,0,0,0,0]-[2147483664,0,256,32768,0]
[0,0,67108864,0,0,0,0,0,134217728,0,0,0,0,128,33554432,0]-[0,67111168,1073741828,32,524288]
[0,0,67108864,16,0,0,0,0,0,0,0,67108864,0,0,268435456,0]-[8388608,0,0,4195328,1024]
[0,0,0,0,0,0,1024,2097152,0,0,0,0,0,0,0,0]-[49152,262144,0,0,2]
[0,0,67108864,0,0,0,0,0,2,67108864,0,32,0,0,0,0]-[32771,2147483648,0,0,0]
[0,0,67108864,0,67108864,0,0,0,1048576,0,0,0,0,128,0,512]-[2048,0,1073774592,2097152,0]
[0,0,67108864,0,32,0,0,0,1048576,0,0,0,8,0,0,0]-[16777216,536870912,2048,0,256]
[0,4096,0,0,0,0,0,16,1048576,0,0,0,0,0,0,0]-[524288,0,131072,0,2113536]
[0,0,0,0,0,0,0,0,0,0,0,134217728,1048576,128,0,0]-[268468224,2048,0,2097152,0]
[0,0,0,0,65536,1024,0,0,1048576,0,0,0,0,0,0,0]-[16384,0,0,513,128]
[0,0,67108864,0,0,0,8256,0,1048576,0,0,0,0,0,0,0]-[2147483648,536870912,32,256,0]
[0,0,67108864,0,0,256,0,0,262144,0,0,0,0,0,0,0]-[0,16779264,0,32769,0]
[0,0,0,0,0,0,32768,0,1048576,0,0,0,0,0,0,0]-[16,132,8396880,258,0]
[0,0,0,0,0,0,0,0,0,0,0,0,1048576,0,4,0]-[311427072,17883138,287316228,2148679680,2123336]
[0,0,67108864,0,0,0,64,0,0,0,67108864,0,0,0,0,0]-[0,8192,268435456,1024,1024]
[0,0,0,0,0,0,0,0,1048576,0,0,0,0,128,0,128]-[0,0,128,128,9216]
[0,0,0,0,0,8194,0,0,16777216,0,0,0,0,0,0,0]-[2,0,537133056,32768,0]
[0,32768,67108864,0,0,0,0,0,0,0,0,0,1048576,0,0,0]-[1,544,69632,24,2097152]
[0,16777216,0,0,0,0,0,0,0,0,0,0,0,536870912,0,0]-[0,0,197120,0,131072]
[2048,0,0,0,0,0,0,0,0,0,0,0,1048576,0,0,0]-[570425345,2148549762,67117074,335659008,526976]
[268435456,0,67108864,0,0,8192,0,0,67108864,0,0,0,1048576,0,0,0]-[2048,80,2048,0,0]
[0,1048576,0,0,0,0,512,0,0,0,0,0,0,0,0,0]-[0,134217728,0,516,2097152]
[256,0,0,0,0,0,0,0,1048576,0,0,0,0,0,0,0]-[2164260868,9437184,553648129,1645216529,0]
[0,0,67108864,0,0,0,0,0,16777216,0,4096,0,262144,0,0,0]-[0,0,33554432,66560,65536]
[0,0,0,0,0,0,33554432,0,0,0,0,0,4194304,128,0,0]-[8,0,0,1073741826,8192]
[0,0,0,0,0,0,8388608,0,0,0,4096,0,0,0,0,0]-[16384,0,1476395008,339743756,0]
[0,0,0,0,0,0,0,0,0,0,4096,262144,0,0,0,0]-[8192,268435456,268701826,32768,0]
[0,0,67108864,0,0,0,0,0,0,0,0,0,4,0,0,0]-[50331652,2214600704,35136516,17310496,16384]
[0,0,0,0,134217728,0,0,0,0,0,4096,0,0,0,0,0]-[527104,0,8388672,512,2097152]
[0,0,67108864,0,0,0,64,8,0,0,0,0,0,0,0,0]-[2048,0,1074270720,2654212,128]
[0,0,0,0,0,0,4,0,0,8192,4096,0,0,0,0,0]-[1026,268435456,0,0,2048]
[524288,0,0,0,0,0,0,0,0,0,0,0,0,0,0,32]-[0,16384,83886080,33554432,0]
[0,0,16777216,0,0,0,0,16,0,16384,0,0,0,0,0,0]-[0,268435456,134250496,0,8192]
[268435456,0,67108864,0,0,0,0,0,0,0,0,0,1048576,0,8,0]-[16777216,32,0,0,17408]
[0,8388608,0,0,0,256,0,0,1048576,0,0,0,0,536870912,0,0]-[65536,512,0,2048,8192]
[0,0,0,0,1073741824,0,0,0,16777216,0,0,0,0,0,0,0]-[0,8192,131073,33554432,0]
[1028,0,0,0,0,0,0,0,0,0,0,0,0,0,0,0]-[4096,524296,0,0,262144]
[0,0,67108864,128,0,0,0,0,0,0,4096,0,1024,0,0,0]-[64,131080,0,512,0]
[0,0,67108864,0,0,0,512,0,0,0,0,0,0,0,0,0]-[167772164,270352,268435712,2148532756,2752578]
[4,0,67108864,0,0,0,0,0,0,0,0,0,0,536875072,0,0]-[64,4,0,0,655360]
[0,0,1024,0,0,0,0,0,0,0,0,2048,0,0,0,0]-[0,65536,0,285212672,2097152]
[0,0,67108864,0,0,0,0,0,0,0,0,16785408,0,536870912,0,0]-[0,268566544,0,0,16384]
[0,0,67108864,0,0,0,0,0,536870912,0,0,0,1310720,0,0,0]-[0,16389,0,0,1024]
[0,0,67108864,0,67108864,0,0,0,4096,0,0,0,0,0,0,0]-[0,0,1075838976,8192,524288]
[0,0,67108864,268435456,0,0,536870912,0,1048576,0,0,0,0,0,0,0]-[0,512,8208,0,524288]
[128,0,67108864,0,0,0,524288,0,0,0,0,0,0,0,0,0]-[67108864,65536,8192,32768,0]
[0,0,0,0,0,0,0,0,33554432,0,0,0,8,0,0,0]-[1,32768,0,537133056,0]
[0,0,67108864,0,0,0,0,16,128,0,0,0,0,0,0,0]-[0,0,32768,256,2099328]
[0,0,67108864,0,1073741824,0,0,0,0,0,0,0,1048576,0,0,0]-[2151677952,131072,0,262144,0]
[0,0,67108864,0,0,0,0,0,0,0,0,0,0,536870912,536870912,0]-[0,256,67108864,16,4]
[0,128,0,0,0,0,0,0,0,128,0,0,0,0,0,0]-[0,134217728,0,2181039104,32768]
[0,0,2050,0,0,0,0,0,0,0,0,0,0,0,0,0]-[0,64,16777216,65536,2097152]
[0,0,67108864,0,0,0,0,16,8388608,0,0,0,0,0,0,0]-[0,67109376,0,2147483985,1]
[0,2,0,0,0,0,0,16,33554432,0,0,0,0,0,0,0]-[16778240,16777216,524288,0,0]
[0,0,0,0,0,0,0,2064,1048576,0,0,0,0,128,0,0]-[0,65536,32768,268435456,8192]
[0,128,67108864,0,0,0,0,0,0,0,0,32,0,128,0,0]-[0,262144,16384,262144,131072]
[0,0,0,0,0,1073741888,0,0,0,0,0,0,0,0,0,0]-[4194304,570458114,0,6144,256]
[0,0,0,0,0,8192,0,0,0,0,0,0,1048576,0,8192,0]-[18874368,0,262144,0,2]
[0,0,67108864,0,0,8192,0,0,0,0,1073741824,0,0,0,0,0]-[12,0,0,0,16512]
[0,0,0,0,67108864,16,0,0,0,0,0,0,0,536870912,0,0]-[262144,16777216,512,0,4]
[0,0,0,0,67108864,262144,0,0,0,0,0,0,1048576,0,0,0]-[128,3,2097152,0,0]
[0,1048576,67108864,0,0,0,0,0,1048576,0,0,0,0,0,0,0]-[2147483648,33554432,8192,1049088,260]
[0,0,0,0,0,64,0,0,1048576,64,0,0,0,0,0,0]-[0,512,128,536870912,64]
[0,0,67117056,0,0,0,0,0,0,0,0,0,0,0,33554432,0]-[32,0,524288,262144,524288]
[0,0,0,0,0,0,0,0,4,0,0,0,0,128,0,0]-[269762572,83886336,1084358656,576,8192]
[2097152,0,0,0,0,0,0,0,0,0,4096,0,0,0,0,0]-[1076380160,17039616,1073742480,306184192,162]
[0,8192,0,0,0,0,0,0,0,0,0,0,0,0,0,4096]-[16384,0,8388608,524292,0]
[0,0,67108864,33554432,0,256,0,0,16777216,0,0,0,0,0,0,0]-[0,16777248,0,32832,0]
[0,0,67108864,0,0,256,0,0,0,0,0,0,131072,0,0,0]-[0,10240,268452656,16777280,128]
[0,0,0,0,0,1048576,0,0,0,0,0,0,0,128,0,0]-[134349832,17306112,131328,8576,140]
[0,0,67108864,0,0,256,0,0,0,0,0,2097152,0,0,0,0]-[2097152,0,1024,16,524288]
[0,0,67108864,2097152,0,0,0,0,1048576,0,0,0,0,0,0,0]-[2048,16404,33554432,33554464,1024]
[0,0,0,0,0,320,0,0,134217728,0,4096,0,0,0,0,0]-[66112,0,8388608,0,0]
[2147483648,0,0,0,0,256,0,0,1048576,0,0,0,0,0,0,0]-[1074266112,0,1024,65536,262144]
[4,0,0,0,0,8192,0,0,0,0,0,0,0,0,0,0]-[2097152,4,0,1073741824,16384]
[0,0,0,0,0,2097152,0,0,4,0,0,0,0,0,0,0]-[134218752,16640,0,0,0]
[128,0,67108864,33554432,0,0,0,0,0,0,0,0,0,0,0,0]-[64,262144,0,1,16]
[0,0,0,0,0,16777216,0,0,16777216,0,0,0,0,128,0,0]-[2,32,0,268435464,0]
[1048576,0,0,0,0,0,8192,0,0,0,0,0,0,0,0,0]-[68157440,134217728,0,536936468,131072]
[0,0,67125248,0,0,0,0,0,0,0,0,0,0,128,0,0]-[12,0,2149580832,4,192]
[0,0,0,0,2097152,64,0,0,1048576,0,0,0,0,0,0,0]-[2147483648,1048576,8192,1,0]
[0,0,0,0,0,0,0,0,0,0,4096,0,0,1,262144,0]-[64,4194304,0,67108864,2]
[0,0,0,0,0,0,131072,0,0,0,0,0,0,128,0,0]-[268698114,273690624,2147516420,2176,2097160]
[0,0,0,0,0,0,0,0,0,0,0,0,8,0,2097152,0]-[8519680,0,16384,0,4]
[0,0,83886080,0,0,0,0,0,0,0,0,0,0,0,0,16384]-[0,268435456,1048576,65536,2]
[0,0,67108864,0,0,0,0,0,0,0,8,2,0,0,0,0]-[71303168,262144,2147565568,0,68]
[0,0,67108864,0,67108864,0,8192,16,0,0,0,0,0,0,0,0]-[67108864,16777216,36,0,0]
[0,0,0,0,0,0,0,0,0,4096,0,0,0,536870912,0,0]-[2,0,67108992,0,4]
[0,0,0,0,67108864,0,0,0,0,0,135168,0,0,0,0,0]-[512,16777236,0,0,0]
[1073741824,0,0,0,0,0,0,0,0,0,0,0,0,128,0,0]-[296537,1082393632,3233415172,538968244,3416256]
[0,0,67108864,0,0,0,0,0,0,0,0,9216,0,0,0,0]-[2147483648,67108864,8192,524288,0]
[0,0,0,0,0,0,0,0,128,0,0,0,0,2048,0,0]-[0,131072,8388608,2097152,256]
[0,0,0,0,0,0,0,0,524544,0,0,0,0,0,0,0]-[0,8388608,301989888,4,0]
[0,0,0,0,0,0,8192,0,0,0,0,0,0,0,1,0]-[2048,8,35651584,1024,2359296]
[0,0,1024,0,0,16,0,0,0,512,0,0,0,0,0,0]-[0,0,134217728,128,36]
[0,0,0,0,0,0,0,0,1048576,0,4096,0,16777216,0,0,0]-[65536,262144,8388608,4196352,0]
[0,0,0,0,0,0,0,0,0,0,0,131072,0,128,0,0]-[268438145,264193,10878976,1207959640,41092]
[128,0,0,65536,0,0,0,0,1048576,0,0,0,0,0,0,0]-[33554432,262144,0,268435456,256]
[0,0,1024,8,0,0,0,0,0,0,0,0,1048576,0,0,0]-[128,32,0,8,8]
[0,0,0,0,0,256,0,0,0,128,0,0,0,128,0,0]-[16,8388608,4,0,8192]
[0,0,0,0,0,0,32,0,0,0,0,0,0,0,33554432,0]-[262656,8192,16780288,134479872,262152]
[0,0,0,0,0,0,0,8,1048576,0,0,0,1048576,0,0,0]-[2490496,310379168,33818744,806367616,524501]
[524288,0,0,0,0,0,0,0,0,0,4096,0,1048576,0,0,0]-[0,0,0,4096,98312]
[0,0,0,0,0,2048,0,0,16777216,0,0,0,0,0,0,0]-[3221225728,0,4194304,0,0]
[128,0,67108864,0,0,0,0,0,0,0,8388608,0,0,0,0,0]-[64,0,8192,2147483776,0]
[0,0,0,0,294912,0,0,0,0,0,0,0,0,0,0,0]-[512,8448,536871176,0,2]
[0,0,0,0,131072,0,0,0,536870912,0,0,0,0,128,0,0]-[33554432,537001984,8388608,0,0]
[0,0,0,0,0,0,0,16777216,0,0,0,0,0,128,0,16384]-[33280,0,128,2097152,0]
[0,0,0,0,67108864,0,0,0,134217728,0,0,0,0,128,0,0]-[2048,328001,2097154,2097152,524416]
[0,0,0,0,0,0,0,0,16777216,0,0,8192,1310720,0,0,0]-[0,4194304,1082130432,0,2048]
[0,0,0,0,0,0,0,8192,0,0,0,0,0,0,33554432,0]-[0,396,822083584,8388640,0]
[0,0,0,0,131072,0,0,0,1048576,0,16777216,0,262144,0,0,0]-[16640,4,0,0,256]
[128,0,0,0,0,0,0,0,0,2048,0,32,1048576,0,0,0]-[0,0,33554432,2181054464,0]
[0,0,0,0,131072,0,0,16,0,0,0,0,0,0,67108864,0]-[0,524288,2147614720,0,262144]
[0,0,67108864,0,0,0,0,0,1048576,1048576,0,0,0,128,0,0]-[2048,268435456,32,4096,0]
[0,0,67108864,0,0,2048,0,0,0,0,0,0,1048576,0,0,0]-[1,2048,4259840,0,0]
[0,0,67108864,0,0,1024,0,0,0,0,0,0,0,0,0,0]-[524289,305412,69846044,2205221383,2162707]
[0,64,0,0,0,256,0,16,0,0,0,0,0,0,0,0]-[134217732,0,33554432,8388608,0]
[0,0,67108864,0,0,0,0,536870912,1048576,0,4096,0,0,128,0,0]-[4,65536,0,2097184,0]
[0,0,0,16777216,0,0,0,16,0,0,0,0,16384,0,0,0]-[512,536870912,0,553648128,0]
[524288,0,67108864,0,0,0,0,0,0,524288,0,0,0,0,0,0]-[12582912,2147483648,0,33554432,0]
[0,0,0,0,0,0,0,0,134217728,0,0,0,262144,128,0,262144]-[268435456,536870913,0,2097152,0]
[0,0,67108864,0,32768,0,0,0,32,0,0,0,1048576,128,0,0]-[0,8208,67108864,1,0]
[0,0,262144,0,0,0,0,0,0,0,0,32,0,512,0,0]-[1048576,0,0,2147484672,2]
[0,0,0,0,0,0,0,0,0,0,268435456,536870912,0,0,0,0]-[0,675282944,0,0,32]
[0,0,8388608,0,0,0,33554432,0,0,1,0,0,0,0,4096,0]-[0,0,393728,64,0]
[0,8388736,0,0,0,0,0,0,0,0,2097152,0,0,0,0,0]-[134217728,1048576,0,16777216,8192]
[0,0,0,0,0,0,0,134217728,1048576,0,0,0,1048576,0,0,0]-[163840,1064960,0,1048576,8256]
[0,0,0,0,0,256,0,0,0,0,0,0,2097152,0,0,0]-[3154432,67111552,10489860,537018384,2048]
[0,8,0,262144,0,0,0,0,0,0,0,0,1048576,128,0,0]-[4,0,2,66,0]
[0,128,0,0,0,64,0,0,0,0,0,0,0,128,0,0]-[131072,0,2097156,512,0]
[4,0,0,0,0,64,0,0,16777216,0,0,0,0,0,0,0]-[16384,0,1056,0,128]
[1073741824,0,0,0,16777216,0,0,0,0,0,0,0,0,0,0,0]-[2147484168,1024,0,0,0]
[0,0,0,32,0,0,0,0,1048576,0,4096,0,0,8,0,0]-[0,288,128,256,0]
[1073741824,0,0,0,0,0,0,0,0,0,0,0,0,1048704,0,0]-[512,0,4,536870928,0]
[0,0,67108864,0,1064960,0,0,0,0,0,0,0,0,0,0,0]-[2,4194312,0,16,0]
[0,0,0,0,0,0,0,0,134217728,0,0,0,262144,0,0,0]-[272711824,1678956835,631374082,69272864,691972]
[128,0,0,0,0,0,64,0,0,0,0,0,0,0,0,0]-[1117012481,537020480,67789960,1375928409,1315111]
[0,0,0,0,0,0,0,0,0,0,16,0,262144,0,0,0]-[0,32768,536870913,1024,0]
[0,0,0,0,0,0,0,16,1048576,0,4096,0,0,536870912,0,0]-[16384,16,0,33554432,128]
[0,0,67113088,0,0,0,0,0,0,0,0,0,0,0,0,0]-[0,4,67108864,1048608,0]
[0,0,0,0,0,0,0,536870912,0,0,0,0,0,0,67108864,0]-[1074266112,1207959552,0,8192,4096]
[0,0,0,0,0,0,0,0,0,0,0,0,0,130,0,0]-[0,536938496,1073741824,134217728,32]
[0,0,0,0,0,0,0,0,0,0,2048,0,1048576,0,0,0]-[0,2049,0,2214592512,0]
[0,0,67108864,0,0,8192,2097152,0,0,0,0,0,1048576,0,0,0]-[2,0,0,65552,16386]
[0,0,0,0,0,0,0,0,0,0,268435456,0,0,128,0,0]-[2953052307,1074790400,3752096,1345323012,65636]
[0,0,67108864,0,0,256,64,0,0,0,0,0,1048576,0,0,0]-[0,65536,69648,0,0]
[1073741824,0,67108864,0,8388608,0,0,0,0,0,0,0,0,0,0,0]-[0,256,16400,16777216,0]
[0,0,0,0,0,0,64,0,0,0,0,0,1048576,0,262144,0]-[2097152,0,0,1179648,4096]
[8388608,0,0,0,0,8192,0,0,0,0,0,0,0,128,0,0]-[8,1073741824,8388608,0,32]
[0,0,67108864,128,0,8192,0,0,0,0,0,0,0,0,0,0]-[2,268435456,0,1,256]
[0,0,0,0,0,64,0,0,0,0,0,0,16777216,0,0,0]-[0,524416,2048,532480,0]
[0,0,67108864,0,64,0,0,16,0,0,0,0,0,0,0,0]-[64,2048,2048,0,16384]
[1073741824,0,0,0,0,0,0,16,0,0,4096,0,1048576,0,0,0]-[64,32,0,0,20480]
[0,0,67108864,0,8388608,0,0,0,0,0,0,131072,0,0,0,0]-[0,2097152,33554448,33554432,0]
[0,2097152,67108864,0,0,0,0,0,0,0,4096,0,0,0,0,0]-[0,8,16400,65536,0]
[0,0,536870912,0,0,0,0,0,1048576,0,0,0,0,0,0,0]-[2151677952,8913408,0,536871425,2097155]
[0,0,0,0,0,0,0,0,16777216,0,0,0,4096,0,0,0]-[0,16777216,2,16777216,524288]
[0,0,0,2,0,0,0,0,0,0,0,0,0,128,0,0]-[528,320,2,536870916,524288]
[0,0,0,0,0,0,0,0,0,0,0,16777216,262144,0,33554432,0]-[1048832,0,16777216,32,0]
[0,0,67108864,16777216,0,0,0,64,0,0,0,0,0,0,0,524288]-[2147483648,0,0,4096,33792]
[0,0,0,0,0,0,0,16,0,512,0,0,0,0,0,0]-[268435472,67701248,1048866,268566544,278537]
[0,32768,0,0,134217728,0,0,0,0,0,0,0,0,0,0,0]-[1,0,2147487744,0,262144]
[0,0,67108864,0,0,0,0,0,0,0,0,0,64,128,0,2048]-[0,0,1075838976,32,131072]
[0,0,0,0,16777216,256,16384,0,0,0,0,0,0,0,0,0]-[0,0,65536,67371008,1024]
[0,0,67108864,0,0,0,0,0,16777216,0,4096,0,1048576,0,0,0]-[27267136,67141633,33558544,33620740,16386]
[268435456,0,67108864,0,0,8192,0,0,0,0,0,0,1048576,0,0,0]-[2048,80,0,8192,0]
[0,0,0,0,0,0,0,0,1048576,0,0,0,0,0,2147483648,0]-[1074528260,1074348032,1082130481,67665954,16400]
[0,0,16384,0,0,256,0,0,0,0,0,0,256,128,0,0]-[268435456,256,8388608,0,131072]
[0,0,2147483648,0,8,0,0,0,0,0,0,0,0,0,0,0]-[1048608,524288,0,4096,0]
[0,0,0,134217728,0,0,0,16,0,0,0,0,0,536870912,0,0]-[262144,1,1152,0,0]
[0,0,67108864,0,16384,0,64,0,0,0,0,0,0,0,0,0]-[33554432,8704,1024,0,2162688]
[0,0,0,65536,0,0,0,0,0,0,0,0,0,0,33554432,0]-[768,536870912,0,134217728,0]
[0,0,0,0,0,256,0,0,134217728,0,0,0,0,2147483648,0,0]-[268435456,0,0,2101248,256]
[0,0,0,0,0,0,0,0,0,0,2097152,0,0,128,0,0]-[163840,25430081,546308100,644,65540]
[0,0,0,0,0,0,0,0,0,0,0,0,1073741824,0,2097152,0]-[0,16512,67108864,512,0]
[0,0,67108864,0,0,0,65536,0,0,0,0,0,1048576,0,0,4]-[0,0,1073742080,0,2049]
[0,0,0,0,0,0,0,0,268435456,0,0,0,1048576,0,0,0]-[32770,67108864,2097152,67125760,2]
[0,0,0,2048,0,0,0,0,16777216,0,0,0,0,0,0,0]-[0,0,64,2566946818,8]
[0,0,8388608,0,0,0,0,0,0,0,1073741824,0,0,128,0,0]-[33554432,2048,1,67108864,0]
[0,0,0,0,0,0,0,0,0,0,0,0,0,16777344,256,0]-[2,32,0,268435456,1048576]
[0,0,0,0,0,256,0,0,0,0,0,0,0,0,1024,0]-[0,2048,0,131072,144]
[0,0,0,0,0,256,0,1073741824,0,0,0,0,0,128,0,0]-[1048576,65536,8388613,2048,0]
[0,0,0,32,0,0,0,0,0,0,0,0,2097152,0,0,0]-[512,512,33554432,2147483648,0]
[0,0,0,0,0,256,0,0,0,0,0,0,262145,0,0,0]-[1048832,8192,1,0,0]
[0,0,67108864,0,0,0,0,0,0,0,0,0,0,128,1024,0]-[0,1024,8192,4112,0]
[0,524288,0,0,0,0,0,0,0,2097152,16384,0,0,0,0,0]-[0,1048576,67108866,2097152,0]
[0,0,67108864,0,0,2048,0,0,0,0,0,16777216,0,0,0,0]-[0,81920,0,1024,32768]
[0,0,0,0,0,0,0,0,0,0,0,128,1048576,0,0,0]-[1065472,6,536936960,536871168,8224]
[0,0,67108864,0,0,64,0,0,1048576,0,0,32,0,0,0,0]-[0,512,524288,532480,0]
[0,0,0,0,0,0,0,0,0,0,0,0,8,0,0,16384]-[1073741856,64,12582912,0,4]
[128,0,0,0,0,0,0,0,134217744,0,0,0,0,128,0,0]-[16896,262144,0,0,524288]
[128,0,1024,0,0,0,0,0,0,0,0,0,0,0,0,0]-[1207975936,270600448,545915904,1463910401,2101264]
[128,0,0,0,0,64,0,0,1048576,0,0,0,0,128,0,0]-[18432,0,8388608,0,4]
[0,0,0,0,0,0,0,8,0,0,0,134217728,1048576,0,0,0]-[49152,0,0,4,8]
[8388608,0,67108864,0,0,0,0,0,0,2097152,0,0,0,0,0,0]-[0,8208,0,524292,0]
[0,0,0,0,0,0,65536,0,1048576,0,0,0,1048576,0,0,0]-[0,0,8388672,524289,0]
[0,0,67108864,0,0,270592,0,0,0,0,0,0,0,0,0,0]-[8,0,0,98432,0]
[0,0,0,0,0,0,0,536870912,0,0,0,0,1048576,0,0,0]-[289456262,98306,620756992,3164192,405504]
[0,0,0,0,16,0,0,0,1048576,0,0,0,0,0,0,0]-[2181038208,8388736,8320,536875328,1]
[0,0,0,0,0,0,0,0,0,0,67108864,0,0,536871040,0,0]-[16384,1,131072,0,128]
[0,0,0,0,0,0,0,0,536870912,0,0,0,0,0,0,262144]-[0,2,288,268435456,0]
[0,0,0,0,0,0,0,16,0,0,536870912,0,1048576,0,0,0]-[32768,65540,2306,2149597328,32]
[4,0,0,0,0,64,0,0,0,0,0,0,0,0,0,0]-[0,2064,0,524288,32]
[0,0,0,0,0,64,0,16,0,0,0,0,0,536870912,0,0]-[16464,2064,0,2147483712,0]
[0,0,0,0,0,0,0,32,0,0,4096,0,0,0,0,0]-[787200,0,8388800,4227712,65664]
[134217728,0,67108864,0,0,0,0,0,0,0,0,0,0,0,0,0]-[2359296000,16779576,3159040,262242,1065344]
[0,0,0,0,0,0,0,0,1048576,0,0,0,0,0,0,512]-[17041408,8388752,1636048920,304,1024]
[0,0,0,0,0,0,32,0,0,0,1024,0,0,0,0,0]-[0,0,262176,262144,8]
[0,0,0,0,0,0,0,0,1048576,0,4096,0,16384,0,0,0]-[0,0,1,272631808,0]
[0,0,0,0,0,8192,0,0,0,0,0,0,0,0,524288,0]-[16384,0,8,0,131584]
[0,128,0,0,0,0,0,0,0,0,0,4096,1048576,0,0,0]-[134283264,0,276824064,0,0]
[128,0,0,0,0,0,0,0,0,0,0,0,0,0,16384,0]-[0,0,0,1064978,0]
[0,32,0,0,67174400,0,0,0,0,0,4096,0,0,0,0,0]-[16640,67108864,0,0,2097152]
[0,0,0,0,0,0,8192,0,0,0,1073741824,0,0,0,0,0]-[34742272,67108864,516,67110944,512]
[0,0,100663296,0,0,0,0,0,0,0,0,0,0,536870912,0,0]-[0,16781312,0,0,68]
[0,0,524288,0,0,0,0,0,0,0,4096,0,0,128,0,0]-[262656,16777216,128,264196,65536]
[0,0,67108864,0,262144,0,0,0,0,0,0,0,0,128,0,0]-[32776,262208,3678212,32,557056]
[0,0,0,0,0,0,0,8,0,2097152,4096,0,0,0,0,0]-[0,4194304,512,32768,8]
[524288,0,268435456,0,0,0,0,0,0,0,0,0,0,0,0,0]-[1024,64,536870912,256,0]
[0,0,0,0,0,0,0,0,269484032,0,0,0,0,0,0,0]-[2147616785,8388864,16809984,34612480,532672]
[0,0,0,0,67108864,0,0,0,0,33554432,4096,0,1048576,0,0,0]-[262144,4,65536,512,0]
[0,0,2147483648,0,0,0,0,0,0,0,0,16,0,0,0,0]-[0,8519680,1024,0,4]
[0,0,0,0,0,2097152,0,0,1048576,0,4096,0,0,0,33554432,0]-[0,33816576,0,67109120,0]
[0,0,0,0,0,0,64,0,134217728,0,0,0,0,536870912,0,0]-[1310720,4,67109376,0,0]
[0,0,0,0,0,0,0,131072,0,0,0,1,0,0,0,0]-[0,0,0,1073741824,2128]
[0,128,67108864,0,0,0,0,8,0,0,0,32,0,0,0,0]-[0,16384,32768,2147483648,2097152]
[0,0,0,0,0,0,0,4096,0,0,16,0,1048576,0,0,0]-[0,512,262144,512,8]
[0,0,4194304,0,0,64,0,0,1048577,0,0,0,0,0,0,0]-[81920,16,524288,0,0]
[0,128,67108864,0,0,0,0,0,0,0,32,0,0,128,0,0]-[33554440,0,2097152,64,0]
[0,0,0,0,0,0,0,8,4,0,0,0,0,0,0,0]-[262144,33024,0,2097152,0]
[0,0,0,0,8192,0,0,0,0,0,33554432,0,0,0,0,0]-[64,1073741826,2048,0,0]
[0,0,67108864,0,0,0,0,131072,0,0,4096,0,0,0,0,0]-[1,32776,1073741824,256,2097152]
[0,0,0,0,0,0,0,256,0,0,0,0,0,128,0,0]-[34734608,537002272,540180487,346364582,295040]
[0,0,67108864,0,0,8448,0,0,0,0,0,0,0,0,0,0]-[2217279496,48128,2626564,16879761,17792]
[0,0,67108864,0,0,0,0,0,0,0,0,16,1048584,128,0,0]-[1,67108865,8192,0,0]
[0,0,0,0,0,2,0,0,0,0,0,4096,0,0,0,0]-[0,2,0,2148007936,32]
[0,0,0,0,0,1048576,0,8,0,0,0,0,0,0,0,0]-[2050,134217728,0,0,64]
[0,16,0,0,256,0,0,0,0,0,0,0,0,536870912,0,0]-[0,2147483648,1073745920,0,262144]
[0,0,67108864,0,0,8192,64,0,0,0,0,524288,0,0,0,0]-[65538,8192,0,16777216,0]
[0,0,0,0,0,256,0,0,0,0,0,0,1048576,0,0,4]-[512,0,4,2048,256]
[65536,0,67108864,0,0,0,0,0,0,4,0,0,0,0,0,0]-[0,268435456,4195328,65536,0]
[0,0,0,0,0,256,8192,0,0,0,4096,0,0,0,0,0]-[3289456640,8224,402919524,335712512,0]
[0,0,67108864,0,0,0,8192,0,0,0,4096,0,0,128,0,0]-[65,537133121,0,328332,2097152]
[0,0,0,0,0,0,2048,1073741824,0,0,0,0,0,128,0,0]-[2097152,64,0,1207959552,0]
[0,256,0,0,0,0,0,0,0,0,0,0,0,0,32768,0]-[536870912,0,131072,33558528,0]
[0,0,0,0,0,0,0,0,1048576,0,0,0,8192,0,0,0]-[2147614720,4194820,128,2208,0]
[0,0,16777216,0,536870912,0,0,0,128,0,0,0,0,0,0,0]-[536936448,0,524288,268435456,0]
[0,0,67108864,0,0,16384,0,16,0,0,0,0,0,0,0,0]-[4198401,0,1024,0,0]
[0,4,0,0,256,0,0,0,0,0,0,0,1048576,0,0,0]-[0,16,16793600,0,1]
[0,0,67108864,0,0,0,8192,1,0,0,4096,0,1048576,0,0,0]-[0,32800,33554432,0,2097152]
[0,8192,67108864,0,0,262144,0,0,0,0,0,0,0,0,0,0]-[0,2214592512,4,0,524288]
[0,0,0,0,0,0,0,8,0,0,0,0,0,32,0,0]-[2,37748736,0,4,512]
[0,0,0,0,0,0,0,0,33554432,0,4096,0,0,128,0,0]-[0,0,128,262272,32768]
[0,0,0,0,0,0,0,0,0,0,0,0,256,0,33554432,0]-[135397376,541065346,1024,278560,0]
[0,0,0,0,0,0,0,0,0,0,0,0,3145728,128,33554432,0]-[512,0,4,96,0]
[0,0,0,0,0,0,0,0,4096,0,33554432,0,0,0,0,0]-[0,0,8650768,0,32768]
[0,0,67108864,0,0,0,0,0,1048576,0,0,4194304,262144,0,0,0]-[0,536870916,0,256,524288]
[524288,0,67108864,0,0,0,0,0,1048576,0,0,0,0,0,0,0]-[2166423556,33816592,34086912,2152215041,131073]
[0,0,0,0,0,0,0,2097152,0,0,0,0,1048576,0,0,0]-[49153,285229058,2097152,2147483904,1056770]
[0,0,67108864,0,0,1073741824,64,0,1048576,0,0,0,0,0,0,0]-[0,272,0,1024,1024]
[0,0,0,0,0,64,0,0,0,0,0,0,0,128,33554432,0]-[163842,32,8388740,0,524288]
[0,0,0,0,4194304,256,0,0,0,0,0,0,0,128,0,0]-[1180176,0,131073,4096,0]
[0,0,67108864,0,0,4096,0,0,0,0,4096,0,1048576,0,0,0]-[0,139264,1073742336,0,0]
[0,0,0,0,0,0,0,0,0,0,0,67109888,0,0,0,0]-[64,0,0,553648192,0]
[0,0,0,0,0,0,0,0,135266304,0,0,0,262144,128,0,0]-[16384,537919488,536870912,2097152,525312]
[0,0,0,0,0,8704,0,0,0,0,0,0,0,0,0,0]-[0,2147483648,134742016,0,4096]
[0,0,67108864,0,0,0,0,16,0,0,0,0,0,65536,0,0]-[2097160,0,301989888,0,0]
[0,0,67108864,0,0,0,0,8,1048576,0,0,0,0,8192,0,0]-[4,33816576,1073741824,0,0]
[0,0,67108864,0,0,0,0,1073741824,134217728,0,0,0,0,0,0,0]-[2,0,1024,65600,0]
[0,0,0,0,0,2147483648,0,0,0,0,0,0,1048576,128,0,0]-[1048576,2048,0,4096,262144]
[8388608,0,0,0,2048,0,0,0,0,0,0,0,0,0,0,0]-[262144,1073758208,0,0,2048]
[0,0,67108864,0,0,0,64,0,0,0,0,262144,0,128,0,0]-[32768,536870912,0,4,128]
[128,0,0,0,0,0,0,0,134217728,0,0,0,0,0,33554432,0]-[512,0,0,16793632,0]
[0,0,0,0,0,0,0,0,524288,0,0,0,0,536870912,0,0]-[0,1160,2048,0,0]
[0,0,0,262144,0,0,0,0,0,0,4096,0,1048576,0,0,0]-[0,0,16,768,4096]
[0,0,16384,0,0,0,0,0,134217728,0,0,0,1048576,0,0,0]-[268435456,65544,0,16,0]
[128,0,67108864,0,0,0,0,0,1073741824,0,0,0,536870912,0,0,0]-[32,33570880,0,0,0]
[0,0,0,0,2048,8396800,0,0,1048576,0,0,0,0,0,0,0]-[16384,32,0,524288,4]
[0,0,0,0,0,0,0,0,0,524288,0,0,0,128,65536,0]-[268435456,0,0,128,2097216]
[0,0,16777216,0,0,0,0,0,0,0,0,0,1310720,0,0,0]-[270532608,38915,33554432,4260096,1056770]
[0,0,0,0,67108864,8192,0,0,1048576,0,0,0,1048576,0,0,0]-[2181038080,0,536870912,0,256]
[0,0,67108864,0,0,0,0,8200,1048576,0,0,0,0,0,33554432,0]-[4,4194304,1073741824,2097152,0]
[0,16,0,0,0,0,1,0,0,0,0,0,0,0,0,0]-[0,0,2290089984,0,512]
[0,0,0,0,0,0,0,0,65536,0,4096,0,0,0,0,0]-[16384,256,1,0,8]
[128,0,0,0,0,16777216,0,0,0,0,1048580,0,0,0,0,0]-[1107296256,0,131072,0,64]
[0,0,0,0,0,0,0,128,0,512,0,0,0,0,0,0]-[134479888,0,0,0,262144]
[128,0,67108864,0,0,0,0,0,262144,0,0,0,0,0,0,0]-[67108928,0,16384,1,0]
[0,0,0,0,0,536870912,0,0,0,0,131072,0,0,0,131072,0]-[2,1026,0,8192,0]
[0,0,0,0,8388608,0,0,0,0,0,0,0,0,128,0,0]-[131088,67371008,8404992,276824192,2621444]
[0,0,0,0,0,0,0,8,0,0,0,262144,0,0,0,2]-[32768,16777216,0,0,640]
[0,0,0,0,0,0,0,0,524288,0,64,0,0,0,0,0]-[131072,65536,0,16778240,0]
[0,0,0,0,0,0,0,524288,0,0,0,32,0,0,0,0]-[0,16,67178560,4195328,512]
[0,0,0,0,0,0,131072,134217728,0,0,0,0,0,0,0,0]-[67109888,0,33554432,0,524288]
[0,0,0,524416,0,0,0,0,0,0,0,0,0,0,0,0]-[131072,0,32896,0,2]
[0,0,67108864,0,0,0,8192,0,0,0,0,0,8388608,0,0,0]-[4194304,262144,2147483648,0,64]
[0,524288,83886080,0,0,0,0,0,0,0,16,0,0,0,0,0]-[0,805310464,0,4194304,0]
[0,0,67108864,0,0,536870912,0,16,0,0,0,0,0,0,0,0]-[4198401,17048576,524288,525312,0]
[0,0,0,0,67108864,0,0,0,0,0,0,32,0,128,0,0]-[1081345,0,0,1073741824,0]
[0,0,0,0,0,256,0,16,1048576,0,0,0,262144,0,0,0]-[16,1048576,16777216,67108864,0]
[0,0,0,0,0,4194304,0,0,0,0,0,0,1048576,0,0,0]-[134218240,67108864,134217808,1081344,0]
[0,0,0,0,0,0,0,8,0,0,0,0,0,4194304,0,0]-[16384,150994944,1073741824,0,0]
[0,0,0,0,4,536870976,0,0,0,0,0,0,0,0,0,0]-[512,512,4096,1,0]
[0,0,67108864,0,0,0,0,65536,0,0,4096,0,0,0,0,0]-[1,536871168,301993984,33792,32770]
[0,0,0,0,0,0,8388608,0,0,0,0,0,4096,0,0,0]-[1049088,2147483648,536870912,0,0]
[0,0,67108864,0,0,0,0,0,0,33570816,0,0,0,0,0,0]-[33554440,262144,8,0,0]
[0,256,0,0,0,0,0,2048,0,0,0,0,0,0,0,0]-[8388608,2147483664,0,8404992,0]
[2147483648,128,0,0,0,0,0,0,0,0,0,0,0,0,0,0]-[0,0,167780356,0,0]
[0,0,0,0,0,0,0,0,0,64,67112960,0,0,32768,33554432,0]-[262144,8192,0,4104,0]
[0,256,0,0,0,0,0,0,0,0,0,0,0,0,131072,0]-[0,0,67239936,8192,2048]
[256,0,0,0,2147483648,0,0,0,0,0,0,0,0,0,0,0]-[0,128,2228224,0,32768]
[0,128,67108864,0,0,0,0,0,0,0,33554432,0,0,0,0,0]-[2,0,0,270336,131072]
[0,0,0,0,0,0,0,0,0,4096,0,0,8,128,0,0]-[0,0,2147483650,2048,1024]
[0,0,67108864,0,0,0,8192,16777216,0,0,0,0,0,128,0,0]-[2056,32,0,128,0]
[0,0,0,0,0,0,0,0,0,0,4100,0,1048576,0,0,0]-[285216768,0,0,4096,0]
[0,0,0,0,0,0,0,0,1048576,0,0,0,0,129,0,0]-[2097152,0,8192,2048,131072]
[128,0,16777216,0,0,256,0,0,0,0,0,0,0,0,0,0]-[0,1024,0,2415919104,64]
[0,0,67108864,0,0,0,0,0,0,0,4096,262144,1048576,0,0,0]-[1,32768,0,33554436,0]
[0,0,67108864,0,0,0,0,0,0,0,0,0,134217728,0,2147483648,0]-[8,4194304,4096,1024,0]
[0,0,67108864,0,67108864,512,0,0,0,0,0,0,0,128,0,0]-[2048,64,1073774592,0,0]
[0,0,0,0,0,0,0,0,0,0,67108864,0,1048576,128,0,0]-[262144,1073743872,2,192,1056]
[0,0,0,0,0,0,0,0,0,0,0,8388608,0,128,0,0]-[1327632,1141113922,273155078,8388660,131076]
[0,0,0,0,0,0,0,8192,8388608,0,0,134217728,0,0,0,0]-[2147483648,1081344,0,4096,0]
[0,0,0,0,0,0,0,0,0,0,0,32,262144,0,0,0]-[2995782656,278544,33608000,169870340,1053186]
[0,0,0,0,0,512,0,0,256,0,0,0,0,128,0,0]-[262144,0,0,1074003968,32768]
[0,4,0,0,0,0,0,0,1048576,0,0,0,0,0,0,0]-[2197815552,65556,1627422784,33554465,1049665]
[0,0,0,0,0,0,0,0,0,262144,0,0,0,128,0,0]-[393220,68420608,540676,0,8192]
[0,128,0,0,0,0,0,0,0,0,0,0,0,8192,0,0]-[4608,262144,2097152,0,0]
[0,0,67108864,0,0,0,0,0,0,0,0,0,0,0,0,2048]-[2235600943,537079889,1177555492,2304279665,131076]
[0,64,0,0,0,0,0,0,0,16777216,0,0,0,0,0,0]-[0,525312,4,32,0]
[0,0,67108864,0,0,256,0,0,0,0,0,0,0,268435456,0,0]-[8,16777216,0,32896,0]
[0,0,0,0,0,0,0,65536,1048576,0,0,0,0,128,0,0]-[4,537919488,0,1073741824,0]
[0,0,67108864,0,0,0,0,16,1048576,0,0,0,0,32,0,0]-[2048,536870912,0,9216,0]
[128,0,67108864,0,0,0,0,128,0,0,0,0,0,0,0,0]-[0,0,32768,17825794,0]
[0,0,0,0,0,0,0,0,0,1073741824,4096,0,0,128,0,0]-[0,0,1073758208,268435456,32]
[0,0,67108864,0,67108864,0,0,0,1073741824,0,0,0,0,128,0,0]-[0,1,0,2359296,524288]
[0,0,0,0,0,0,0,0,0,2048,0,0,0,8388608,0,0]-[0,1048608,0,0,16896]
[0,268435456,67108864,0,0,0,0,0,0,0,0,0,262144,0,0,0]-[0,536870912,33024,1024,0]
[0,0,0,2,0,0,0,8,0,0,0,0,0,0,0,0]-[512,32768,512,0,512]
[0,0,67108864,0,8,0,524288,0,0,0,0,0,1048576,0,0,0]-[1,0,4096,0,17408]
[0,0,0,0,0,256,0,8192,0,0,0,0,0,128,0,0]-[131072,0,262144,268697600,0]
[0,0,0,0,0,0,0,0,1048576,2147483648,0,0,1048576,0,0,0]-[1048640,128,8,16908417,0]
[0,0,0,16,0,0,0,0,0,1073741824,0,0,0,0,0,0]-[1280,536871040,0,0,0]
[0,128,0,0,0,8192,0,0,0,0,0,0,0,128,0,0]-[2,0,2359300,262144,0]
[0,0,0,0,0,0,0,0,0,0,0,0,0,128,0,256]-[3221225472,4096,0,1,0]
[0,0,0,0,0,0,0,8,0,0,268435456,0,0,0,0,0]-[0,0,1120,16,0]
[0,0,0,0,0,256,0,262144,0,0,0,0,0,0,0,0]-[0,0,541074432,0,0]
[0,0,0,0,0,0,0,0,16777216,2097152,0,0,0,0,512,0]-[8388608,1048576,67108864,0,4]
[0,0,67108864,0,0,256,0,0,16777216,0,0,0,131072,0,0,0]-[0,0,256,16777280,128]
[2,128,0,0,0,0,0,0,0,0,0,0,0,0,0,0]-[134217728,0,64,1048832,0]
[0,0,67108864,0,0,64,0,0,0,268435456,0,0,0,0,0,0]-[64,0,0,1,1028]
[2,0,0,0,0,0,0,0,0,0,128,0,0,0,0,4096]-[136314880,0,8388608,524288,0]
[0,0,0,0,0,0,0,0,1048576,0,0,0,1048576,0,4194304,0]-[33554432,4194304,536870912,2048,0]
[131072,0,0,0,0,256,0,0,0,0,0,0,0,128,0,0]-[0,0,536870912,65538,128]
[0,2,67109376,0,0,0,0,0,0,0,0,0,0,0,0,0]-[2181038080,0,1024,4194304,0]
[0,0,524288,0,0,0,8192,0,0,0,0,0,1048576,0,0,0]-[266240,16384,0,0,8192]
[0,0,0,0,0,0,8388608,0,33554432,0,4096,0,0,128,0,0]-[0,0,0,67371020,0]
[0,0,0,0,0,8192,0,0,0,0,0,0,16777216,0,0,0]-[538443776,0,16783360,1073754112,4096]
[18874368,0,0,0,0,0,0,0,0,0,0,0,0,0,0,0]-[0,0,0,0,240]
[128,0,67108864,0,0,64,0,0,1048576,0,0,0,0,536871040,0,0]-[2048,0,0,64,68]
[0,0,0,0,67108864,0,0,0,256,0,0,0,0,0,0,0]-[16384,2147483648,0,512,4]
[0,0,524288,0,0,0,0,0,0,256,4096,0,0,0,0,0]-[16384,32768,0,2052,0]
[0,524288,0,0,0,0,0,16,0,0,0,0,0,16,0,0]-[0,0,64,64,12288]
[2097152,0,67108864,0,0,0,0,0,0,0,4096,0,1048576,0,0,0]-[0,0,16,33554432,65664]
[0,0,0,0,0,0,0,16,0,524288,0,0,0,128,0,0]-[0,0,163840,0,270336]
[0,128,0,0,0,8192,0,32,1048576,0,0,0,0,0,0,0]-[0,0,8388672,0,384]
[0,0,0,0,0,16448,0,0,0,0,0,0,0,0,0,0]-[704,2147484160,1024,1,1184]
[0,0,0,16777216,0,0,0,0,33554432,0,0,0,0,0,0,0]-[3221225472,0,0,262144,1024]
[0,128,0,0,0,256,0,0,1048576,0,4096,0,1048576,0,0,0]-[65536,0,1073741888,268435456,0]
[0,0,67108864,0,4194304,0,0,0,134217728,0,0,0,0,0,0,0]-[32768,0,1024,8320,0]
[0,0,67108864,0,0,0,0,0,1073741824,0,0,0,262144,0,0,0]-[0,0,4,8192,32772]
[0,0,0,0,0,256,0,0,1048576,0,0,0,0,536870912,0,0]-[2147549184,41943680,8388656,6144,8449]
[0,0,0,0,67108864,0,0,0,0,0,0,0,0,0,16,0]-[262144,32772,16777216,0,0]
[524288,0,67108864,0,0,64,0,0,1048576,8192,0,0,0,0,0,0]-[0,16,8192,8193,0]
[0,0,67108864,0,0,0,0,0,0,128,0,32,0,0,0,0]-[64,0,0,2181039104,0]
[0,128,0,0,0,0,8192,0,0,0,0,131072,0,0,0,0]-[524288,16384,0,536870912,32768]
[16,0,0,0,0,0,0,16,0,0,0,0,0,0,33554432,0]-[12582912,16777216,128,0,0]
[0,0,67108864,0,67108864,64,64,0,0,0,0,0,0,0,0,0]-[0,4112,8192,0,4]
[0,0,0,0,16777216,0,0,0,0,0,0,8388608,0,0,0,0]-[131072,32768,524288,16,0]
[1073741824,0,0,0,0,256,0,0,0,0,0,0,1048576,0,0,0]-[262208,4096,2097152,0,0]
[128,0,67108864,0,0,8192,0,0,0,0,4096,0,0,0,0,0]-[0,2147524608,0,262144,2]
[0,0,0,131072,0,0,0,0,0,524288,0,0,0,0,0,0]-[524288,0,268435458,2,0]
[0,0,0,0,0,0,0,0,16777216,0,0,4,0,0,0,0]-[540672,0,32,0,128]
[0,0,0,0,0,0,0,0,1048576,0,0,64,0,0,0,0]-[2230528,1082393104,8,69242882,16]
[1073741824,0,67108864,0,0,0,0,0,0,0,0,0,1048576,128,0,0]-[0,32,0,4,1048640]
[0,0,67108864,0,0,4194304,0,0,1048576,0,0,0,8,0,0,0]-[0,0,0,33554816,64]
[0,128,0,0,0,0,0,0,0,0,0,0,1048576,0,67108864,0]-[131074,512,0,4096,0]
[0,0,0,0,67108864,0,0,0,0,0,0,0,64,0,0,0]-[262400,0,1050624,0,0]
[16,0,0,0,0,0,0,0,0,0,0,0,0,0,268435456,0]-[0,64,0,71303168,1024]
[0,32768,67108864,0,0,0,8192,0,0,0,0,0,0,128,0,0]-[0,1,4,80,0]
[0,0,0,0,32768,0,64,0,1048576,0,0,0,0,0,0,0]-[0,16,270336,4096,0]
[256,0,0,0,0,2147483648,0,0,0,0,0,0,0,0,0,0]-[0,132,2097152,0,32768]
[0,0,0,0,0,256,0,0,1048576,0,64,0,0,0,0,0]-[0,33554944,0,268435456,64]
[0,0,16777216,0,0,0,0,4194304,0,0,0,0,0,128,0,0]-[0,0,2097152,603979776,524288]
[0,0,12288,0,32,0,0,0,0,0,0,0,5242880,0,0,0]-[65536,2147483648,1073741824,1073741824,0]
[0,0,0,0,0,0,0,0,1048576,0,1073741824,536870912,0,128,0,0]-[16,0,0,544,128]
[0,0,0,32768,0,0,0,0,1048576,0,0,0,1048576,0,0,0]-[49152,16384,0,1048576,0]
[0,0,0,2147483648,0,0,0,0,128,0,0,0,1048576,0,0,0]-[0,0,0,16400,1026]
[2048,0,0,536870912,0,0,0,0,0,0,0,0,0,0,0,0]-[67108864,0,66048,0,262144]
[0,0,67108864,0,0,0,8192,0,0,0,0,0,8,0,0,0]-[2048,0,35659776,294912,2097154]
[0,0,67108864,0,0,0,0,1,0,0,0,0,0,0,0,0]-[589856,36896,34080016,2147550754,2097284]
[0,0,0,33554432,0,0,0,0,0,512,0,0,0,0,0,0]-[1024,0,524320,0,512]
[0,0,0,0,0,0,0,0,0,0,0,0,0,16777344,0,0]-[268439574,0,2048,402991120,1049152]
[0,0,67108864,0,0,0,0,0,0,0,0,4,1048576,0,0,0]-[151060481,1,4,134225920,0]
[0,0,0,0,0,0,0,0,134217728,0,0,4096,0,0,0,0]-[1048592,8388610,33554440,8,512]
[0,0,0,0,0,33554432,0,0,0,0,4096,1048576,0,0,0,0]-[1073758208,0,1073741824,1024,0]
[1073741824,0,0,0,16384,0,0,0,0,0,0,0,0,0,0,0]-[512,1024,0,0,3]
[0,0,67108864,0,0,0,0,0,0,0,0,16384,0,128,0,0]-[33554496,268435456,0,0,1024]
[0,0,0,0,0,256,0,0,0,0,0,16384,0,0,0,0]-[268698896,8320,64,2214854656,131072]
[0,0,0,0,0,0,65536,16,1048576,0,0,0,0,0,0,0]-[2147483664,0,16777216,0,16]
[0,0,0,0,0,128,0,0,0,0,0,0,0,0,8192,0]-[16777728,33554432,0,1073741824,0]
[0,0,67108864,0,0,0,0,0,262144,0,0,0,1064960,0,0,0]-[2147483648,0,16384,8193,0]
[0,0,0,65536,0,256,0,0,0,0,0,0,0,128,0,0]-[268435456,0,32,67108864,64]
[8388608,0,0,0,0,0,0,0,0,0,0,0,0,536870912,0,0]-[1073807360,8192,2147485696,3076,0]
[0,0,67108864,0,0,0,4096,0,0,0,0,0,256,0,0,0]-[2,8,0,1048576,16]
[0,2048,0,0,0,0,0,0,0,0,0,0,262144,0,32,0]-[0,536870914,0,256,65536]
[0,0,0,0,0,0,0,0,1048576,0,0,0,536870912,0,512,0]-[0,33554432,128,10240,0]
[0,0,67108864,0,0,0,0,0,0,0,256,0,1048576,0,0,0]-[2,8,4194304,18939904,0]
[1024,0,0,0,0,32,0,0,1048576,0,0,0,0,0,0,0]-[0,8388736,0,128,8192]
[0,0,67108864,0,0,0,2147483648,0,0,0,0,0,1048576,0,0,0]-[0,0,4112,4,1048576]
[16,0,0,0,0,64,0,0,0,0,0,0,1048576,0,0,0]-[1048576,16777216,0,0,4104]
[0,0,67108864,0,0,0,33554432,0,0,0,0,0,0,536870912,0,0]-[65568,8,0,1024,0]
[0,0,524288,0,0,0,0,8,0,0,4096,0,0,0,0,0]-[262144,0,512,33816576,0]
[0,0,0,0,0,134217728,0,128,0,0,0,0,0,0,0,0]-[268435720,0,0,0,2097152]
[0,32,67108864,0,0,0,0,0,0,0,0,0,1048576,0,0,0]-[1,33558528,0,0,128]
[0,0,0,0,0,0,0,0,134217728,0,0,0,0,0,0,131072]-[536879617,671090945,16777216,8224,0]
[0,128,0,0,536870912,0,0,0,0,0,0,0,0,0,4096,0]-[525312,0,0,0,2052]
[0,8,0,0,262144,0,0,0,1048576,0,0,0,0,0,0,0]-[0,0,0,806355200,0]
[32768,0,0,0,0,0,8192,0,0,0,0,0,0,0,0,0]-[0,256,262144,0,2049]
[128,0,0,0,0,0,0,0,0,0,0,0,2097152,0,0,0]-[512,0,8388608,2147483680,0]
[128,0,0,0,0,0,64,0,16777216,0,0,0,0,0,0,0]-[0,256,536871936,0,256]
[0,0,0,512,1,0,0,0,0,0,0,0,0,0,128,0]-[536870912,2,536870912,0,65536]
[0,0,0,0,0,0,0,0,1048576,0,0,0,0,0,1073741824,0]-[458752,184877856,1619265600,17862706,2097216]
[2147483648,0,0,0,0,0,0,262144,134217728,0,0,0,0,0,0,0]-[0,0,9216,67108864,16]
[0,0,0,0,0,0,0,0,0,2097152,0,0,0,512,0,0]-[0,0,1073742848,131072,65536]
[0,268435456,67108864,0,0,0,1048576,0,0,0,0,0,0,0,0,0]-[0,36928,0,16,2097152]
[0,0,0,0,0,64,0,16,0,0,0,0,8,128,0,0]-[0,67108864,2149580802,0,0]
[0,0,0,0,0,0,0,0,1048577,524288,0,0,0,0,0,0]-[0,0,0,1073778688,256]
[0,0,67108864,0,536870912,0,0,0,0,0,0,0,0,0,0,0]-[2148073582,335824209,339219200,2152997476,706695]
[0,0,2048,0,0,0,0,0,1048576,0,0,0,0,128,0,0]-[131073,1073741824,0,0,4]
[0,0,0,0,0,0,0,0,0,0,4096,0,0,134217728,0,0]-[8409088,536870912,134217744,268435456,2097152]
[0,0,67108864,0,0,256,64,0,0,0,4096,0,0,0,33554432,0]-[2097152,0,512,32768,128]
[0,0,67108864,0,0,0,0,0,0,0,1073741824,0,8388608,0,0,0]-[134217728,0,589824,0,32768]
[0,0,0,0,0,288,0,0,1048576,0,0,0,0,0,0,0]-[262144,1048704,0,268435456,0]
[0,65536,67108864,0,0,0,0,0,0,0,0,0,1048576,0,0,0]-[8388608,0,8192,134217732,0]
[0,0,0,0,0,0,4096,0,0,0,0,0,1048576,0,0,0]-[262274,42,171970560,2182283264,2129952]
[0,0,0,268435456,0,0,0,0,16777216,0,0,0,0,0,0,0]-[536871168,0,0,33554432,4]
[0,0,67108864,0,0,0,0,8192,134217728,0,0,0,0,0,0,0]-[32768,131072,524288,1024,0]
[0,0,0,4,0,0,0,0,1048576,0,0,0,0,0,0,0]-[256,8388868,16777216,2684354560,0]
[0,128,0,32,0,0,0,0,2147483648,0,4096,0,0,0,0,0]-[65792,1,0,268435456,0]
[128,0,0,0,0,32,0,0,0,0,4096,0,0,0,0,0]-[16384,0,0,268632064,0]
[0,0,67108864,0,33554432,0,0,0,0,0,0,0,0,0,0,0]-[50331660,570474504,2214597376,33820709,32832]
[0,0,0,0,0,0,32768,0,134217728,0,0,32,0,128,0,0]-[512,1048576,2,0,64]
[0,0,67108864,0,0,0,0,0,0,0,0,0,0,128,0,32768]-[4,335675648,0,2097696,32768]
[0,0,0,0,0,0,0,0,0,4,4096,0,0,0,0,0]-[1073750018,134218752,16,4096,4]
[0,0,0,0,0,0,0,16,16777216,512,0,0,0,0,0,0]-[0,67635200,0,0,1048576]
[262144,0,0,0,0,0,0,0,0,0,512,0,0,0,0,0]-[8,0,0,16640,2]
[0,0,67108864,0,0,8192,0,0,0,524288,32,0,0,0,0,0]-[2281701376,32768,0,65536,0]
[0,0,0,0,0,256,0,0,0,0,4096,512,0,0,0,0]-[0,131072,0,147456,128]
[0,8192,0,0,0,0,0,16,0,64,4096,0,0,0,0,0]-[0,67584,2,2147483648,0]
[0,0,0,0,2,0,0,0,0,0,4096,0,0,0,0,0]-[262656,2290089984,0,1073872898,0]
[0,0,0,0,0,0,0,0,16777216,0,0,0,0,0,131072,0]-[134217728,0,512,0,528384]
[0,0,0,0,0,0,0,0,1048576,0,0,4194304,0,0,0,0]-[67584,8388608,128,2415933442,0]
[0,0,67108864,0,0,0,0,536870928,0,0,0,0,0,0,0,0]-[20971520,2098240,525312,2,0]
[0,0,0,0,0,0,2097152,0,0,0,0,0,1,0,0,0]-[1,64,134217728,134217728,0]
[0,128,67108864,0,0,0,0,0,0,0,65536,0,0,0,0,0]-[0,0,37757952,0,0]
[0,0,67108864,268435456,0,0,0,0,0,0,0,0,1048576,0,0,0]-[4,8192,2048,0,524288]
[0,0,67108864,0,0,0,0,0,0,0,0,0,0,131072,0,0]-[2197815296,560000520,2153878304,2368175,101590]
[0,0,0,8388608,0,0,0,0,134217728,0,0,0,0,0,0,0]-[536870992,0,16,0,2048]
[0,0,0,0,0,0,0,0,1048576,0,0,0,1050624,0,0,0]-[2147485696,128,16777216,0,0]
[0,0,0,0,33554432,0,0,16,135266304,0,0,0,0,131200,0,0]-[16,1048576,0,16,128]
[0,0,0,0,0,64,0,0,0,128,0,0,0,0,0,0]-[65536,1074266624,1024,536870912,128]
[0,0,0,0,0,0,2,0,0,0,0,0,1048576,536870912,0,0]-[2147483648,2097152,16777216,1,0]
[0,0,67108864,0,0,0,0,16,0,0,4096,0,0,0,0,0]-[2242484289,3043435901,3258487316,2321913274,2312321]
[128,1,67108864,0,0,0,0,0,0,0,0,0,0,0,0,0]-[67108928,0,0,2147549184,0]
[0,0,67108864,1024,0,64,0,0,0,0,0,131072,65536,0,0,0]-[0,2099200,0,64,4]
[0,0,0,0,0,0,1073741824,0,0,0,0,0,1048576,0,0,0]-[293732416,4098,2424833,16384,8192]
[268435456,0,0,0,0,0,0,0,0,1073741824,0,0,0,128,8,0]-[1048600,32,4,603979776,1024]
[0,0,0,0,0,64,16384,0,0,0,0,0,0,0,0,0]-[113,128,2147622912,0,0]
[0,1048576,67108864,0,0,0,0,0,0,0,67108864,0,0,0,0,0]-[0,64,16400,0,1024]
[0,0,0,0,0,8192,0,0,0,0,0,0,16384,0,0,0]-[8192,32768,262144,401408,520]
[0,0,1073741824,0,67108864,0,0,0,1048576,0,0,0,0,128,0,0]-[33554436,32,0,0,8192]
[0,0,0,0,0,0,0,0,0,0,0,0,0,384,0,0]-[3145728,1048576,2149711872,32,64]
[0,128,0,0,2048,0,0,0,0,0,0,0,0,0,0,0]-[1048576,131072,8388608,16777216,0]
[0,0,0,0,8388608,0,0,8,0,0,0,0,0,0,0,0]-[8192,0,0,268435456,524289]
[128,0,0,0,0,0,0,0,0,0,0,0,0,0,1024,0]-[0,65536,33685504,2,0]
[0,0,0,0,0,8192,0,0,0,0,0,0,0,128,33554432,0]-[32768,17039360,2,0,0]
[0,0,67108864,0,0,0,0,2048,0,0,0,0,1048576,0,0,0]-[0,2147598352,0,32,2176]
[128,0,0,0,0,0,0,1073741824,0,0,0,0,0,128,0,0]-[0,16777216,0,538968068,0]
[0,0,67108864,4,0,0,0,0,0,2097152,4096,0,0,0,0,0]-[0,260,0,65540,0]
[0,0,134217728,0,0,0,134217728,0,0,0,0,0,0,128,0,0]-[0,65536,8388612,65536,0]
[128,0,0,0,0,0,0,0,33554432,0,4096,0,1048576,0,0,0]-[1,32768,0,67108864,32768]
[0,0,0,0,0,0,0,1073741824,0,0,2147483648,0,0,0,0,0]-[256,272629760,2147483648,0,0]
[0,0,67108864,128,0,0,0,0,0,0,4096,0,0,128,0,0]-[2112,32,0,0,128]
[0,0,0,16384,0,0,0,16,1048576,0,0,0,0,128,0,0]-[0,0,32768,2064,1048576]
[0,0,67108864,0,67108864,0,0,0,1048576,0,0,0,0,0,536870912,0]-[0,37748992,0,2097168,0]
[0,0,0,0,0,0,0,0,0,0,0,536870912,1048576,128,0,0]-[131136,0,0,4608,0]
[0,0,0,0,0,0,0,0,0,0,0,0,135266304,0,0,0]-[262144,1048576,12288,2097168,5120]
[0,0,0,0,0,0,0,16,1048576,0,0,0,0,128,0,0]-[313361,815596064,1754050784,1042307314,1188033]
[0,0,0,0,0,0,0,0,134217728,0,0,0,1310720,128,0,0]-[268435456,1,2097152,2097152,0]
[0,0,0,0,67108864,0,0,16777216,1048576,262144,0,0,0,0,0,0]-[0,1073758208,0,4352,0]
[0,0,128,0,16777216,0,0,0,0,0,0,0,0,128,0,0]-[32768,0,2097152,1073741828,0]
[0,0,67108864,0,0,4,0,0,0,0,0,32,0,0,0,0]-[2147483648,16,67108864,0,2097152]
[0,0,0,0,0,0,8192,134217728,1048576,0,0,0,0,128,0,0]-[1,0,262176,16,0]
[0,0,0,0,0,0,0,0,0,0,4096,0,0,1024,0,0]-[270532608,8224,0,0,0]
[512,0,0,0,0,0,4,0,0,0,0,0,0,128,33554432,0]-[1179648,0,536870912,262144,0]
[0,131072,0,0,0,256,0,0,0,4096,0,0,0,0,0,0]-[512,0,65540,4,0]
[0,0,0,0,0,0,0,0,0,33554432,4096,1048576,1048576,0,0,0]-[0,0,1,4104,8]
[0,0,0,0,0,0,0,16,0,4096,0,0,1048576,0,0,0]-[0,269484032,0,16,16384]
[0,0,0,0,0,0,0,0,1048576,0,0,0,0,134217856,0,0]-[32769,536870912,129,134218240,131076]
[0,0,0,0,0,256,0,0,0,0,0,0,256,128,0,0]-[1088,0,1073741824,2048,0]
[0,0,0,0,0,0,0,0,0,0,4096,0,0,2048,0,0]-[1073742080,16908544,276824064,268438024,4106]
[0,0,67108864,0,0,64,0,0,0,0,0,524320,0,0,0,0]-[0,2147484160,524320,0,0]
[0,0,0,0,0,0,268435520,0,0,0,0,0,0,0,0,0]-[1048576,0,0,32772,128]
[0,0,0,0,32,0,0,16,0,0,0,0,0,0,0,0]-[8978448,2147494144,1074106656,1090666656,0]
[0,0,0,0,0,0,0,0,4112,0,4096,0,0,0,0,0]-[4096,0,8388624,65536,0]
[0,0,0,0,0,0,128,0,0,0,0,0,1048576,536870912,0,0]-[0,9216,0,536870912,512]
[0,0,1073741824,0,0,0,0,0,1048576,0,0,0,262144,0,0,0]-[0,0,536870912,256,139264]
[0,128,0,0,0,0,0,0,0,0,4096,0,2048,128,0,0]-[268435456,33,0,268435456,0]
[0,0,0,0,0,0,0,8,0,0,0,8388608,0,0,0,0]-[0,134250496,512,4,0]
[0,0,67174400,0,0,0,0,0,0,0,0,0,0,0,0,0]-[134217834,574633996,70327308,150995092,4]
[0,0,0,0,0,0,0,0,0,0,32,0,262144,0,0,0]-[1572864,536870912,0,32,0]
[0,0,0,131072,0,0,0,0,1048576,0,0,0,0,0,0,0]-[1024,0,131076,131072,0]
[0,0,67108864,0,0,1073741824,64,0,0,0,4096,0,0,536870912,0,0]-[2048,4,512,0,128]
[0,0,0,0,8388608,0,0,0,135266304,0,0,0,0,0,0,0]-[1,1342177280,0,0,16]
[0,0,67108864,33554432,0,0,0,0,0,0,0,0,0,65536,0,0]-[0,2105344,4100,0,0]
[0,0,67108864,0,0,256,0,0,134217728,0,0,32,0,0,0,0]-[0,0,20,256,1024]
[0,0,512,0,0,0,0,0,8192,0,0,0,0,0,0,0]-[512,128,536870912,65536,0]
[0,0,0,0,33554432,0,0,0,33554432,0,0,0,0,131072,0,0]-[0,131072,2,1073742080,0]
[0,0,0,0,0,0,0,0,0,0,0,0,536870912,536870912,0,0]-[33792,2,0,0,8]
[0,0,67108864,0,0,0,0,0,134217728,0,2,0,0,0,0,0]-[8388608,8196,0,4,1591296]
[0,0,0,0,8192,0,0,0,8192,0,0,0,0,0,0,0]-[0,524288,33554432,33554432,16]
[0,0,67108864,0,0,0,0,0,0,0,4096,0,1310720,0,0,8]-[0,16809988,33554432,0,0]
[0,0,0,0,0,0,0,8,0,0,0,0,0,0,0,256]-[16,1024,33554432,16384,0]
[0,0,67108864,0,0,0,0,0,0,0,0,0,0,128,2,0]-[0,32768,2048,1024,2048]
[0,0,67108992,0,0,0,0,0,0,0,0,0,0,0,33554432,0]-[32,0,1073741824,262144,2]
[0,0,0,0,0,256,0,256,0,0,0,0,1048576,0,0,0]-[1048576,0,134217728,69206016,0]
[0,0,67108864,2147483648,0,0,0,16,0,0,0,32,0,0,16,0]-[64,16,0,2097152,1048576]
[0,0,0,0,0,0,1024,0,0,0,0,32,0,0,0,0]-[134348802,16,0,0,0]
[0,0,128,0,0,0,0,0,134217728,0,0,0,0,0,0,0]-[553779328,8650756,67108864,262144,128]
[0,0,0,0,0,0,33554432,16,0,0,0,0,0,0,0,0]-[2148548672,134349312,33723904,8389698,3408417]
[0,0,0,0,262144,0,0,0,0,0,0,0,1048576,0,262144,0]-[0,0,65536,1064960,8192]
[0,0,0,0,4,0,8192,16,0,0,0,0,0,128,0,0]-[0,0,16781312,0,17]
[0,0,0,16777216,0,0,0,0,134217728,0,0,2,0,0,0,0]-[16384,0,0,16,264]
[16384,0,0,0,67108864,0,0,0,0,0,0,0,262144,0,0,0]-[65568,0,0,0,640]
[128,0,0,0,0,0,8192,0,0,0,4096,0,0,0,0,0]-[1073758208,553779201,167772160,137216,8]
[0,0,1048576,0,0,0,0,0,1048576,0,0,0,0,0,0,0]-[2147942401,1644167472,21014656,272147456,8192]
[0,0,262144,0,0,0,0,16,1048576,0,0,0,0,0,0,0]-[0,8454144,0,128,1]
[0,0,67108864,0,0,0,64,524288,0,0,4096,0,0,0,0,0]-[0,262400,268435456,512,0]
[0,0,2214592512,0,0,0,0,0,0,524288,0,0,1048576,536870912,0,0]-[4,131088,0,0,4]
[0,0,0,0,0,8192,0,0,64,0,33554432,0,0,0,0,0]-[65536,0,4096,1073774592,0]
[0,0,67108864,0,4194304,0,0,0,0,0,0,32,0,0,0,0]-[9,33554432,32768,0,0]
[0,0,0,0,0,8192,0,0,134217728,0,0,0,0,2147483648,16,0]-[128,0,0,131074,512]
[0,128,0,0,0,0,0,0,0,0,0,0,1048576,0,0,524288]-[0,0,1342177280,2050,0]
[0,0,0,0,0,0,0,0,0,0,4096,0,0,128,524288,0]-[1073743872,17039376,33619968,268435456,0]
[0,0,0,0,67108864,0,0,0,0,0,0,0,0,0,0,262144]-[256,8519680,0,1048576,0]
[0,0,0,0,536870912,8192,0,0,134217728,0,0,0,0,0,0,0]-[1048704,16,0,2048,0]
[0,0,67108864,0,32768,256,0,0,0,0,0,0,0,536870912,0,0]-[0,268435456,65536,256,131072]
[0,8,0,1024,0,0,0,0,0,0,0,0,0,0,0,0]-[67108864,1082130432,0,1024,0]
[0,0,0,0,0,64,0,1073741824,0,0,0,0,0,0,0,0]-[2,2623488,0,0,0]
[0,0,67108864,0,0,8192,0,0,0,268435456,0,0,0,0,0,0]-[134217730,0,0,16,16384]
[0,128,0,0,0,0,0,0,0,0,0,0,0,2176,0,0]-[32768,16777216,2,538968064,4]
[0,0,67108864,0,0,0,8192,0,0,0,0,0,32,0,0,0]-[0,0,548,16,0]
[0,0,0,0,0,0,2048,0,1048576,0,0,0,8388608,128,0,0]-[33816576,0,0,2097152,524288]
[0,0,0,65536,0,0,0,0,0,64,0,0,0,0,0,0]-[68157440,1,2,0,0]
[0,0,0,0,0,0,0,0,134217728,0,0,0,0,0,67108864,0]-[131072,532484,100925441,4194304,1049092]
[0,0,0,0,0,16384,64,0,0,0,0,0,0,0,0,0]-[132,2147484160,1024,263169,74784]
[0,0,0,0,0,8192,8,0,0,0,0,0,0,0,0,0]-[536936448,4,0,0,8]
[0,0,0,0,8192,0,0,0,1,0,0,0,0,128,0,0]-[32768,0,8388608,69632,0]
[67108864,0,0,0,0,0,0,0,0,0,0,0,262144,0,0,0]-[268435456,537935872,0,0,0]
[0,0,0,0,0,0,0,0,0,0,0,0,0,128,1048576,0]-[536870928,2147487880,2214658064,335806592,294912]
[0,16,0,0,0,0,0,0,0,0,0,8388608,0,0,0,0]-[128,2,4195328,0,0]
[0,0,0,0,0,8388608,0,8192,0,0,0,0,0,0,0,0]-[67108928,0,1,512,0]
[0,0,0,0,0,0,0,8192,0,0,262144,0,0,0,0,0]-[16777216,4,0,8388640,0]
[132,0,67108864,0,0,0,0,0,0,0,0,0,0,128,0,0]-[64,0,8192,0,524352]
[0,0,0,0,0,0,0,16,0,0,8192,0,0,0,0,0]-[285753360,279445504,537919760,136331296,2097152]
[0,0,0,0,0,0,0,0,1048576,0,16384,16777216,1048576,0,0,0]-[256,4194304,0,1073741856,0]
[0,0,0,0,0,256,0,0,0,0,0,0,9437184,0,0,0]-[262144,0,327680,2097152,0]
[0,0,0,0,0,0,0,0,0,0,134221824,0,0,0,0,0]-[1073741888,1,80,54272,65536]
[0,0,0,0,0,0,256,0,0,0,0,0,0,0,33554432,0]-[16,33816576,0,131072,0]
[128,0,67108864,0,67108992,0,0,0,0,0,0,0,0,0,0,0]-[0,2147504128,0,0,2097152]
[0,0,67108864,0,0,0,0,0,0,0,0,0,9437184,128,0,0]-[2097153,0,0,16,65536]
[0,0,0,0,16777216,0,0,0,0,0,0,0,1048576,128,0,0]-[33554432,1024,8388610,0,0]
[0,0,0,0,0,2147483648,0,0,0,0,0,0,0,0,0,512]-[2,2097154,128,0,0]
[0,0,0,0,0,0,0,0,135266304,0,0,0,0,0,0,256]-[131072,0,0,4196352,4]
[0,0,0,0,67108864,0,0,0,0,0,33554432,0,0,0,0,0]-[2097152,537051136,8388608,537936064,2048]
[0,0,0,0,0,0,0,134217728,0,0,0,0,0,16,0,0]-[256,0,0,134217728,32776]
[0,0,67108864,0,0,0,134217728,536870912,0,0,0,0,0,0,0,0]-[524288,0,0,9216,1048576]
[0,0,67108864,0,0,0,0,64,0,524288,4096,0,0,0,0,0]-[0,16777220,512,32768,0]
[0,0,67108864,0,0,0,64,0,0,0,4096,0,262144,0,0,0]-[2097152,537001984,33554432,0,0]
[0,0,0,0,0,320,8192,0,1048576,0,0,0,131072,0,0,0]-[2147483648,384,32,0,0]
[0,0,0,0,0,0,0,16,0,0,0,134217728,0,128,0,0]-[32768,0,2097154,64,0]
[0,0,16777216,0,0,0,0,16,0,0,0,0,0,524288,0,0]-[1073743872,0,524304,0,0]
[0,0,8,0,0,0,0,8,0,0,0,0,0,0,0,0]-[4456448,16777216,0,0,262656]
[0,0,0,8192,0,0,262144,16,0,0,0,0,0,128,0,0]-[0,65536,536870912,128,2097152]
[0,0,0,0,0,0,2097152,0,0,0,0,0,1048584,0,0,0]-[268435456,8388608,8192,0,8]
[0,0,83886080,0,0,0,0,0,0,0,0,0,0,0,524288,0]-[0,262145,0,2147483648,2]
[0,0,0,0,0,4352,0,0,1048576,0,0,0,262144,0,0,0]-[16,0,0,67109120,131072]
[0,0,8388608,0,0,64,0,0,0,0,4096,0,0,0,0,0]-[2147483648,0,524288,8912896,0]
[0,128,67108864,0,0,0,16384,16,0,0,0,0,0,0,0,0]-[33554440,0,33619968,0,0]
[0,0,0,0,0,0,0,16,0,0,0,0,0,0,4,0]-[269484544,17835026,134221842,822133824,0]
[0,0,0,0,0,0,0,8,0,0,0,0,0,536871040,0,0]-[262148,16777216,0,0,192]
[0,0,67108864,0,0,0,0,16777216,0,16,1073741824,0,0,0,0,0]-[0,536872960,0,2147483648,2097152]
[0,32768,67108864,0,0,0,0,16,0,0,0,0,0,0,0,0]-[32768,268435456,0,32,2048]
[0,0,0,0,0,0,64,0,0,0,0,0,0,65536,0,0]-[0,1048576,805306368,1073741824,0]
[0,0,67108864,0,0,256,0,0,1048576,256,0,0,0,33554432,0,0]-[8,67108864,0,16842752,0]
[0,0,0,0,0,0,0,16,0,512,0,262144,0,0,0,0]-[16,512,0,268435456,16384]
[0,0,0,0,0,0,0,0,2,0,0,0,262144,0,0,0]-[0,5120,536870914,0,0]
[2048,0,0,0,0,0,0,16,0,0,0,0,0,0,0,0]-[526336,67110914,1073913856,67108864,4240]
[128,0,0,0,0,0,0,16,1048576,0,0,0,262144,0,0,0]-[16384,0,536903680,33554464,0]
[0,0,67108864,0,0,0,0,128,0,0,4096,0,0,0,0,0]-[1024,151003392,0,1074069504,8192]
[8388608,0,0,0,0,0,1024,0,1048576,0,0,0,1048576,128,33554432,0]-[2359296,268500992,0,0,0]
[0,0,67108864,0,0,0,0,0,134217728,0,0,0,256,0,0,0]-[2120,8,0,0,0]
[0,0,0,0,0,0,16,8388608,0,0,0,0,0,0,0,0]-[32,0,0,67108896,2]
[0,0,67108864,0,0,0,0,0,1048576,0,4096,0,0,524288,0,0]-[2048,0,16,33558528,0]
[0,0,0,0,0,0,0,0,1114112,0,0,0,1048576,0,0,0]-[0,268435488,1,4194304,0]
[0,0,0,0,0,2097152,0,0,0,0,0,16777216,0,128,0,0]-[4,536870912,262144,262144,0]
[0,0,0,0,67108864,0,0,0,16777216,0,0,0,0,32,8,0]-[128,4196352,0,0,512]
[0,128,67108864,0,0,0,0,0,8192,0,0,0,0,0,0,0]-[8,0,4,64,16384]
[0,0,0,0,0,0,0,0,1048576,0,0,0,1048584,0,33554432,0]-[131072,32,0,6291456,0]
[0,0,67108864,0,0,64,0,0,134217728,0,0,0,0,128,0,0]-[8,67108864,2097156,32,524288]
[0,128,0,0,0,0,0,0,0,0,0,0,0,536870912,0,0]-[134217728,262272,302333952,1073741888,139264]
[0,128,0,0,0,0,0,0,1048576,0,0,0,0,128,32768,0]-[4,262144,262144,0,131072]
[0,0,0,0,16,0,0,0,0,0,67108864,0,0,0,0,0]-[268435456,8192,32768,0,32]
[0,0,0,0,0,0,0,0,2048,0,0,32,0,0,0,0]-[33554448,0,268435456,2048,0]
[0,0,67108864,0,0,0,0,0,16777216,0,0,0,0,0,0,2048]-[32768,131392,65536,1153,0]
[0,0,0,32,0,0,0,0,0,0,4096,0,0,128,4,0]-[0,0,1572864,1610612736,0]
[0,0,0,0,0,33554432,64,0,0,0,0,0,0,0,0,0]-[2048,128,33558528,0,0]
[0,0,0,0,0,1073741824,0,0,0,0,4096,0,0,0,0,0]-[262656,1024,33554496,268764160,2]
[0,0,0,0,2048,0,0,0,0,0,0,0,0,0,33554432,0]-[256,256,0,134217728,2]
[0,134217728,0,0,0,0,8192,0,0,0,0,0,0,0,0,0]-[2101248,134479872,0,0,0]
[0,0,0,0,0,0,4,0,0,0,0,0,0,128,33554432,0]-[133120,67108864,1610612736,262144,0]
[0,0,0,0,0,0,0,0,0,0,0,0,8,8388608,0,0]-[0,32772,0,131073,0]
[0,0,0,2147483648,0,0,0,0,17825792,0,0,0,0,0,0,0]-[2147483648,0,4194305,2048,0]
[0,0,0,0,0,0,0,0,0,0,16,0,1048576,0,0,0]-[4194308,16777216,2050,536870932,4096]
[16,0,0,0,0,256,0,16,0,0,0,0,0,128,0,0]-[16384,0,0,144,262144]
[0,0,0,0,0,0,0,0,0,0,4096,0,1049600,0,0,0]-[0,0,65536,131076,32]
[0,0,0,0,0,64,0,512,0,0,0,0,0,0,32768,0]-[192,0,2048,0,2]
[524288,0,0,0,536870912,0,0,0,0,0,0,0,0,0,0,0]-[2147500032,17,0,0,0]
[0,0,0,0,0,0,32768,0,0,0,0,0,0,128,0,0]-[156,1312769,547373058,1610614854,73732]
[0,4,67108864,0,0,0,0,0,1048576,0,0,0,1048576,0,0,0]-[16777216,4,0,167772160,0]
[0,0,0,0,0,0,0,0,134217728,0,0,0,1048576,0,0,0]-[3117927107,2492709615,2124752991,2100779958,778185]
[2147483648,0,0,0,0,0,0,0,0,0,0,0,0,2147483648,0,0]-[128,134218752,0,4096,0]
[0,0,67108864,0,0,0,32,0,0,0,0,32,0,0,0,0]-[134217728,512,524288,2097152,1048576]
[0,0,0,0,0,536870912,64,0,0,0,0,0,0,0,0,0]-[0,1318912,0,0,2097152]
[0,0,0,0,0,0,0,0,1048576,0,4194304,0,0,128,0,0]-[0,1048576,8192,1073741824,64]
[0,0,67108864,0,0,0,8256,0,0,0,0,0,0,128,0,0]-[1,537001984,32,0,0]
[0,0,0,0,0,256,8256,0,0,0,0,0,0,0,0,0]-[0,8192,268697600,4096,0]
[0,0,67108864,0,0,0,0,8192,0,0,0,32,0,0,0,0]-[32768,0,67633152,1024,0]
[0,0,16777216,0,264192,0,0,0,0,0,0,0,0,0,268435456,0]-[536870912,262144,524288,0,32768]
[0,0,0,0,0,0,0,128,1048576,0,0,0,0,128,0,0]-[0,1048576,1610645504,0,0]
[0,33554432,0,0,0,0,0,0,134217728,0,0,0,0,0,0,0]-[536879181,201326592,1082130444,80,524417]
[256,0,0,0,0,0,0,0,0,0,0,0,0,128,0,0]-[271613971,621805632,1589253,1409351680,336004]
[0,0,67108864,0,0,0,0,0,17825792,0,0,0,0,2048,0,0]-[0,0,4194304,2097664,4]
[0,0,0,0,0,0,0,0,0,0,0,0,1048576,2097152,0,1]-[0,8208,16777216,2,0]
[0,0,0,0,0,0,0,0,135266304,0,0,0,0,536871040,0,0]-[2064,0,0,1073741824,192]
[0,0,8388608,0,0,0,0,16,0,0,0,0,0,0,0,0]-[0,1049088,16779776,67125248,32]
[0,0,0,0,0,0,0,0,8192,0,0,0,0,512,0,0]-[1048576,512,0,1024,4096]
[0,0,67108864,0,0,0,16384,0,2,0,0,0,0,0,0,0]-[8,4096,16,0,524288]
[0,0,0,0,0,0,0,0,268435456,0,0,0,0,16777216,0,0]-[0,2097152,0,1049600,32]
[0,0,0,0,0,0,2,0,134217728,0,4096,0,1048576,0,0,0]-[0,36,0,8,4096]
[128,0,0,0,0,0,0,0,4,0,0,0,1048576,0,0,0]-[1048576,32768,0,0,10]
[0,0,0,0,0,0,0,0,0,0,0,16777216,1048576,0,33554432,0]-[0,128,16777216,262144,524288]
[0,0,0,0,0,0,0,0,1048576,0,0,8,1048576,268435456,0,0]-[4,16,0,536871040,0]
[65536,0,0,0,0,0,0,0,1048576,0,0,0,1048576,0,0,0]-[16908288,1048576,0,0,64]
[0,0,0,0,67108864,0,0,0,0,2097152,0,0,0,0,0,0]-[4194304,2147483648,25174016,4608,0]
[0,0,83886080,0,67108864,0,0,0,0,0,4096,0,262144,0,8192,0]-[2097152,536870912,0,66560,0]
[0,0,67108864,0,67108864,0,0,0,134217728,0,0,0,0,536871040,0,0]-[0,2305,0,0,128]
[128,0,0,0,0,0,0,8192,0,0,0,0,0,128,0,0]-[0,0,545275904,65536,0]
[0,0,0,0,67108864,8388608,0,128,1048576,0,0,0,0,0,0,0]-[0,8388624,0,4608,0]
[0,0,67108864,0,0,8388608,0,0,0,0,0,32,0,128,0,0]-[72,0,524288,0,1048576]
[0,0,67108864,536870912,0,0,0,0,0,0,4096,0,0,0,0,0]-[0,262160,0,65792,0]
[0,0,0,8388608,0,0,0,0,0,0,0,32,0,0,0,0]-[268566529,0,64,0,0]
[0,0,0,0,100663296,0,0,0,33554432,0,0,0,0,0,0,0]-[33554432,8,0,100663296,288]
[0,0,0,0,0,0,64,0,1048576,0,0,0,0,32,0,0]-[0,65536,16,536870912,128]
[0,0,0,0,0,0,0,0,1024,0,0,0,1048576,0,0,0]-[0,0,67125248,2048,1]
[0,0,0,0,2147483648,256,0,0,0,0,0,0,0,536870912,0,0]-[65536,8320,2097152,0,0]
[0,0,0,0,0,0,8192,0,537919488,0,4096,0,1048576,0,0,0]-[2147483648,0,16777248,32,0]
[64,0,0,0,0,0,0,0,0,0,0,0,262144,0,0,0]-[256,17408,0,0,65536]
[0,0,0,0,0,0,0,16,0,0,1,0,0,128,0,0]-[0,17039360,128,536870912,0]
[0,0,0,0,0,0,0,0,0,0,128,0,0,0,16,0]-[1179648,64,16777216,0,0]
[0,0,0,0,0,4194304,0,0,0,0,4098,0,0,0,0,0]-[512,67117056,64,0,0]
[0,0,67108864,0,0,0,8192,0,0,0,0,0,1048584,0,0,0]-[0,0,2105344,0,2097154]
[128,0,0,0,0,0,0,0,0,0,0,0,1048576,32,0,0]-[536870912,0,16,0,32776]
[0,0,0,0,0,0,8192,268435456,1048576,0,0,32,1064960,0,0,0]-[33554432,0,0,268437504,16]
[0,1048576,0,0,0,256,0,0,0,0,0,0,0,0,0,0]-[1048592,0,0,0,4160]
[128,0,0,0,0,0,0,0,1048576,0,0,0,0,536870912,0,0]-[278528,268501248,8388608,3260055632,655620]
[0,0,0,0,0,0,0,0,0,0,0,0,8,128,0,32800]-[0,1,2,2048,1024]
[128,0,0,0,0,0,0,0,0,0,0,0,0,128,0,16]-[33554432,262144,0,268435464,0]
[0,0,0,0,0,0,0,0,0,2048,0,0,16384,0,0,0]-[4096,0,67108864,268437504,0]
[0,0,0,0,0,0,0,0,0,0,0,32768,0,536870912,0,0]-[0,131076,0,1073741824,2097152]
[0,0,67108864,0,0,0,0,0,2,0,0,256,262144,0,0,0]-[16777218,0,4194304,128,0]
[0,64,67108864,0,0,0,0,0,1048576,0,0,0,0,0,0,0]-[0,0,66560,16777216,16384]
[2147483648,0,0,0,0,256,0,0,0,0,0,0,0,128,0,0]-[1024,0,4,67108864,8192]
[0,0,16777216,0,0,0,0,0,0,0,0,8192,0,0,0,0]-[1048584,0,0,129,0]
[0,0,67108864,0,0,0,0,0,1048576,0,0,64,1048576,0,0,0]-[0,516,16,0,1048576]
[0,0,0,0,0,0,0,0,0,0,0,0,0,0,67112960,0]-[16,16384,0,12,0]
[0,0,0,0,0,0,0,0,0,134217728,4096,0,1048576,4,0,0]-[65536,64,576,0,0]
[128,0,0,0,0,0,0,0,1048576,0,0,0,0,0,0,64]-[264192,262144,0,1,0]
[0,0,0,0,0,0,0,0,67108864,0,0,0,0,128,0,512]-[1025,262144,2147483648,0,0]
[0,0,0,0,0,0,0,0,134217728,0,0,16777216,0,0,0,0]-[8192,16384,0,66560,0]
[0,0,67108864,2097152,0,0,0,0,0,0,0,0,0,128,0,0]-[0,133120,524320,4098,2097152]
[0,0,0,0,0,256,0,16,1048576,0,0,0,2097152,536870912,0,0]-[16,268500992,0,256,0]
[0,0,0,0,0,8192,16384,0,0,0,0,0,0,0,0,0]-[2097152,524288,537919488,131136,16386]
[0,0,0,0,0,0,0,0,134217728,0,0,0,4194304,128,0,0]-[2560,64,2097152,2097152,0]
[0,0,0,0,0,0,0,0,17825792,65536,0,0,0,0,0,0]-[0,0,0,2560,20]
[0,0,67108864,0,0,0,0,0,0,0,4096,0,0,64,0,0]-[4160,536870916,0,0,0]
[0,0,67108864,0,0,256,0,0,0,0,0,0,0,0,0,0]-[2620198749,2544369656,3615195004,2642262527,1830357]
[0,0,536870912,0,0,0,0,16,0,16777216,0,0,0,0,0,0]-[2147483648,8388608,134217730,0,0]
[0,8388608,0,0,0,0,4096,16,0,0,0,0,0,0,0,0]-[0,0,134219776,2048,32]
[128,0,0,0,32,0,0,0,0,0,4096,0,1024,0,0,0]-[0,256,0,163840,32]
[0,0,67108864,0,0,0,0,0,0,0,4096,33554432,0,0,0,0]-[1,4194336,268435456,0,128]
[0,0,67108864,0,0,256,0,0,0,0,33554432,0,0,128,0,0]-[64,256,0,262144,131072]
[0,0,0,0,67108864,0,0,0,0,0,4096,0,0,0,0,1024]-[278528,2147483664,0,0,0]
[128,0,0,0,0,0,0,0,0,0,0,16384,0,0,0,0]-[138412032,0,131072,2147483648,0]
[0,0,0,0,0,256,0,0,0,0,0,0,1048576,536871040,0,0]-[1327168,16779264,0,16,192]
[0,0,524288,16777216,0,0,0,0,0,0,0,0,0,0,0,0]-[0,16777218,0,1572864,0]
[0,0,0,0,0,0,0,0,0,0,4096,0,16777216,128,0,0]-[268435456,17039360,0,2048,98432]
[0,0,100663296,0,0,0,0,0,0,0,8,0,0,536870912,0,0]-[0,131072,65536,0,68]
[0,0,0,0,0,0,0,0,0,0,1073741825,0,0,0,0,0]-[33554432,536870912,64,262144,0]
[0,256,0,0,0,0,0,16,0,0,8192,0,0,0,0,0]-[64,0,0,17,264192]
[0,0,67108864,33554432,0,0,0,0,0,0,4096,0,0,0,0,0]-[64,33554436,0,128,0]
[0,0,0,0,0,8192,0,0,1048577,0,0,0,8,0,0,0]-[16777216,0,64,1073741824,256]
[0,0,0,0,0,0,0,0,1048576,0,1073741824,32,0,0,0,0]-[131072,16,0,1056768,0]
[0,0,0,0,0,0,8192,8,0,0,0,0,0,8,0,0]-[268435456,16384,0,536870912,4096]
[0,16777216,1024,0,0,0,0,0,1048576,0,4096,0,0,128,0,0]-[0,65536,524320,1073741824,0]
[0,128,83886080,0,0,0,0,0,0,0,0,0,0,128,0,0]-[4,67108864,0,262656,0]
[0,128,0,0,0,0,0,0,0,0,134217728,0,0,0,0,0]-[0,524300,4202496,3221225472,32768]
[0,128,0,16,0,0,0,0,0,0,0,0,0,128,0,0]-[131200,67371008,0,0,0]
[0,0,0,0,0,0,262144,0,0,0,0,0,1048576,128,0,0]-[131073,0,0,16,32768]
[0,0,67108864,0,0,8192,0,16,0,0,0,0,1048576,536870912,0,0]-[0,6148,0,0,16512]
[0,0,0,0,0,0,0,8,0,0,0,0,1048576,128,0,0]-[409602,285212737,1048609,807469068,262372]
[0,0,0,0,0,0,0,0,134217728,0,0,0,0,0,0,524288]-[65,2,65536,8388736,540672]
[0,256,0,0,0,0,0,0,0,0,0,67108896,0,0,0,0]-[8,0,0,1074282496,0]
[0,0,0,0,0,64,32,0,0,0,0,0,0,0,0,0]-[65552,2048,128,0,0]
[0,0,0,0,0,0,0,0,32768,0,0,0,0,128,0,0]-[268697601,536870912,0,536875040,65536]
[0,0,2214592512,0,0,0,0,0,0,0,0,0,0,0,0,0]-[167772165,604193329,102761984,188777500,68629]
[0,0,67108864,0,0,256,64,16,0,0,0,0,0,0,0,0]-[2147483648,65536,4096,256,0]
[0,0,0,0,0,64,0,8192,0,0,0,0,0,0,0,0]-[2147483648,1048576,1152,1,1024]
[0,0,0,0,0,0,0,16,0,0,2048,0,0,0,0,0]-[8388608,2097152,128,8192,0]
[131072,0,0,0,0,64,0,0,0,0,0,0,0,0,0,0]-[0,2099200,524288,64,160]
[0,16,0,0,4,0,0,0,4096,0,0,0,0,0,0,0]-[8192,0,0,16789504,0]
[128,0,0,0,0,0,0,0,0,0,2,0,0,128,0,0]-[16384,264192,0,8,0]
[0,0,0,0,0,0,0,16,0,0,0,0,0,8,0,0]-[16,0,2147483648,67125248,0]
[0,0,0,0,0,0,0,16,1048576,0,0,0,0,1152,0,0]-[0,2048,3145728,0,32]
[2,0,0,0,0,256,0,0,0,0,0,0,0,128,0,0]-[16384,67108864,524288,65536,0]
[0,0,0,0,0,0,0,8,4,0,4096,0,0,512,0,0]-[16384,0,1207959552,0,8]
[0,0,67108864,0,33554432,0,0,0,16777216,0,0,0,0,0,0,0]-[0,8192,0,2097664,16]
[0,1024,0,0,0,0,0,0,0,0,0,0,262144,536870912,0,0]-[16384,2048,128,33554432,0]
[0,0,0,0,0,0,8192,0,0,268435456,0,0,0,0,0,0]-[17408,514,4194304,262272,0]
[0,128,67108864,0,0,0,0,0,0,32,0,0,0,0,0,0]-[8388608,0,1140850688,256,0]
[0,0,67108864,0,0,0,32768,0,0,0,0,0,0,0,0,256]-[8,2048,8192,256,0]
[0,0,0,33554432,0,0,0,0,1048576,0,0,0,0,128,0,0]-[2049,268500992,32,67108864,0]
[0,0,67108864,0,0,0,16384,0,0,0,0,32,0,0,0,0]-[0,0,33554432,2621440,32768]
[0,16384,0,0,0,0,2,0,0,256,0,0,0,0,0,0]-[537001984,8,0,0,4]
[0,0,0,0,0,0,0,0,0,0,0,0,0,536870912,33554432,0]-[135266340,2058,2415920128,142606400,524296]
[0,0,67108864,0,0,0,0,0,0,4,4096,0,1048576,0,0,0]-[8388608,1,33554432,0,65536]
[0,0,0,0,0,0,0,0,0,0,0,0,0,536870944,0,0]-[2684395522,272664576,16908432,2114560,16896]
[0,0,67371008,0,0,8192,0,0,0,0,0,0,0,0,0,0]-[0,2415919104,0,16842753,16384]
[0,0,131072,0,0,0,0,0,0,0,4096,0,0,0,0,0]-[0,262177,134217792,131204,0]
[0,0,67108864,32,0,0,0,0,0,0,0,0,0,0,0,0]-[2389248097,3072342845,3526950456,35730287,2345159]
[0,0,67108864,0,0,0,0,0,0,0,0,1073741824,1048576,0,0,0]-[2147483650,576,1074806784,2147488308,65602]
[4,131072,67108864,0,0,0,0,0,0,0,0,0,0,0,0,0]-[0,8,1073741824,4,1048576]
[0,0,0,0,0,0,0,0,1024,0,0,0,0,16777216,0,0]-[0,2105344,1024,0,32]
[0,0,67239936,65536,0,0,0,16,0,0,0,0,0,536870912,0,0]-[0,4,512,64,16384]
[0,0,268435456,0,0,0,0,16,0,0,0,0,1048576,128,0,0]-[0,67108896,0,0,2105344]
[1024,0,0,0,0,0,0,0,0,0,0,0,1048576,0,0,0]-[1078198272,4128,2112,270598144,274432]
[0,0,0,268451840,0,0,0,0,0,0,0,0,0,0,0,0]-[8,4224,0,0,2]
[0,0,0,0,0,0,0,0,0,0,0,32,0,0,67108864,0]-[536870920,2147483648,100794368,1075322880,0]
[0,0,67108864,0,0,0,2048,0,0,0,0,0,0,0,0,0]-[2195787778,302408572,268441344,157849105,2755905]
[0,0,0,0,0,0,0,16,0,0,0,0,1179648,0,0,0]-[0,67108864,4096,2147483648,32]
[0,0,0,0,67108864,0,0,0,0,0,0,0,0,0,570425344,0]-[0,4194304,0,6291456,8]
[0,128,67108864,0,0,0,0,0,135266304,0,4096,0,0,32,0,0]-[65536,0,16,256,128]
[0,0,0,0,0,0,0,16,268435456,0,0,0,0,0,0,0]-[0,67174400,536871424,0,0]
[0,0,0,0,0,0,0,0,135266304,0,0,0,1048576,128,0,0]-[16384,9437184,1073741824,1073745952,525504]
[0,0,67108864,0,0,0,134217792,8,0,0,4096,0,0,16,0,0]-[0,131072,1073741824,32768,128]
[0,0,0,0,0,0,64,0,0,512,0,0,1048576,0,0,0]-[545259520,0,2097152,2147483648,0]
[0,0,536870912,0,0,0,0,0,0,0,0,0,0,128,0,0]-[1179796,104866050,10592260,0,32768]
[268435456,0,0,0,0,1073741824,0,0,0,0,0,0,0,0,8,0]-[256,2048,8192,8388608,0]
[1048576,0,16777216,0,0,0,0,0,0,0,0,0,0,0,0,0]-[1024,0,33554432,0,2050]
[0,0,32768,0,0,0,0,0,1048576,0,0,0,0,0,0,0]-[1212688,9240592,786565,2014840451,393220]
[0,0,67108864,128,0,0,0,0,536870912,0,0,0,0,0,0,0]-[2048,8,32768,1048576,0]
[0,0,0,0,0,8192,0,1073741824,0,0,0,0,0,0,0,0]-[33554440,0,0,0,4098]
[16,0,67108864,0,0,0,0,1073741824,0,0,0,0,8,0,0,0]-[0,16777216,3584,0,0]
[128,0,67108864,0,67108864,256,0,0,0,0,0,0,0,0,0,0]-[0,2048,16384,16785409,524288]
[0,0,0,0,0,0,64,0,0,0,4096,0,0,0,0,0]-[52775207,738592092,2047170194,1447270148,62894]
[0,0,67108864,2048,0,0,0,16,0,0,0,0,0,0,0,0]-[0,2080,2304,0,0]
[0,0,0,0,0,8192,0,16,536870912,0,0,0,0,128,0,0]-[16,65536,2,0,8192]
[0,0,0,8388608,0,0,0,0,0,0,4096,32,1048584,0,0,0]-[268435457,33554432,0,0,128]
[0,0,0,67108880,0,0,0,0,1048576,0,0,0,0,536870912,0,0]-[16908544,0,4194304,0,0]
[0,0,16777216,0,0,0,8192,0,0,0,0,0,0,0,0,0]-[67108864,536870912,134217728,65792,2592]
[0,128,0,0,0,0,0,0,134217728,0,4096,0,0,0,0,0]-[65536,1,8388608,268435712,128]
[0,0,0,0,0,0,0,0,0,0,0,0,0,128,2147483648,0]-[4,0,1082130432,67174434,32804]
[8,0,0,16777216,0,0,0,0,0,0,0,0,0,0,0,0]-[17301504,0,8192,8388608,0]
[0,0,0,65536,0,64,0,0,0,0,0,0,0,0,0,0]-[268435648,0,4096,64,0]
[0,0,0,0,0,0,0,0,0,0,0,16,131072,0,0,0]-[0,134217728,16400,2147483648,0]
[0,0,67108864,0,0,0,0,16,1048576,0,0,0,1048576,128,0,0]-[32768,268500992,0,134217728,128]
[0,0,0,4194304,0,4,0,0,0,0,0,0,0,0,0,0]-[0,2147483650,0,0,1048608]
[0,268435456,0,0,0,0,0,0,16777216,0,0,0,0,0,0,0]-[2684354560,536870912,134348800,67117056,16384]
[0,0,0,0,0,256,0,16,1048576,0,0,0,1048576,0,0,0]-[0,512,0,2348814592,8192]
[0,0,67174400,0,0,0,0,0,16777216,0,0,0,0,0,0,0]-[138412033,0,2147483648,0,0]
[128,0,0,0,4194304,0,0,0,135266304,0,0,0,0,0,0,0]-[16384,262144,0,1073741824,256]
[0,0,0,0,0,0,4194304,0,0,0,0,0,1048576,0,0,0]-[0,1073741824,2050,1073741824,0]
[0,0,0,0,268435456,0,8,8,1048576,0,0,0,0,0,0,0]-[2228224,16,536870912,0,0]
[0,0,0,0,0,0,0,0,0,0,0,32,0,1073741824,0,0]-[0,0,64,1048576,2097154]
[0,16777216,67108864,0,0,0,16384,0,0,0,0,0,0,268435456,0,0]-[0,262656,2147483648,64,0]
[0,0,0,0,0,0,0,0,537919488,0,0,0,0,0,0,0]-[2166358272,541081604,558104608,336069121,1049616]
[0,4096,0,4194304,0,8192,0,0,0,0,0,0,0,0,0,0]-[134217728,1073741824,1024,0,32]
[0,0,0,0,0,0,0,0,0,0,0,0,0,0,33554436,0]-[2,33554432,276824064,278608,0]
[0,0,67108864,0,0,0,0,8192,1048576,67108864,0,0,0,0,0,0]-[0,0,524296,1024,16]
[0,0,67108864,0,0,0,0,0,1048576,0,0,0,512,0,0,0]-[50364416,0,0,1024,0]
[128,0,0,0,0,0,0,0,0,0,0,0,256,128,0,0]-[0,2048,32768,1342177288,0]
[0,0,0,0,0,8,0,0,1048576,0,0,0,0,0,0,0]-[2149582848,260,50593808,256,0]
[0,0,0,0,0,256,0,0,16777216,0,0,0,0,0,2,0]-[540672,0,0,130,0]
[0,0,0,0,0,0,0,0,0,0,0,32,1048576,0,0,0]-[982750915,319839928,507607139,3544148116,3323634]
[0,1,0,0,0,0,0,0,0,0,0,0,0,0,536870912,0]-[0,0,67108864,134217728,12]
[0,0,67108864,262144,0,0,0,0,1048576,0,0,0,0,0,0,0]-[0,66048,16,40370433,69]
[2147483648,0,67108864,0,0,256,0,0,0,0,0,0,0,16,0,0]-[0,256,65552,0,131072]
[0,0,0,0,16,0,0,0,0,0,0,0,0,128,0,0]-[33554434,262144,2149580801,2164736,131076]
[0,0,0,0,0,0,32768,8,0,0,0,0,0,0,0,0]-[0,2176,64,2147483648,0]
[0,268435456,67108864,0,0,0,0,0,0,0,0,0,1048576,0,0,0]-[4,16,268435456,262144,0]
[0,0,0,16777216,0,0,0,0,536870912,0,0,0,0,0,0,256]-[3221225474,0,0,512,0]
[0,0,0,0,0,0,0,0,1048576,0,4096,0,256,0,0,0]-[2147485952,0,1074003969,4229136,1024]
[0,0,67109888,0,32768,0,0,8,0,0,0,0,64,0,0,0]-[0,0,1050624,16,4]
[0,0,0,0,0,0,0,0,134217744,0,4096,0,0,128,0,0]-[268452352,262144,0,0,0]
[0,0,67108864,0,0,0,0,0,0,0,0,2048,0,0,0,0]-[25200748,2422499896,2183148320,2182420007,1179731]
[0,0,0,0,0,0,0,0,0,0,0,0,0,128,0,512]-[2327701,18090080,1064965,134339200,327681]
[0,33554432,0,0,0,0,0,0,0,0,0,32,0,0,0,0]-[262180,1073741824,4,0,524297]
[0,0,1024,0,0,0,0,0,0,0,4096,0,0,0,0,0]-[1207959554,134480128,1342701604,473957632,331784]
[0,0,67108864,0,134217728,0,0,0,0,0,0,0,0,536870912,536870912,0]-[0,0,67108864,2147483648,132]
[0,0,67108864,0,0,0,0,0,131072,0,0,0,1048576,0,536870912,0]-[0,33554440,0,2097152,1024]
[0,0,67108864,0,0,0,0,0,131072,0,4096,0,0,0,0,0]-[2149580801,35651588,268435488,2359808,2]
[0,0,0,0,0,0,0,0,33554432,0,0,0,0,131712,0,0]-[0,0,0,10486272,4]
[0,0,0,0,0,0,0,0,0,0,4096,0,0,0,16384,0]-[540672,0,0,16896,0]
[128,0,67108864,0,0,0,0,0,1048576,0,0,0,0,0,0,16384]-[0,262144,8,1,524288]
[0,0,2147483648,0,0,0,0,0,1048576,0,0,0,0,128,0,0]-[0,1073741824,1073741824,606077504,8192]
[128,0,0,0,0,0,0,0,0,0,0,0,0,0,2,0]-[0,0,8388608,8216,0]
[0,0,0,0,4,0,0,0,0,0,0,0,262144,0,0,0]-[152601088,1065088,1024,65544,4]
[0,256,67108864,0,0,256,0,0,0,0,0,0,0,0,0,0]-[0,0,0,65665,2048]
[0,8192,67108864,0,0,8192,0,0,1048576,0,0,0,0,0,0,0]-[0,4,0,1,384]
[128,0,0,0,0,0,0,256,0,0,0,0,1048576,0,0,0]-[0,1024,8388608,32769,0]
[0,0,0,0,0,0,0,0,0,2147483648,0,0,0,536871040,0,0]-[64,0,1179776,64,0]
[0,0,0,0,0,0,64,16777216,0,0,0,0,0,0,0,0]-[1064960,526464,128,37748744,512]
[0,0,0,0,0,256,32,0,1048576,0,0,0,16392,0,0,0]-[262160,1048576,0,0,1]
[0,0,512,0,0,0,0,0,8,0,0,0,0,0,0,0]-[65536,4096,0,2064,0]
[0,0,0,0,0,0,0,0,0,67108864,0,0,134217728,0,0,0]-[8,4194304,0,2097152,8192]
[0,0,67108864,0,0,16,0,0,1048576,0,0,0,0,128,0,0]-[0,32,32,0,131136]
[2048,0,0,33554432,0,0,0,0,0,0,0,0,0,0,0,0]-[0,67108864,0,256,524800]
[0,0,0,0,0,0,0,0,1048832,0,4096,0,1048576,0,0,0]-[0,67108872,0,0,69632]
[536871040,0,0,0,0,0,0,0,0,0,0,32,1048576,0,0,0]-[131136,0,33554432,33554432,0]
[0,0,0,0,131072,0,0,0,0,0,0,0,262144,0,0,0]-[0,5120,570425346,37748736,0]
[0,0,0,0,67108864,0,0,0,0,0,0,0,268435456,128,0,0]-[0,16777216,8320,0,4]
[0,0,83886080,0,0,64,0,0,1048576,0,0,0,0,0,0,0]-[2147485696,0,524288,2147483648,64]
[0,0,0,262144,0,0,0,16,0,0,4096,0,0,0,0,0]-[1073741824,16785408,0,1024,0]
[0,0,0,0,0,0,0,0,0,0,134217728,0,0,0,33554432,0]-[0,132,134217732,0,0]
[0,0,0,0,32,64,0,0,0,0,4096,0,0,0,0,0]-[66048,256,8388608,0,32]
[0,0,67108864,0,0,256,0,0,0,1048576,0,0,0,0,0,256]-[0,131080,0,2,128]
[0,0,75497472,0,8388608,0,0,0,0,0,0,0,0,2048,0,0]-[0,0,2148007936,528384,0]
[0,0,0,0,0,0,0,0,0,65536,4096,0,1048576,0,0,0]-[64,8,0,4194304,4096]
[0,0,0,0,32768,0,0,0,17825792,0,0,0,0,0,0,0]-[0,0,536871136,0,0]
[0,0,0,0,0,0,0,0,0,0,1024,0,0,536870912,0,0]-[0,0,2359328,0,8]
[0,0,0,0,16384,0,0,0,0,0,0,0,1048576,128,0,0]-[0,64,537919520,0,0]
[0,0,0,0,0,2048,0,0,0,0,0,0,0,262144,0,0]-[0,8390656,1024,65536,0]
[0,0,0,0,0,0,0,0,0,0,36864,0,0,0,0,0]-[512,0,1115685376,4259840,0]
[0,0,0,0,2048,256,0,0,0,0,0,0,0,128,0,0]-[131072,0,10485760,0,1024]
[0,0,0,0,0,0,0,16,0,0,0,0,262144,2147483648,0,0]-[524288,1048576,536870912,33554432,0]
[0,0,0,0,67108864,0,0,0,8192,0,0,0,0,0,0,0]-[8,0,0,33554436,4096]
[128,0,67108864,0,0,0,0,0,1048576,0,0,0,2147483648,0,0,0]-[0,0,33554440,96,0]
[0,0,0,8388608,0,8192,64,0,0,0,0,0,0,536870912,0,0]-[0,4096,1024,1073741824,16384]
[0,8,67108864,0,0,0,0,0,1048576,0,0,0,0,0,0,0]-[16777216,768,1073752072,33858,0]
[0,0,0,0,0,0,0,0,0,0,0,0,8192,128,0,0]-[158,269615168,40994,268501574,8224]
[128,0,0,0,0,0,8192,0,1048576,0,0,0,1048576,128,0,0]-[33554432,0,536870912,268435552,0]
[0,16777216,0,0,0,0,1,0,0,0,0,0,0,0,0,0]-[4224,4,0,2048,0]
[0,0,67108864,0,0,0,64,0,2048,0,4096,0,0,0,0,0]-[0,536870912,66048,260,128]
[0,512,67108864,0,0,0,0,0,0,0,4096,0,0,0,0,0]-[0,8192,16,65536,16384]
[0,0,67108864,0,0,0,0,0,1048576,0,0,32,8,0,0,0]-[1,33554432,33554432,524288,0]
[0,0,0,0,0,0,0,0,0,268435456,1073741824,0,0,0,0,0]-[0,8388612,0,553648128,0]
[0,0,67108864,8,0,0,0,0,0,0,0,0,1048576,0,0,0]-[2097152,16777220,0,65536,64]
[0,0,67108864,2048,0,33554432,0,0,1048576,0,4096,0,0,0,0,0]-[2097152,256,0,33792,0]
[0,2097152,0,0,0,0,0,0,134217728,0,0,0,0,0,0,0]-[268501008,2056,2097152,4096,256]
[0,0,67108864,32768,0,0,0,0,0,0,0,16384,0,0,0,0]-[524288,4194304,0,0,2176]
[0,0,67108864,0,0,8192,0,1048576,0,0,0,0,0,0,0,0]-[134217736,32768,4096,0,0]
[0,0,0,0,0,0,0,0,64,0,4096,0,0,0,0,0]-[16777216,1284,0,268468232,32]
[0,0,0,0,0,0,0,0,1048576,524288,0,0,0,0,0,0]-[54675525,545341584,558104612,1343763521,5445]
[0,0,0,0,0,4194304,0,16,0,0,0,0,0,0,0,0]-[0,76021760,64,0,0]
[0,0,0,0,0,32,0,0,134217728,0,0,0,0,128,0,0]-[0,8388609,2,268435456,0]
[0,0,67108864,0,0,0,0,8388608,0,0,4096,0,0,0,0,0]-[0,536870960,16384,0,0]
[0,0,0,0,0,0,0,0,0,0,0,32,0,0,0,128]-[4,2621440,0,16777216,0]
[0,0,67108864,256,0,0,0,0,0,0,4096,0,0,0,0,0]-[1,1024,1073811456,4456576,32896]
[0,0,0,0,32768,0,0,0,0,0,0,8,0,0,0,0]-[0,256,536870912,0,32770]
[0,0,0,0,0,0,0,0,1048576,0,0,128,0,524288,0,0]-[16809984,0,536870912,536870912,0]
[0,0,0,0,0,0,65536,0,0,0,0,64,0,0,0,0]-[16,64,768,0,0]
[0,0,0,524288,0,0,0,0,0,0,0,0,16777216,0,67108864,0]-[16,16385,8192,0,0]
[0,4194304,0,0,0,0,0,0,0,0,0,16,0,1024,0,0]-[524288,8519680,1024,0,0]
[0,0,0,0,0,0,0,16,0,0,67108864,0,0,128,0,0]-[0,8390656,536903680,224,2105376]
[0,0,67108864,0,256,0,64,0,0,0,0,0,0,0,0,0]-[0,0,1073745952,1048576,0]
[0,0,67141632,0,0,0,64,0,134217728,0,4096,0,0,0,0,0]-[0,603979776,1073741824,256,0]
[0,8192,0,0,0,0,0,0,0,0,0,0,1048576,0,0,0]-[3225419776,67113024,1099964416,1149272064,0]
[0,0,1140850688,0,0,0,0,0,1048576,0,0,32,0,0,0,0]-[32769,0,0,525312,0]
[0,0,0,0,0,0,0,16,8,0,0,0,0,0,1,0]-[0,4096,536870912,2147483648,2048]
[0,0,0,0,0,0,0,0,16777216,0,4096,0,1049600,0,0,0]-[0,0,0,33685508,32]
[0,0,0,8388608,0,0,0,0,2,0,0,0,0,0,0,0]-[1,4784128,0,0,0]
[0,0,67108864,0,0,64,0,0,0,0,4098,0,16384,0,0,0]-[65600,16,0,0,128]
[0,128,67108864,0,0,0,0,0,0,0,0,0,0,0,128,0]-[2097152,2147483648,0,2097152,2097152]
[0,0,0,0,0,0,0,0,0,0,0,32,0,16777216,0,0]-[16,128,0,65536,64]
[0,0,0,0,0,8192,0,0,0,0,0,262144,16384,0,0,0]-[0,553648128,0,536870912,1]
[0,0,0,0,0,0,0,16,0,0,0,0,8,0,0,64]-[335544320,0,0,537001984,0]
[0,0,0,0,0,0,0,0,134217728,0,4096,0,0,0,33554432,0]-[2560,603980040,1073741824,16384,0]
[0,128,0,0,0,0,0,0,0,0,0,0,1073741824,128,0,0]-[33554432,0,0,1074004480,0]
[0,0,0,0,0,0,0,8388608,1048576,0,0,0,0,128,0,0]-[33816577,1074790400,524288,67108896,0]
[0,0,67108864,8192,0,0,0,0,0,0,4096,0,0,0,0,0]-[0,33554432,512,1152,0]
[0,0,0,0,0,0,0,0,1056768,0,0,0,0,128,0,0]-[16,0,537395328,546,0]
[0,0,67108864,8388608,0,0,64,0,0,0,4096,0,0,0,0,0]-[0,0,1073742336,256,2]
[0,0,67108864,0,2048,0,0,0,0,0,0,0,1048576,0,33554432,0]-[0,268439552,0,8,64]
[0,0,0,0,0,0,64,0,0,0,33554432,0,8,0,0,0]-[33554432,512,1024,0,32]
[0,0,0,0,0,0,0,0,0,0,0,0,8,0,2048,0]-[67108864,152043524,0,537034752,525313]
[0,0,67109888,0,0,0,0,0,1048576,0,0,0,1048576,0,0,0]-[0,4,0,33554432,1088]
[0,0,67174400,0,0,0,0,32,1048576,0,0,0,0,0,0,262144]-[0,65536,33554432,384,0]
[0,0,1073741824,0,0,0,0,0,0,0,67108864,0,262144,0,0,0]-[0,0,2,33554432,139264]
[0,0,67108864,0,0,0,0,0,262144,0,4096,0,0,0,0,0]-[64,256,0,32772,0]
[0,0,0,0,0,0,0,0,1048576,0,0,0,1048576,1048576,0,0]-[16777216,8388608,0,16,1024]
[8388608,0,0,0,0,0,0,0,0,0,4096,0,0,128,4194304,0]-[2097152,0,8388609,262144,0]
[0,0,0,0,0,8192,32,0,0,0,0,0,0,0,0,0]-[2097156,269623296,17039360,268500992,20489]
[131072,0,0,0,0,8192,0,0,0,0,0,0,0,0,0,0]-[67633152,0,537135360,131072,16384]
[0,0,0,0,67108864,0,0,0,0,0,0,0,0,160,0,0]-[0,262144,32768,8650752,0]
[0,0,0,0,0,0,8192,8192,0,0,0,0,262144,0,0,0]-[0,0,553648128,65568,0]
[2097152,0,0,0,0,0,0,0,0,0,0,1073741824,0,0,0,0]-[0,524288,0,536870928,2097152]
[0,0,0,0,0,8192,0,8192,0,0,0,0,0,0,0,0]-[2147483648,32768,64,32768,0]
[0,0,68157440,0,0,0,0,0,0,0,4096,0,0,0,0,0]-[17301504,0,0,4194816,0]
[0,0,0,0,0,0,0,0,1048576,0,0,1024,0,128,0,0]-[0,1048576,524288,134219840,8192]
[0,0,0,0,1073741824,0,64,0,0,0,0,0,0,0,0,0]-[33554432,134217728,0,0,16388]
[0,67108864,67108864,0,0,0,0,0,0,0,4096,0,0,128,0,0]-[0,320,0,4,32768]
[0,0,0,0,0,0,0,16,1048576,0,0,262144,0,128,0,0]-[0,32,32768,268437536,1048576]
[0,0,0,8192,0,0,0,0,1048576,0,0,0,0,128,0,0]-[2097168,65536,537395200,640,1024]
[0,0,67108864,0,0,0,0,0,0,0,2147487744,32,0,0,0,0]-[8454144,0,65536,4,0]
[0,0,0,0,0,0,0,0,0,0,0,0,1114112,0,0,0]-[12917762,2149590176,268435460,1074038848,43584]
[0,0,128,0,0,0,0,33554432,0,0,0,0,135266304,128,0,0]-[0,0,1073741824,537133120,0]
[0,0,0,0,0,0,0,16,0,0,0,0,2048,128,0,0]-[268435456,536870913,524288,0,0]
[64,0,0,0,0,0,0,0,0,0,0,256,0,0,0,0]-[1,0,0,8421376,2048]
[0,34078720,0,0,0,0,0,0,0,0,0,0,0,0,0,0]-[0,1275068416,0,0,128]
[8388736,0,0,0,0,0,0,0,0,0,0,0,1048576,0,0,0]-[138412032,0,8,268435456,0]
[0,0,0,0,67108880,0,0,0,0,0,0,0,0,0,0,0]-[128,0,16384,16777216,512]
[0,0,0,0,1024,0,0,0,0,0,0,0,0,2097152,0,0]-[1073872896,0,0,0,8704]
[0,4,0,0,0,0,0,0,0,0,0,0,0,128,0,0]-[131200,1610745888,786438,2097668,2105344]
[0,0,0,0,0,0,0,0,0,0,4096,0,1048576,0,32,0]-[262144,33554432,33558528,0,0]
[0,0,67108864,0,0,0,0,16,134217728,268435456,0,0,269484032,0,0,0]-[0,65536,0,2097168,16384]
[0,256,0,0,0,0,0,0,0,0,0,32,1048576,0,0,0]-[0,2147483664,0,1074266112,0]
[0,0,0,0,0,0,0,0,0,0,0,0,0,536870912,8388608,0]-[0,167772160,0,1048576,32]
[0,0,0,0,65536,0,0,0,0,0,0,0,0,0,33554432,0]-[1048576,2048,0,16448,0]
[0,0,67108864,0,4194304,64,0,0,0,0,0,0,1048576,0,0,0]-[0,2560,0,0,1026]
[0,0,0,0,0,0,0,0,0,0,0,4,0,134217728,0,0]-[262145,2097280,0,0,0]
[0,0,0,0,0,0,0,8388624,0,0,0,0,0,0,0,0]-[16384,268435464,2147485952,67109120,0]
[0,0,0,0,0,264,0,16,0,0,0,0,0,128,0,0]-[80,0,8388608,134217728,8192]
[0,0,67108864,262144,0,0,0,0,1073741824,0,0,0,0,128,33554432,0]-[0,536870912,2147483648,2097152,524288]
[0,0,0,0,0,0,8192,0,0,0,0,0,1048576,128,33554432,0]-[0,268435456,8192,0,2359296]
[0,0,0,0,0,0,8,0,0,0,0,0,8388608,0,0,0]-[268435456,0,0,1048576,10240]
[0,0,67108864,1024,0,0,64,0,0,0,0,0,0,0,0,0]-[2,16,4096,18350084,2097152]
[1073741824,0,67108864,0,0,0,0,16,0,0,0,0,0,128,0,0]-[64,32,3145728,0,0]
[8,0,0,0,0,256,0,0,0,0,4096,0,1048576,0,0,0]-[0,1024,64,268697600,0]
[0,0,65536,0,8192,0,0,0,0,0,0,0,0,0,0,0]-[0,8392704,83886080,0,512]
[0,4,0,0,0,2097152,0,0,0,0,0,0,0,0,0,0]-[16777216,1024,536870912,0,1024]
[0,0,67108864,0,0,0,0,0,0,0,1048576,0,0,0,8388608,0]-[0,2147483652,0,0,1048704]
[128,0,0,0,0,16777216,0,16,0,0,0,0,0,0,0,0]-[9437184,2097152,16,0,0]
[0,2147483648,71303168,0,0,0,0,0,0,0,0,0,0,0,0,0]-[0,8200,0,4194304,131072]
[536870912,0,0,0,0,0,0,0,1048576,0,0,0,0,0,0,0]-[2147876864,545260080,12877824,638615681,1048576]
[128,1048576,0,0,0,0,0,0,0,0,0,0,0,0,0,0]-[128,64,2147483648,0,2]
[0,0,0,0,0,0,0,0,0,0,0,0,0,541065216,0,0]-[1209008164,16,0,0,640]
[0,0,0,0,0,64,0,0,1048576,0,0,0,8,0,0,0]-[262272,536870912,532496,536870913,385]
[2097152,0,0,0,0,0,0,0,0,0,0,0,0,0,0,1024]-[8192,2148007936,0,16,0]
[0,0,67108864,0,0,256,0,0,16777216,0,0,0,0,0,0,0]-[2148007937,16790560,18176,16810443,524416]
[0,0,0,0,0,8192,0,0,0,0,0,0,0,0,0,16]-[128,0,0,131072,1536]
[0,0,0,8388608,0,0,0,0,1048576,0,4096,0,1048576,0,0,0]-[268435520,8,0,0,2097152]
[128,0,67108864,16384,0,0,0,0,0,0,0,0,0,0,0,0]-[12582912,4096,2147483648,1048576,131078]
[0,0,0,0,0,0,0,131072,134217728,0,0,0,0,0,0,0]-[16,0,0,16,526336]
[0,0,0,0,0,0,0,0,1048576,67108864,0,0,1048576,0,0,0]-[32768,0,16,67109120,0]
[0,0,67108864,0,0,0,0,16,0,0,0,4,0,0,0,0]-[16842753,536870912,4,8202,0]
[0,0,67108864,1048576,0,0,0,0,0,0,0,0,0,0,8,0]-[0,16777216,3072,8192,0]
[0,0,0,0,0,0,0,0,0,0,16392,0,0,0,0,0]-[0,67108864,4194432,0,512]
[0,1024,0,0,0,0,0,0,0,0,0,0,0,160,0,0]-[1,0,32896,8388608,0]
[128,0,67108864,0,0,0,0,0,0,0,0,0,0,0,0,0]-[264308837,3215982073,2249850492,2740302587,3907927]
[0,0,16777216,0,0,0,0,0,0,0,0,512,0,0,0,0]-[0,0,18,2147483648,32768]
[128,0,0,0,0,0,0,0,134217728,0,0,0,0,0,8,0]-[16448,0,8,268435456,0]
[0,0,0,0,0,2147483648,64,0,0,0,0,0,262144,128,0,0]-[128,8388608,131072,16,0]
[0,0,67108864,16384,0,0,0,0,0,0,16384,0,0,0,0,0]-[1,5120,0,0,2]
[0,0,0,134217760,0,0,0,0,0,0,0,0,0,0,0,0]-[2415919104,0,0,65600,0]
[0,0,0,0,0,320,0,0,0,0,0,0,262144,0,0,0]-[0,8192,16777216,256,8192]
[0,0,0,0,0,16777216,64,0,0,0,0,0,0,128,0,0]-[0,262144,262146,0,65536]
[0,0,1073741824,0,0,0,0,0,1048576,0,0,0,1048576,0,0,0]-[50331648,1114112,536872976,0,131072]
[0,0,67108864,0,0,0,2147483648,16,0,0,0,0,0,0,0,0]-[0,4096,2097152,65,0]
[0,0,0,16777217,0,0,0,0,0,0,0,0,0,0,0,0]-[2147483648,1073741824,0,32772,0]
[0,0,1024,0,1073741824,0,0,0,0,0,0,0,0,0,0,0]-[2097152,4096,131072,1048576,524288]
[0,0,67108864,64,2147483648,0,0,0,0,0,0,0,0,0,0,0]-[0,288,69206016,0,0]
[0,0,0,0,0,0,136,0,0,0,0,2048,0,0,0,0]-[0,4096,0,8391680,0]
[128,0,0,0,0,0,0,0,0,0,0,0,1048576,536871040,0,0]-[262208,67584,0,0,0]
[0,301989888,0,0,0,0,0,0,0,0,0,0,0,0,0,0]-[536870916,134217728,4096,0,0]
[0,0,0,0,0,0,8192,0,134217728,0,0,0,0,128,0,0]-[512,545259521,1610612736,1342177328,128]
[0,0,0,0,0,0,0,0,0,0,0,64,0,128,0,0]-[2228224,8388608,4,1073741836,262276]
[0,0,67108864,0,0,0,0,0,0,0,4096,0,131072,0,0,0]-[0,2214592768,21008,65536,65664]
[0,0,0,16777216,0,0,0,0,1048576,0,0,0,0,0,0,65536]-[0,33554432,536870912,2214592512,0]
[0,0,67108864,0,0,0,0,0,0,0,0,0,1048576,0,262144,0]-[2101250,16777216,33554432,135266304,0]
[0,0,67108864,0,0,0,0,0,0,0,16384,0,0,0,0,0]-[247463939,644094224,4272420,20030579,526354]
[0,0,0,0,0,0,0,2,0,0,0,0,0,0,8388608,0]-[16809984,0,16777216,0,4096]
[0,0,67108866,0,0,128,0,0,0,0,4096,0,0,0,0,0]-[0,67117057,0,128,0]
[0,0,67108864,0,0,0,134217728,0,134217728,0,0,0,0,0,0,0]-[2,0,0,74752,0]
[0,0,67108864,2147483648,0,0,0,0,1048576,0,0,0,0,0,0,0]-[16875520,0,524288,0,0]
[0,0,0,65536,0,8192,0,0,0,0,0,0,0,0,0,0]-[1073741824,16384,0,0,65600]
[0,0,0,0,16,0,0,8,0,0,0,0,0,0,0,0]-[4194310,134217984,512,0,65544]
[0,0,0,0,0,64,0,16,0,16777216,0,0,0,128,0,0]-[512,0,532480,536870912,0]
[128,0,67108864,0,0,0,0,0,0,0,0,16,0,0,33554432,0]-[0,2048,0,20971584,0]
[0,0,0,0,1,0,0,0,0,0,0,0,1048576,0,0,0]-[143655108,1073741824,1,269500432,0]
[128,0,67108864,0,0,0,0,4096,0,0,0,0,0,0,0,0]-[0,0,0,98305,4]
[0,32,67108864,0,0,0,0,16,0,0,0,0,0,0,0,0]-[0,67108880,0,16,2097152]
[0,0,0,4194304,0,0,0,0,0,0,2,0,0,0,0,0]-[0,134217728,262208,4,0]
[0,0,0,0,0,2048,64,0,0,0,0,0,0,0,0,0]-[1,128,65536,524288,0]
[0,0,16778240,0,0,0,0,0,0,0,0,0,0,0,0,0]-[1073741824,0,8912896,0,256]
[0,0,0,0,0,0,67108864,0,134217728,1,0,0,0,0,0,0]-[32,0,65536,67108992,0]
[0,0,0,0,0,256,0,0,32768,0,0,0,1048576,0,0,0]-[268697600,8392704,4096,4100,0]
[0,0,0,0,0,0,0,524288,2097152,0,0,0,0,0,0,0]-[0,270592,0,8388608,0]
[0,0,0,0,0,268435456,0,0,1048576,0,0,0,0,128,0,0]-[262144,65536,1074266113,2099232,524288]
[0,0,0,0,0,0,0,8,0,0,0,0,0,0,0,512]-[1090519040,0,0,2097160,0]
[0,0,0,0,0,0,0,0,0,0,32,0,1048576,0,0,0]-[1086324864,1048609,587223108,79700096,10240]
[0,65536,67108864,0,0,0,0,16,0,0,0,0,0,0,0,0]-[64,0,0,2097216,16]
[0,0,0,0,0,16777216,0,0,0,0,4096,0,1048576,0,0,0]-[256,4194304,512,262144,0]
[0,0,0,0,0,0,0,0,1048576,0,0,0,131072,128,0,0]-[16,262400,32,0,0]
[0,0,4,0,0,0,0,0,134217728,0,0,0,0,0,0,0]-[0,134217793,20,268435456,525576]
[0,0,33554432,0,0,0,0,0,0,0,0,0,8,2048,0,0]-[4194816,134217744,0,0,0]
[0,0,0,0,0,256,139264,0,0,0,0,0,0,0,0,0]-[2148532224,128,150994944,67108864,0]
[0,0,0,0,0,0,8196,0,0,0,0,0,1048576,0,0,0]-[32768,32,0,131072,2]
[128,0,67108864,0,0,4096,0,0,0,0,0,0,0,0,0,0]-[65536,20480,0,0,2]
[0,0,0,67108864,0,0,0,0,16777216,0,0,0,0,0,0,0]-[4,4194304,10485760,0,0]
[0,0,67108864,0,67141632,0,0,0,0,0,0,0,0,0,34078720,0]-[0,4096,8704,4096,0]
[128,0,0,0,0,0,0,0,1048576,0,0,0,1,128,0,0]-[0,0,40960,1073741856,0]
[0,0,67108864,0,0,0,0,16,0,0,2048,0,1048576,0,0,0]-[0,16,1049088,0,1]
[0,0,0,0,0,0,4096,16,0,0,0,0,0,0,0,0]-[0,0,2048,33556480,2097152]
[0,0,0,33554432,0,256,0,0,1048576,0,0,0,1048576,0,0,0]-[131072,268435968,0,256,0]
[0,0,0,0,0,0,0,0,134217728,16384,0,0,0,128,0,0]-[8,8388864,0,0,128]
[0,0,0,0,32768,0,0,0,0,0,4096,0,1048576,0,0,0]-[1074003968,4194368,4096,268435460,2097152]
[128,0,2048,0,0,0,0,0,1048576,0,0,0,1048576,0,0,0]-[0,0,8,268435520,131072]
[0,0,0,0,0,0,16384,0,0,0,4096,0,0,128,0,0]-[0,0,16385,268437504,0]
[8,128,67108864,0,0,0,0,0,0,0,0,0,0,0,0,0]-[2,0,4195332,12288,16]
[128,0,0,0,0,64,0,0,135266304,0,0,0,0,128,0,0]-[18432,0,8388608,0,64]
[0,0,0,0,0,0,0,134217728,0,0,0,0,0,0,0,512]-[268435456,2,0,4194432,0]
[0,0,0,0,0,0,0,0,0,0,0,0,0,128,1073741824,0]-[1310733,84344864,8912900,8394786,1572964]
[0,0,67108864,0,0,0,0,0,0,0,0,0,1310720,16384,0,0]-[0,6144,0,6291456,0]
[0,0,0,0,0,0,0,2048,0,0,0,0,0,134217728,0,0]-[0,0,3,1048576,131072]
[0,0,67108864,0,0,0,0,0,1048576,65536,0,0,0,0,0,0]-[2197913601,33570820,0,65,256]
[0,0,0,512,1,262144,0,0,0,0,0,0,0,0,0,0]-[0,2147500032,0,536870912,524288]
[0,0,67108864,0,0,0,2048,0,16777216,0,0,0,0,0,0,0]-[0,256,512,4096,524288]
[128,0,0,0,8192,0,0,0,1048576,0,4096,0,0,536870912,0,0]-[0,65536,0,3221225472,4]
[0,0,0,0,0,0,0,65536,134217728,0,0,0,0,0,0,0]-[4194432,0,0,2052,0]
[0,16777216,0,0,0,0,0,524288,0,0,0,0,0,0,0,0]-[131072,0,4608,4,0]
[0,0,67108880,0,0,8192,0,0,0,0,0,0,0,0,0,0]-[0,4100,32768,32768,0]
[2,0,0,0,0,0,0,0,1048576,0,4096,0,0,0,0,0]-[0,32,192,256,0]
[0,0,83886080,0,0,0,16384,0,0,0,0,0,0,0,0,0]-[0,268435456,0,256,3072]
[0,0,67108864,65536,0,0,0,16,0,0,0,0,0,0,33554432,0]-[0,0,3149824,16,0]
[0,0,67108864,0,0,0,0,0,0,0,0,0,1048576,536870912,33554432,0]-[0,0,0,33554432,16576]
[0,0,0,0,0,0,64,0,16777216,0,4096,0,0,0,0,0]-[16384,0,640,0,4096]
[0,524288,0,0,0,0,0,0,1048576,0,0,0,1048576,0,0,0]-[33554432,128,536870912,0,131072]
[0,0,67108864,0,0,64,0,0,2,0,0,0,0,128,0,0]-[32770,0,0,0,68]
[0,0,0,0,0,64,0,0,1048578,0,0,0,0,0,0,0]-[128,0,8,0,68]
[0,1048576,0,0,8,0,0,0,0,0,0,0,0,0,0,131072]-[268435456,201326592,8192,0,0]
[0,0,0,0,0,0,8192,1048576,0,0,0,0,0,0,0,0]-[1073741832,0,2097152,131072,0]
[0,0,67108864,0,0,0,0,0,135266304,0,0,0,2048,536870912,0,0]-[0,0,16,4128,256]
[0,0,83886080,0,0,8192,0,0,1048576,0,0,0,0,0,0,0]-[2147549184,0,524288,0,256]
[0,0,0,0,0,0,0,0,0,0,4096,0,2097152,0,0,0]-[0,16,8388608,32768,32768]
[0,0,0,0,0,256,0,16,0,0,4096,0,1048576,536870912,0,0]-[0,0,134221824,67108864,4096]
[0,0,0,0,0,0,0,0,0,0,0,4194304,0,128,0,0]-[268435456,3072,537133186,2096,106496]
[0,0,0,0,0,0,0,0,0,0,4096,8388608,262144,0,0,0]-[16640,8192,0,4194304,0]
[0,0,67108864,0,0,0,0,0,0,33554432,0,0,262144,0,0,0]-[0,24576,1048576,0,524288]
[0,16777216,0,0,67108864,0,0,0,0,0,0,0,0,128,0,0]-[131080,0,0,4,32]
[0,0,0,0,536870912,64,0,16,0,0,0,0,0,2147483648,0,0]-[16384,1048576,8392704,0,0]
[2147483648,0,0,0,0,64,0,0,0,0,0,0,0,0,0,0]-[0,0,8,64,34]
[0,0,67108864,0,0,64,0,0,0,0,33554432,0,0,0,0,0]-[66,0,2048,8192,0]
[0,0,67108864,0,0,0,64,0,0,0,4096,0,1048576,0,0,0]-[2097153,67108876,33624080,4194564,130]
[0,0,0,0,0,0,0,0,4,0,0,0,65536,0,0,0]-[16384,0,0,512,2052]
[0,0,0,0,0,0,0,0,2,0,0,0,1048576,0,0,0]-[321917315,2155874822,169934912,2684354634,66112]
[0,0,67108864,0,0,0,0,0,1048576,2097152,4096,0,0,0,0,0]-[1,536870912,0,37748736,0]
[0,0,67108864,0,0,0,0,0,134217728,0,0,0,0,536870912,0,0]-[4,268570880,1024,80,16512]
[0,2097152,0,0,0,256,0,0,0,0,0,0,1048576,128,0,0]-[2097152,32,0,0,262272]
[0,256,0,0,0,0,0,8388624,0,0,0,0,0,0,0,0]-[0,8,256,67109120,0]
[0,0,67108864,0,0,0,0,65552,0,0,0,0,0,0,0,0]-[12,2214592792,1048576,0,0]
[0,0,67108864,262144,0,0,0,0,0,0,0,0,0,128,0,0]-[0,16384,65792,2164260864,0]
[0,0,1024,0,0,256,64,0,0,0,0,0,0,0,0,0]-[2148532224,0,1073741824,256,0]
[0,0,0,0,0,32,0,0,0,0,0,32,0,128,0,0]-[0,0,16386,128,8192]
[0,0,67108864,0,0,0,0,0,1048576,0,0,0,0,0,0,2]-[2147483652,512,32,0,0]
[0,0,0,0,0,0,0,268435456,0,0,0,0,1048576,0,0,64]-[0,1152,0,34816,0]
[128,0,8,0,0,0,0,0,1048576,0,0,0,0,0,0,0]-[262144,65536,8421376,8193,0]
[0,0,0,0,0,0,0,0,0,0,0,0,1048576,2,0,0]-[671220736,4130,4,67371024,21512]
[0,0,0,0,0,4096,0,4194304,0,0,0,0,0,0,0,0]-[2147483648,0,4194336,0,512]
[128,0,0,0,0,0,0,32768,0,0,0,0,0,0,0,0]-[67108864,0,0,4194368,4096]
[0,16777216,0,0,0,0,0,0,0,0,0,0,262144,0,0,0]-[1048576,16777220,2,0,0]
[0,0,0,0,0,256,0,0,1048576,0,0,0,0,0,0,4096]-[131072,268501120,0,0,0]
[0,0,0,0,0,8192,0,0,0,0,0,0,256,0,0,0]-[2684354564,1090519046,2892800,17039408,20480]
[0,0,67108864,0,0,0,0,0,1048576,0,0,0,0,128,0,4096]-[1,536870912,0,0,1179648]
[0,0,0,0,0,0,0,0,1050624,0,0,0,0,128,0,0]-[33554576,0,0,2048,0]
[0,0,0,0,0,0,0,8256,0,0,0,0,0,0,0,0]-[0,268435456,32,2147500032,0]
[0,0,0,0,32768,0,0,0,0,0,4096,65536,0,0,0,0]-[0,0,262144,2149580800,2048]
[16,0,67108864,0,0,0,0,0,0,0,524288,0,0,0,0,0]-[0,65536,268435472,16,0]
[0,0,0,0,0,0,0,0,0,0,0,0,0,32,16777216,0]-[0,4194304,131072,1024,131072]
[0,0,67108864,1048576,0,8192,0,0,0,0,0,0,0,0,0,0]-[16777216,2147483648,0,16,256]
[0,0,0,0,0,67108864,0,0,0,0,0,0,0,160,0,0]-[2048,536872960,128,0,0]
[2097152,0,0,0,0,0,0,0,134217728,0,0,0,1048576,0,0,0]-[0,0,33554432,134217732,4096]
[0,0,67108864,0,0,0,0,0,1024,0,0,0,0,536870912,0,0]-[2048,0,1536,0,64]
[0,1,67108864,0,0,0,0,0,0,0,4096,0,0,0,0,0]-[0,8192,528,8,0]
[0,0,67108864,0,0,0,0,0,0,0,0,0,1064960,0,0,0]-[0,268435456,16,134217728,32768]
[0,0,67108864,0,16,0,0,0,0,0,0,0,1048576,128,0,0]-[2,0,0,65540,128]
[128,1073741824,67108864,0,0,0,0,0,0,0,0,0,0,0,0,0]-[0,36896,0,0,1]
[0,0,0,0,0,0,0,0,0,0,4096,0,0,0,1024,0]-[268435456,4325440,302055552,100794372,4096]
[0,0,0,0,0,0,0,0,0,0,0,0,0,8388640,0,0]-[0,1024,553648128,16384,0]
[0,0,0,0,0,0,0,8388616,0,0,0,0,0,0,0,0]-[0,1069056,0,128,0]
[0,0,0,0,0,0,0,0,16777216,0,0,0,0,128,0,512]-[2,16777216,128,128,0]
[2,0,0,0,0,64,0,0,0,0,0,0,0,0,0,0]-[268435456,2048,8192,1,64]
[0,0,0,0,0,0,134217728,0,1048576,0,0,0,0,4096,0,0]-[1,128,1,0,524288]
[128,256,67108864,0,0,0,0,0,0,0,0,0,0,0,0,0]-[64,0,0,33628305,0]
[0,256,0,0,8,0,0,0,0,0,0,0,0,0,0,0]-[1025,0,33554432,0,16384]
[128,0,0,0,0,8192,0,0,134217728,0,0,0,0,0,0,0]-[0,327680,0,16416,0]
[0,256,67108864,0,0,0,0,0,0,0,16384,0,0,0,0,0]-[8388608,67108880,0,0,16]
[0,268435456,67108864,0,0,0,0,0,0,0,4096,0,0,0,33554432,0]-[0,0,512,36864,16384]
[0,0,0,0,0,0,0,0,0,33554432,4096,0,8,0,0,0]-[2048,4,1,0,8]
[0,0,0,0,0,0,0,0,1048576,0,0,134217728,0,0,0,0]-[2185756800,705954064,81,2685472768,8448]
[0,0,0,0,0,256,0,0,0,512,0,524288,0,0,0,0]-[8192,128,2097168,0,0]
[1048576,0,0,0,0,0,0,16,0,0,4096,0,0,0,262144,0]-[68157440,0,4,2,0]
[0,0,0,0,0,0,0,0,134217728,0,1073741824,0,0,128,0,0]-[24,65536,0,0,128]
[0,0,0,0,0,0,0,32,0,8192,0,0,0,0,0,0]-[0,553648128,16777216,0,4096]
[0,1,0,0,0,0,0,0,1048576,0,0,0,0,128,0,0]-[32768,0,0,1073741952,8192]
[128,0,67108864,0,0,0,67108864,0,0,0,0,0,0,0,0,0]-[0,268435456,17408,2,0]
[0,0,0,0,520,0,0,0,0,0,0,0,0,0,0,0]-[0,0,128,16777344,16]
[0,0,67108864,0,0,320,0,1073741824,0,0,0,0,0,0,0,0]-[0,2099200,1024,64,0]
[0,0,0,0,0,8388608,134217728,0,0,0,0,0,0,0,0,0]-[384,0,536870912,8,0]
[0,128,67108864,0,0,0,64,0,16,0,0,0,0,0,0,0]-[4,262144,0,512,16384]
[0,0,0,524288,0,0,0,0,134217728,0,0,0,0,128,0,0]-[0,67108865,0,1073741840,0]
[0,0,0,0,0,0,0,0,0,2,4096,0,0,128,0,0]-[1048576,0,0,2097170,0]
[0,0,0,131072,0,0,0,0,0,0,0,0,0,128,0,0]-[268435972,1179680,1611137026,4226,263200]
[0,32768,0,0,0,64,0,8,1048576,0,0,0,0,0,0,0]-[16384,0,0,524288,192]
[0,0,83886080,0,0,0,0,1073741824,0,0,0,0,0,0,0,0]-[4104,16,0,0,1]
[0,8,67633152,0,0,0,0,0,0,0,0,0,0,0,0,0]-[67108904,256,0,0,0]
[0,0,0,0,2147483648,0,0,16,0,0,0,0,1048832,0,0,0]-[1048576,16777216,16,16777216,0]
[0,0,0,16,0,0,0,1073741824,0,0,0,0,0,0,0,0]-[256,0,524288,65536,1048576]
[0,0,67108864,0,0,0,0,0,17039360,0,0,0,0,0,0,0]-[0,16777472,0,4097,0]
[0,0,0,0,0,0,0,0,0,0,4096,0,1048576,0,0,8192]-[0,2147484672,8389120,0,0]
[0,0,67108864,0,0,0,0,0,1073741824,0,4096,0,0,0,33554432,0]-[0,8192,512,0,32896]
[64,0,0,0,0,0,0,0,0,0,0,0,1048576,0,0,0]-[16384,22532,138682368,67305984,2101248]
[0,0,0,0,0,0,64,0,0,0,0,0,0,128,0,4]-[0,262144,0,1073741824,2129920]
[0,0,0,0,8388608,0,0,0,1048576,0,0,0,2097152,0,0,0]-[16,0,262144,1,4]
[0,0,0,0,0,0,64,0,2097152,0,0,0,0,536870912,0,0]-[0,4368,0,1073741824,0]
[0,0,0,0,0,0,0,8,0,0,0,0,8,0,33554432,0]-[2048,0,524288,134217728,8]
[0,0,0,0,0,0,0,0,2147483648,0,4096,0,1048576,0,0,0]-[8388608,0,65537,0,4096]
[0,0,4096,0,0,0,512,0,0,0,0,0,0,0,0,0]-[268435456,2147483648,8192,1073741824,0]
[0,128,128,0,0,0,524288,0,0,0,0,0,0,0,0,0]-[1048832,32,0,2,0]
[0,0,0,131072,0,2097152,0,0,0,0,0,0,0,0,0,0]-[2147487744,0,536870912,0,1024]
[0,0,67108864,0,1073741824,0,0,0,0,0,0,2097152,0,0,0,0]-[2097152,536870912,1024,0,524288]
[0,0,0,0,262144,0,0,0,0,0,4096,0,0,0,0,0]-[524288,1,64,0,128]
[2147483648,0,0,0,0,0,64,0,524288,0,0,0,0,0,0,0]-[67110144,0,0,0,262144]
[2097152,0,67108864,0,0,256,0,0,0,0,0,0,0,0,0,0]-[1,86016000,9728,17,2176]
[0,0,0,0,0,0,0,0,2048,0,536870912,0,0,0,0,0]-[256,0,8,16896,0]
[0,0,0,0,0,64,8192,0,0,0,0,0,0,4194304,0,0]-[16386,0,2048,0,2]
[0,0,0,0,0,0,0,0,0,128,0,0,8,0,0,0]-[8404992,0,4194304,0,4]
[0,0,0,0,67108864,0,0,0,0,0,0,0,1048576,536870912,0,0]-[49152,268439560,65536,260,2105344]
[0,0,1048576,0,0,0,0,0,0,0,0,0,0,128,0,0]-[33554436,545261824,1,67179012,32]
[0,0,16,0,0,0,0,0,2097152,0,0,0,0,0,2097152,0]-[0,2147484672,0,32,8]
[0,0,0,8388608,131072,0,0,0,0,0,0,0,0,0,0,0]-[4,524288,2147483648,1,0]
[131072,32768,0,0,0,2147483648,0,0,0,0,0,0,0,0,0,0]-[0,2147483648,0,0,163848]
[0,0,268435456,0,0,0,0,0,1048576,0,0,0,262144,0,0,0]-[0,4,1,1024,1024]
[0,0,0,0,0,0,8192,64,0,0,0,0,0,0,0,0]-[273154048,0,0,0,64]
[0,0,0,0,0,0,0,16,0,0,0,0,1048576,0,33554432,0]-[0,67110948,134217728,16384,0]
[0,4096,0,0,0,0,0,0,1048576,0,0,0,0,0,0,0]-[0,4194304,1107296265,34816,64]
[0,0,0,0,0,0,0,0,0,0,0,0,1048576,0,268435456,0]-[25214976,4100,0,2253406208,5122]
[0,0,67108864,0,0,256,0,0,0,0,8,0,0,0,0,0]-[524288,131080,0,2,0]
[0,0,0,0,0,0,64,0,0,0,0,0,0,0,0,1024]-[1048576,132,512,0,0]
[0,0,0,0,0,256,8192,16,1048576,0,0,0,0,128,0,0]-[0,0,536870912,80,1048576]
[0,0,67108864,0,0,0,64,0,134217728,0,0,0,0,128,33554432,0]-[2048,67108864,1073741824,2097152,0]
[0,0,0,0,0,0,0,16,0,0,0,128,0,0,0,0]-[0,4096,546310656,16416,262144]
[0,0,0,0,0,0,0,0,1048576,0,0,0,0,128,0,0]-[37144733,1888813408,1619976353,2082478834,4072644]
[0,0,0,0,0,0,0,0,1048577,0,0,0,0,128,0,0]-[33554560,0,0,2112,0]
[0,0,67108864,0,0,0,0,8192,0,0,536870912,0,0,0,0,0]-[524292,2048,256,0,0]
[0,0,0,0,0,8192,0,0,1048576,0,0,0,8,0,0,0]-[16,536870912,0,1024,16]
[128,0,0,0,0,0,0,16,1048576,0,0,0,0,0,0,128]-[0,0,536870912,2415919104,16]
[0,0,0,0,0,0,0,0,16777216,0,0,0,0,4,0,0]-[2147483648,1048576,0,36,0]
[0,0,0,0,0,0,0,512,16777216,0,0,0,0,0,0,0]-[1073741952,0,1179680,2147483904,4622]
[0,0,67108864,0,0,0,64,2048,0,0,0,0,262144,0,0,0]-[0,16384,2129920,0,1048576]
[128,0,0,0,0,0,0,0,1048576,0,0,1024,1048576,0,0,0]-[0,0,8,1073741952,524288]
[0,0,67108864,0,0,0,0,0,128,0,0,0,0,0,0,0]-[33619968,809906240,2742804,135794705,540929]
[0,131072,0,0,0,0,0,268435456,0,0,0,0,0,128,0,0]-[33554432,1024,0,268439552,0]
[0,0,67108864,16,0,0,0,0,134217728,0,0,0,0,128,0,0]-[2,0,524288,65536,131072]
[0,0,0,0,0,0,0,8,0,0,0,64,0,0,0,0]-[0,4160,8,0,4096]
[2097152,0,2214592512,0,0,0,0,0,0,0,0,0,0,0,0,0]-[5,67108864,0,4194304,0]
[0,0,67108864,0,0,0,0,0,1048576,0,0,0,134217728,0,0,0]-[2181040128,541065216,524288,2130944,1]
[0,0,0,0,0,0,0,16,0,134217728,0,0,0,0,524288,0]-[0,4096,16777282,0,0]
[0,0,0,0,0,0,0,0,1048576,0,1,0,0,0,0,0]-[4,583270912,192,100696144,0]
[0,0,0,0,0,0,8,0,0,0,0,0,1,0,0,0]-[0,0,0,8389632,16896]
[1024,0,67108864,0,0,0,0,0,1179648,0,0,0,0,128,0,0]-[4,0,8224,2097152,0]
[0,0,0,0,0,0,0,0,1048576,0,0,0,1024,0,0,0]-[148,9191424,65544,131072,2097152]
[0,0,67108864,0,0,0,0,0,8388608,0,0,0,0,0,0,0]-[2275410016,117867116,73991176,40449120,2212035]
[0,0,0,0,67108864,0,0,0,1048576,0,0,0,0,0,33554432,0]-[0,8388608,10240,4096,0]
[0,0,0,0,0,0,0,16,0,0,16,0,0,0,0,0]-[32768,2560,131072,0,0]
[0,0,67108864,0,0,0,0,33554432,0,0,0,32,0,0,0,0]-[134217728,16384,0,2147483648,32768]
[0,0,67108864,0,0,0,0,16,4194304,0,0,0,0,536870912,33554432,0]-[0,268439552,512,0,16384]
[0,0,67108864,2048,0,0,0,8388608,0,0,0,0,0,0,0,0]-[0,2048,2304,0,64]
[0,0,0,0,0,0,0,16,134217728,0,0,0,0,0,0,0]-[836192848,1016932958,1790348119,489052656,1170121]
[0,0,67108864,0,0,0,0,0,0,0,0,0,1048576,4,0,0]-[2147549184,2097216,73728,4,2]
[0,4,67108864,0,0,0,0,16,1048576,0,0,0,0,0,0,0]-[2147483648,65552,0,33554432,0]
[0,0,4,0,0,0,0,0,0,0,0,32,0,0,0,0]-[0,16384,256,1073741824,2097152]
[0,0,0,8192,0,0,0,0,0,0,0,0,160,0,33554432,0]-[131584,0,16778240,0,0]
[0,0,0,0,0,16,0,0,0,0,0,0,0,0,33554432,0]-[512,4,2147483648,16777216,0]
[0,0,67108864,0,0,16777216,0,0,1048576,0,0,0,0,0,0,0]-[1,33882112,8192,16,1025]
[2048,0,0,0,0,0,0,0,1048576,2097152,0,0,0,0,0,0]-[0,545259520,0,33554432,4]
[0,0,524288,0,67108864,0,0,0,0,0,0,0,0,0,0,0]-[8650752,134221824,512,403177600,16384]
[0,0,67108864,8,0,8192,0,16,0,0,4096,0,0,0,0,0]-[0,21233664,16,0,0]
[0,0,0,0,0,0,0,0,0,0,262144,0,0,536870912,0,0]-[96,4456448,0,1207961600,128]
[0,0,0,0,0,0,0,8,1048576,0,0,2097152,0,0,0,0]-[0,0,2112,2147483648,4]
[0,0,0,0,0,0,0,0,0,0,0,0,262144,128,0,32]-[0,1,130,0,8192]
[0,0,0,0,0,0,0,0,1048576,0,0,0,262144,131072,0,0]-[16384,16384,0,33554464,0]
[0,0,0,0,0,256,0,0,135266304,0,0,0,0,536870912,0,0]-[0,8388608,0,2101248,256]
[0,0,0,0,0,0,0,32776,1048576,0,0,0,0,0,0,0]-[0,1048576,0,2415919104,4]
[0,0,0,0,0,0,0,16,1024,0,0,0,0,0,0,0]-[537395200,144781824,165504,67239936,262208]
[0,0,67108868,0,0,0,0,0,0,0,0,524288,0,0,0,0]-[65536,0,33554432,50331648,0]
[0,0,67239936,0,67108864,0,0,0,0,0,0,0,0,0,0,0]-[0,268468224,32,128,0]
[4096,0,67108864,0,0,0,0,0,0,512,0,0,0,0,0,0]-[0,16,16,134217728,2048]
[0,0,0,0,0,8192,2147483648,0,0,512,0,0,0,0,0,0]-[0,1073741824,0,16777232,2]
[0,0,0,0,0,0,0,0,0,1024,0,0,1048576,536870912,0,0]-[0,0,32,8390656,512]
[0,0,67108864,0,32768,0,0,0,1048576,0,0,0,0,0,0,0]-[0,557912144,10240,4112,2049]
[0,0,0,0,0,0,0,16,0,0,0,16777216,0,0,33554432,0]-[0,276824064,512,0,16384]
[0,0,0,0,2048,64,0,0,0,0,0,0,0,0,0,0]-[570441730,135266304,8929288,2048,0]
[536870912,0,0,0,0,0,0,0,0,0,4096,0,0,536870912,0,0]-[0,2147483648,134221824,67108864,0]
[0,0,67108864,0,67108864,0,8192,0,0,0,0,0,0,0,0,0]-[2048,2499936768,271595524,2102144,2097152]
[0,0,0,0,0,0,0,0,0,67108864,268435456,0,0,0,0,0]-[0,0,0,65600,16392]
[0,128,67108864,0,0,64,0,0,0,0,0,33554432,0,128,0,0]-[8,0,2097156,0,65536]
[0,0,0,0,0,0,0,65536,0,0,0,32,0,0,0,0]-[0,2147483648,0,1073741824,32770]
[0,0,0,0,0,8192,0,16,0,0,0,0,524288,0,0,0]-[8388608,0,16,536870920,0]
[0,0,0,0,512,0,0,0,0,0,0,0,1048584,0,0,0]-[128,0,8192,131072,128]
[0,0,0,0,0,0,0,16,134217728,0,2,0,1048576,128,0,0]-[16384,1050624,0,4096,0]
[0,0,67108864,0,0,0,4194304,0,0,0,0,0,0,536870912,0,0]-[2147483648,33554432,0,16777248,0]
[0,0,335544320,0,2147483648,0,0,16777216,0,0,0,0,1048576,0,0,0]-[8388608,32,0,134217728,2097152]
[128,0,0,0,0,0,0,16,0,0,0,0,0,32,0,0]-[4456448,0,1024,32768,0]
[0,0,4096,0,0,1024,0,0,0,0,0,0,0,0,0,0]-[0,0,17408,0,1032]
[128,0,1073741824,0,0,0,0,0,0,0,0,0,16384,0,0,0]-[262144,0,0,16785408,524288]
[0,0,0,0,0,0,8192,0,256,0,0,0,0,0,0,0]-[0,1,512,32,8]
[0,0,67108864,0,268435456,0,0,0,17825792,0,0,0,1048576,0,0,0]-[0,0,2048,532480,1]
[0,0,67108864,0,65536,0,0,0,0,0,0,0,1048576,0,33554432,0]-[0,67108868,0,20971520,0]
[0,4,0,0,0,256,0,0,0,0,0,0,1048576,0,0,0]-[0,0,327680,2097152,8192]
[0,0,0,4194304,0,0,0,0,1048578,0,0,0,0,0,0,0]-[0,16,262144,32,1]
[0,0,0,0,0,0,0,0,1048576,0,4,0,0,0,0,0]-[16777344,128,17074240,3221233664,0]
[0,0,0,0,0,0,0,0,2056,0,0,0,0,0,0,0]-[65536,0,2097152,2048,2097152]
[128,0,67108864,0,0,0,0,0,16777216,0,0,0,0,0,0,0]-[138412032,536871184,19456,2164293835,2621760]
[0,0,0,0,0,0,0,4096,1048576,0,0,0,0,128,0,0]-[16,537919488,0,128,0]
[0,0,0,0,0,0,8192,0,17825792,0,0,1,0,0,0,0]-[16384,544,0,32768,0]
[0,0,16777216,0,0,0,0,0,1048576,0,0,32,0,0,0,0]-[2162688,0,33587200,1342178304,1048640]
[0,0,67108864,0,0,0,0,0,0,0,4608,0,0,128,0,0]-[0,0,4096,4228096,0]
[0,0,0,0,0,0,536870912,0,0,0,0,0,0,0,0,262144]-[8388608,0,32,268435456,32768]
[0,0,67108864,0,0,0,0,0,0,0,0,0,9,0,0,0]-[2049,0,65536,16,0]
[0,0,0,0,0,0,8192,16,0,0,0,0,0,536936448,0,0]-[1073742848,2,0,1024,0]
[4,0,67108864,0,0,0,0,0,0,0,0,0,0,0,33554432,0]-[2097152,268435456,512,0,16384]
[0,0,67108864,0,0,0,0,0,0,0,0,32,0,536870912,0,0]-[134250502,18881040,33554944,16809984,129]
[0,0,0,0,0,4,8192,0,0,0,0,0,1048576,0,0,0]-[4160,16384,0,0,8192]
[1048576,0,67108864,0,0,0,0,0,0,0,0,524288,0,0,0,0]-[0,0,33554432,65570,130]
[128,0,0,0,0,64,0,0,1048576,16777216,0,0,0,0,0,0]-[16384,0,8192,8192,64]
[0,0,0,0,131072,0,0,0,0,0,0,0,0,0,67108864,0]-[0,4,262144,8192,4096]
[0,0,0,0,0,0,0,0,0,0,1048576,0,1310720,0,0,0]-[0,1097728,0,67108864,0]
[0,0,0,1048576,0,0,8192,0,0,0,0,0,0,0,0,0]-[1073750019,0,69206016,67108864,2]
[0,268435456,67108864,0,0,0,0,16777216,0,0,1024,0,0,0,0,0]-[0,0,1024,2097154,65536]
[0,64,67108864,0,0,0,0,0,0,0,0,0,0,128,0,0]-[67108864,33554432,66560,0,0]
[0,0,0,0,0,64,0,0,0,0,512,0,0,0,0,0]-[805306386,0,524296,8192,0]
[2147483648,0,0,0,0,8192,0,0,0,0,0,0,0,0,0,0]-[0,536936456,0,0,262144]
[0,0,67108864,0,0,0,0,2147483648,0,0,0,0,1048576,0,0,0]-[0,2147484672,0,64,1]
[0,0,67239936,0,0,0,0,0,134217728,0,0,0,1048576,128,0,0]-[0,67110913,0,16,0]
[64,256,0,0,0,0,0,0,0,0,0,0,1048576,0,0,0]-[0,8388608,0,67109376,4096]
[0,0,67108864,0,0,0,0,0,33554432,0,1073741824,0,0,131200,0,0]-[0,0,1048576,262276,0]
[2097152,0,0,0,0,0,0,0,0,0,0,32,1048576,0,0,0]-[1048576,33570816,33554432,2097152,0]
[0,0,0,0,0,64,134217728,0,0,0,0,0,0,0,0,0]-[1073741824,65540,0,1024,0]
[0,0,0,0,0,128,0,0,0,0,0,0,262144,0,0,0]-[268452096,1049602,538968320,0,0]
[0,0,67108864,0,0,0,0,8,1048576,0,0,0,0,0,0,4096]-[0,4194304,524288,2621440,0]
[0,0,0,0,0,2147491840,0,0,1048576,0,0,0,0,0,0,0]-[0,0,4194304,268436512,0]
[0,8388608,67108864,0,0,0,0,0,0,0,4096,0,0,0,0,0]-[0,16777232,0,1536,0]
[0,0,0,0,0,0,0,0,134217728,0,0,1024,0,0,0,0]-[536887296,0,8388608,16,0]
[0,0,0,0,0,0,0,0,0,0,0,0,2,0,33554432,0]-[0,8192,262144,512,128]
[0,0,0,0,0,64,0,33554432,0,0,0,0,0,0,0,0]-[2147483776,0,4128,0,0]
[0,0,0,0,0,256,0,0,0,0,0,64,1048576,0,0,0]-[0,8389120,0,4,64]
[128,0,0,0,0,0,0,4,0,0,0,32,0,0,0,0]-[0,0,0,34611200,32]
[0,0,67108864,0,8,0,0,0,0,0,0,0,1048576,0,0,0]-[0,0,35651584,33554432,16384]
[0,0,0,16,0,0,0,8192,0,0,0,0,0,0,0,0]-[16777216,16384,0,8454144,0]
[0,0,0,0,0,0,0,0,1048576,4194304,4096,0,0,128,0,0]-[0,276824064,0,2,8192]
[0,0,0,0,0,64,0,16,0,0,0,0,262144,0,0,0]-[0,4,1048576,100663296,0]
[1073741952,0,67108864,0,0,0,0,0,0,0,0,0,0,128,0,0]-[138412032,0,33554440,0,0]
[0,0,0,0,0,4,0,0,0,0,0,0,8,0,0,0]-[0,0,0,134217744,524296]
[0,0,0,0,0,0,0,0,1048576,0,4096,0,0,536870912,0,0]-[0,1342177536,128,2147483920,128]
[0,0,67108864,0,64,0,0,0,0,0,0,0,0,0,0,0]-[2290090024,67132672,3223390224,35688579,574486]
[0,0,0,32,0,0,0,65536,0,0,0,0,1048576,128,0,0]-[262144,0,2097152,0,65600]
[0,0,0,0,0,536870912,0,0,0,0,0,0,0,0,2,0]-[0,1056768,0,0,4098]
[1073741824,0,0,0,0,0,0,0,0,0,4096,0,1048576,0,0,0]-[262208,32,0,0,20480]
[0,0,0,0,0,8192,0,0,0,0,0,0,0,8192,0,0]-[0,0,134217728,1073774592,128]
[128,0,0,0,0,0,524288,0,1048576,0,0,0,1048576,0,0,0]-[0,0,8388616,32768,131072]
[0,0,16384,0,0,0,0,0,1048576,0,0,0,0,128,0,0]-[32769,65792,8388608,16,1048576]
[0,0,0,0,67108864,0,0,0,0,1073741824,0,0,0,0,0,0]-[0,33554432,2,2097152,524288]
[0,32,0,0,0,0,64,0,0,0,0,0,0,0,0,0]-[51201,67108866,1073742336,524288,2048]
[0,131072,0,0,0,0,0,0,0,0,0,0,262144,0,0,0]-[256,32768,2,6291488,1048576]
[0,0,0,0,0,0,64,33554432,0,0,4096,0,1048576,128,0,0]-[0,0,0,131328,4098]
[0,0,0,0,0,0,0,0,0,0,4096,131072,1048576,0,0,0]-[0,67141632,33554432,0,4096]
[128,0,0,0,67108864,0,8192,0,0,0,65536,0,0,0,0,0]-[0,0,16777732,256,0]
[524288,0,0,0,0,0,8192,16,0,0,0,0,0,0,0,0]-[0,67108864,536870976,256,0]
[0,0,0,0,0,0,0,0,1048576,0,4096,0,0,0,0,64]-[2147483652,8388608,0,0,524288]
[0,0,0,0,0,2,0,16,16777216,0,0,0,0,0,0,0]-[8192,0,1024,32768,64]
[0,0,0,0,0,8192,0,0,0,1048576,0,0,0,0,0,0]-[4,2147485696,2396160,1082163200,4128]
[128,0,67108864,0,128,0,0,0,1048576,0,0,0,0,0,0,0]-[0,2147487808,0,0,2097152]
[0,0,0,0,4,0,0,0,0,0,0,0,1048576,0,0,0]-[1049600,8404992,8389120,458756,0]
[0,4096,0,0,0,0,0,0,0,0,0,0,1024,0,0,0]-[4194304,512,0,17408,0]
[0,0,0,0,0,0,0,8388608,0,0,524288,0,262152,0,0,0]-[0,67108865,50331648,0,0]
[0,0,67108864,0,0,0,0,16777216,0,0,0,0,0,268435456,0,0]-[136314912,262144,0,0,0]
[0,0,0,0,2147483648,0,0,0,1048576,0,0,0,0,0,0,0]-[33685632,268500992,536871065,2152728898,4]
[0,0,67108864,0,0,32768,0,0,0,0,0,0,0,0,0,0]-[12582946,1600,33554432,2164785280,128]
[0,0,0,0,0,256,0,0,17825792,64,0,0,0,128,0,0]-[16384,0,0,130,128]
[0,0,67108864,0,0,0,0,528,0,0,0,0,1081344,0,0,0]-[64,8,0,2147483904,0]
[0,0,0,0,131072,0,0,0,0,0,0,0,1048576,0,0,0]-[2146304,10502146,1073741830,1075888128,267344]
[2,0,0,0,0,8192,0,0,0,0,0,0,0,0,0,0]-[0,0,543227904,276824064,4097]
[0,0,67108864,0,2097152,0,0,0,0,0,0,0,0,0,0,16384]-[0,16777472,33556480,0,0]
[0,0,0,0,0,0,0,4194304,16777216,0,0,0,0,0,0,0]-[2147483648,0,0,131072,8208]
[262144,0,0,0,0,0,8192,16,0,0,0,0,0,128,0,0]-[0,0,0,268435472,1048608]
[0,0,67108864,0,0,0,0,16,0,0,0,1073741824,0,0,0,0]-[2147532800,268966416,2164261376,33558545,3407872]
[0,0,16777216,0,0,0,0,2097152,0,0,0,0,0,128,0,0]-[1082130432,0,16,0,256]
[1024,0,0,0,0,0,0,16,0,0,0,0,0,0,0,0]-[8192,135790592,1073873088,268436480,1310721]
[0,0,0,0,0,0,0,0,0,0,0,0,1048577,0,0,0]-[1048640,32,0,16384,0]
[0,8192,0,0,0,0,0,65536,0,0,0,0,0,0,0,0]-[4,512,268566528,0,0]
[0,0,0,0,0,8192,0,0,1048576,0,0,0,32,0,0,0]-[4,4,17039360,0,0]
[0,0,0,0,0,0,0,128,134217728,0,0,0,0,0,0,0]-[536870912,0,4,2097152,524288]
[64,0,0,0,0,0,536870912,0,0,0,0,0,0,128,0,0]-[1048576,1048576,524290,0,0]
[0,0,0,0,0,0,0,16,135266304,0,0,0,0,128,0,0]-[16400,9502720,8388608,2101296,128]
[0,0,67108864,0,0,0,0,0,0,0,0,16,1048576,0,0,0]-[2,65577,69632,17825792,3212290]
[0,0,0,0,0,0,0,0,16777344,0,0,0,0,0,0,0]-[0,0,8,2308,0]
[8388608,0,67108864,0,0,0,0,0,0,0,0,0,16384,0,0,0]-[4096,536870912,1024,0,2048]
[0,0,67109888,0,0,0,0,0,0,0,0,0,0,128,0,131072]-[0,2112,0,40,0]
[0,0,0,0,0,0,0,0,0,0,4096,16384,0,0,0,0]-[0,134217728,262144,1610612736,0]
[0,0,0,0,67108864,33554496,0,16,0,0,0,0,0,0,0,0]-[16,1572864,0,64,0]
[0,0,0,0,0,0,0,0,1048576,0,0,268435456,0,0,0,0]-[393344,536870912,144,8256,1180672]
[0,0,0,0,0,0,0,12,0,0,0,0,1048576,0,0,0]-[2,0,134217728,2097156,0]
[0,0,67108872,0,0,0,0,0,0,0,0,0,0,0,268435456,0]-[0,262208,1048576,4194304,0]
[0,0,0,0,0,0,8192,0,0,0,16777216,0,0,0,0,0]-[100673536,268435968,536870912,131072,0]
[0,0,0,0,0,0,0,16,0,0,0,0,1048576,2147483648,0,0]-[49152,65536,4096,67108864,8192]
[0,0,0,0,8192,0,0,0,0,0,0,0,16777216,0,0,0]-[536870912,0,16777216,268435456,4096]
[0,0,0,0,0,0,0,0,0,0,4096,0,0,8320,0,0]-[512,262145,0,4,0]
[0,0,0,0,0,16384,0,0,0,262144,0,0,1048576,0,0,0]-[1,0,4194304,0,8224]
[0,0,8,0,0,0,0,0,0,0,0,0,0,2147483648,0,0]-[131072,0,512,2097408,0]
[1073741824,0,67108864,0,0,0,0,0,0,524288,0,0,0,0,0,0]-[4194304,16384,0,2147483712,0]
[0,0,67108864,0,0,0,0,4194304,0,0,0,0,1048576,0,0,0]-[0,2147483648,1140850688,128,0]
[0,0,0,0,0,33554432,0,0,0,0,0,0,262144,805306368,0,0]-[134217728,262656,0,8388608,0]
[0,16777216,0,0,0,0,0,16,0,0,32768,0,0,0,0,0]-[0,0,8388608,2147483649,262144]
[0,0,1048576,0,0,0,0,8,0,0,0,0,0,0,0,0]-[0,134217728,134221824,4,0]
[0,0,67108864,0,0,0,0,0,0,0,4096,0,0,536870912,0,2]-[0,131088,512,0,128]
[0,0,0,0,0,8192,0,0,0,0,0,0,1048576,0,67108864,0]-[512,0,32,8192,512]
[0,0,0,4,0,256,0,0,0,0,0,0,1048576,0,0,0]-[0,8388608,16,2214592516,0]
[0,0,0,134217728,0,0,0,0,0,0,0,0,0,0,0,64]-[0,0,32772,131072,2097152]
[0,0,0,0,0,64,0,0,0,0,0,0,0,536870912,0,0]-[2147500114,2103568,1152,2147483713,228]
[0,0,0,0,0,0,0,0,0,0,536870912,0,1048576,0,0,0]-[16384,81924,335888,2154971664,74792]
[0,0,1073741824,0,8388608,0,0,0,0,0,0,0,0,0,0,0]-[16,2097168,0,2097152,0]
[0,0,0,0,0,0,0,0,524288,0,0,0,262144,0,0,0]-[524288,1610612736,128,0,0]
[0,0,0,268435456,0,0,0,0,16777216,0,0,0,0,2048,0,0]-[1073742080,0,4194304,2097152,0]
[0,0,67108864,0,0,0,0,16,134217728,0,0,0,262144,0,0,0]-[0,2048,2097152,288,0]
[0,0,0,0,0,0,64,2048,0,0,0,0,0,0,0,0]-[1048576,532482,70144,21004288,73728]
[0,0,67108864,0,0,64,0,0,8192,0,0,0,0,0,0,0]-[64,16,32,0,4]
[0,0,0,0,0,0,64,0,0,0,0,0,0,0,131072,0]-[0,1,8192,1090519040,0]
[0,0,67108864,0,0,0,0,0,1048576,0,0,0,0,0,0,4]-[1,33620480,8208,66,0]
[256,0,0,0,0,0,0,0,0,0,4096,0,262144,0,0,0]-[256,16777216,0,65536,2]
[0,0,0,0,0,0,1048576,0,0,0,0,0,0,0,131072,4]-[32768,0,2048,1090519040,0]
[128,0,0,0,0,0,0,0,0,0,134217728,0,0,128,0,0]-[16384,0,147456,18,32]
[0,0,32768,0,0,0,0,0,0,0,0,0,0,128,0,0]-[1048576,0,536870916,67108864,294912]
[0,0,0,0,0,0,0,0,0,0,4096,0,0,0,0,32768]-[0,67108864,142606464,0,0]
[0,0,0,0,0,64,0,0,0,0,64,0,0,0,0,0]-[524288,0,64,131072,524288]
[0,0,0,0,0,0,4194304,16,0,0,0,0,0,0,0,0]-[0,0,536871424,32,2097152]
[0,0,67108864,0,67108864,0,0,0,0,0,1073741824,0,0,0,0,0]-[0,16,512,1048576,2097152]
[0,0,67108864,0,0,0,0,67108872,0,0,0,0,0,0,0,0]-[2048,294912,0,2097152,0]
[0,0,0,0,67108864,0,0,0,1048576,0,0,0,0,2147483648,0,0]-[0,8388624,2048,1048576,0]
[0,0,67108864,0,0,0,0,16777232,0,64,0,0,0,0,0,0]-[524288,2048,0,2147483648,16384]
[134217728,0,67108864,0,4096,0,0,0,0,0,0,0,0,0,0,0]-[67108864,2304,0,0,1048576]
[0,0,0,0,0,2147483648,0,0,0,0,0,2097152,0,128,0,0]-[1048576,8390656,131072,0,0]
[0,0,0,0,0,0,0,0,17825792,0,0,0,0,0,0,256]-[16,4194304,1082130432,0,0]
[0,0,0,0,0,128,1048576,0,0,0,0,0,0,0,0,0]-[2097152,2,16777216,0,16384]
[0,1048576,0,0,0,16384,0,0,0,0,0,0,0,0,0,0]-[335544320,2,8256,512,1048578]
[0,0,0,0,262144,2048,0,0,0,0,0,0,0,0,0,0]-[512,65552,536870912,0,0]
[0,0,67108864,0,0,0,0,0,0,0,4096,8192,0,132,0,0]-[2097152,131072,0,4224,0]
[0,0,0,0,0,2147483648,0,0,0,0,4194304,0,0,128,0,0]-[0,0,132,1073741824,1048576]
[32,0,0,0,0,0,0,16,0,0,0,0,0,128,0,0]-[16,0,2,0,1048704]
[0,0,0,0,0,0,0,16,0,0,0,32,0,0,0,0]-[3087040601,2198880784,134912322,3660082320,3190960]
[0,268435456,67108864,0,0,0,0,16,0,0,0,0,0,0,0,0]-[2155872256,4460560,544,0,2113536]
[0,0,67108864,256,0,0,0,0,1048576,0,4096,0,16777216,0,0,0]-[16779264,0,33554432,256,0]
[0,0,0,0,1024,0,0,0,0,0,0,0,1048576,0,0,0]-[131072,0,4096,131072,8192]
[0,8388608,0,0,0,0,0,0,0,0,8192,0,0,0,0,0]-[570425344,524288,0,1024,0]
[16,128,0,0,0,0,0,0,0,0,0,0,0,0,0,0]-[65536,2,272,0,0]
[0,0,67108864,0,0,0,0,8,0,0,4096,0,0,524288,0,0]-[4096,393216,512,33554436,0]
[0,0,67108864,0,0,0,0,0,0,0,524288,0,262144,0,0,0]-[0,536875008,0,0,131074]
[0,0,0,0,4,0,0,0,0,0,0,0,0,0,0,128]-[16777728,0,0,1,1024]
[0,0,0,0,0,2147483648,0,0,1048576,0,0,0,0,0,0,0]-[16777472,1619001488,541067416,807404593,1712400]
[0,0,67108864,0,0,0,0,0,16,0,0,0,8,0,0,0]-[0,512,520,1024,0]
[0,0,0,0,0,0,67108864,0,1048576,0,0,0,0,128,0,0]-[0,65536,128,2097152,524288]
[0,0,0,1,0,0,0,0,0,0,33554432,0,1048576,0,0,0]-[2147549696,0,0,32768,0]
[0,0,67108864,0,0,512,0,16,0,0,0,0,0,0,0,0]-[88113152,4194308,2097152,1,0]
[131072,0,0,0,0,0,0,0,0,0,0,0,8,0,0,0]-[2,128,0,4096,16384]
[0,0,67108864,0,0,16384,0,0,0,0,0,0,0,0,0,0]-[90708077,2787482220,1383704324,157071271,69061]
[0,0,0,0,0,0,0,0,0,2097664,0,0,0,0,0,0]-[1048576,1073872898,1048576,0,641]
[0,0,0,0,0,0,32,0,0,0,0,0,8,0,0,0]-[16777472,1048576,16779264,655360,4224]
[0,0,0,0,0,256,0,0,0,0,4096,0,0,0,16,0]-[524288,16777216,512,16384,0]
[0,0,0,0,2147483648,0,0,0,0,0,0,134217728,0,0,0,0]-[64,8192,83886080,0,0]
[0,0,67108864,0,0,257,128,0,0,0,0,0,0,0,0,0]-[8,16777216,0,17,0]
[0,0,0,4,0,0,0,0,0,0,0,0,0,128,0,0]-[0,0,4,604045312,0]
[0,0,1024,0,0,0,0,2048,0,0,0,0,0,0,0,0]-[402653184,65536,2097184,285212672,73728]
[0,0,0,0,0,8,0,0,0,0,0,0,0,128,0,0]-[2097232,65792,1082163334,1207960200,8224]
[0,0,0,0,0,0,0,0,0,0,536870912,16777216,0,0,0,0]-[8192,65536,8208,2147484672,32]
[0,0,0,0,0,0,0,0,1,0,0,0,1048576,0,0,0]-[0,8704,64,16826884,147456]
[0,0,0,0,0,64,0,0,16777216,0,0,0,1048576,0,67108864,0]-[16386,512,0,0,128]
[0,0,0,0,0,0,0,16,0,0,0,16777216,0,0,8388608,0]-[2228226,0,0,0,512]
[0,128,67108864,0,0,0,0,0,0,0,0,0,16777216,0,0,0]-[150994944,131072,0,1048832,0]
[16384,0,0,4194304,0,0,0,0,0,0,0,0,0,0,0,0]-[0,2147483650,65536,2,0]
[0,33554432,0,0,0,8192,0,0,0,0,0,0,1048576,0,0,0]-[134217728,1073741824,4,262144,0]
[8388608,0,0,0,0,0,0,16384,0,0,4096,0,0,128,0,0]-[2097152,0,8388608,0,2097184]
[0,0,67108864,0,0,0,0,16,1073741824,0,0,0,0,0,0,0]-[0,16,4096,257,0]
[0,128,75497472,0,0,0,0,0,1048576,0,0,0,0,0,536870912,0]-[0,4194304,0,2149580800,4]
[0,0,0,0,0,2,0,16,0,0,0,0,0,0,0,0]-[0,0,0,16,264224]
[0,0,67108864,0,0,0,0,0,0,0,0,0,0,65536,0,0]-[2322071593,874885409,2418552868,185935171,1114196]
[0,0,0,0,0,8192,0,0,1048576,0,0,0,1048584,0,0,0]-[256,0,64,1073741824,256]
[0,0,0,0,0,0,0,0,0,0,4096,0,256,128,0,0]-[1048576,0,786432,48,4]
[0,0,0,0,0,2304,0,0,134217728,0,0,0,0,128,0,0]-[528,65536,8388608,0,0]
[0,0,0,0,262144,0,0,0,0,0,0,0,4096,0,0,0]-[67112960,0,2,0,524288]
[0,0,0,0,0,0,0,0,8192,0,0,0,4194304,0,0,0]-[8,524288,0,64,32768]
[0,0,0,0,0,0,8192,0,0,0,0,0,0,0,0,262144]-[4096,134479872,0,536870912,0]
[128,0,16777216,0,0,0,0,0,1048576,0,0,0,0,536871040,0,0]-[2048,0,0,1073741888,64]
[16384,0,0,0,0,8192,0,0,0,0,0,0,0,0,0,0]-[536870916,1073741828,16778240,17039360,0]
[0,0,0,0,0,0,0,1,1048576,0,0,0,0,0,0,131072]-[2147483648,0,524480,4194304,0]
[0,0,0,0,2048,8192,0,0,0,0,0,0,0,0,0,0]-[539033602,0,8945664,16777216,4096]
[0,0,0,0,0,0,0,16,0,0,0,0,0,128,32,8192]-[1025,1,524288,0,0]
[128,0,67108864,0,0,0,0,0,0,0,0,0,0,128,0,16384]-[2048,268435456,0,65536,64]
[0,0,0,0,0,0,0,0,0,0,0,0,64,256,0,0]-[0,2,1073741825,536870912,0]
[536870912,33554432,0,0,0,8448,0,0,0,0,0,0,0,0,0,0]-[0,0,134221828,262144,0]
[0,0,0,0,0,0,0,0,1048576,0,67108864,0,0,0,0,0]-[2147876880,1082130432,545554569,704656897,1157]
[2048,0,0,0,0,0,0,0,1048576,0,1048576,0,0,0,0,0]-[0,16384,0,67109120,16]
[0,0,0,0,0,0,0,0,0,0,1048576,0,4194304,0,0,0]-[262144,67108896,8,0,0]
[0,0,0,0,0,0,0,4,512,0,0,0,0,0,0,0]-[1048576,536870912,4096,8192,0]
[0,0,8388608,0,0,4096,0,0,0,0,0,0,0,0,0,0]-[512,16384,0,0,18]
[0,0,0,0,0,0,0,0,0,0,0,0,1048576,0,4096,0]-[393472,2415952002,1143013442,3221389696,9504]
[0,0,0,256,0,0,4096,0,0,0,0,0,0,0,0,0]-[0,524288,4096,8192,32768]
[0,0,0,0,0,0,0,0,67108864,0,0,1,0,0,0,0]-[0,1048576,131200,1,0]
[0,0,0,0,0,0,0,0,1048576,0,4096,0,262144,64,0,0]-[2097152,536870912,33554433,0,0]
[0,0,67108864,0,0,0,0,0,1048576,16777216,0,0,0,536870912,0,0]-[0,268435456,0,33554688,131072]
[0,0,67108865,0,0,0,0,0,0,0,0,0,1048576,0,0,0]-[0,67108864,2097152,1114112,0]
[0,0,0,0,0,256,0,0,1048576,0,0,0,262144,0,0,0]-[272,1048576,16777217,67109120,140288]
[0,0,67108864,0,0,33554432,0,0,0,0,0,0,0,0,0,0]-[153157636,285555456,1378912008,296015,723989]
[0,0,67108864,0,0,536870912,0,0,0,0,0,0,0,0,0,0]-[147329099,36054529,577544,2148017501,2097154]
[65536,0,0,0,0,0,0,0,0,0,2,0,32768,0,0,32]-[532480,524800,0,0,0]
[0,0,0,0,67108864,0,0,0,0,0,0,0,0,8388608,0,0]-[0,285212672,16777217,0,0]
[0,0,0,0,0,0,0,0,0,4096,0,256,0,0,0,0]-[0,67108864,541065220,0,0]
[0,0,67108864,8,0,0,0,16,0,0,0,0,0,0,0,0]-[67108864,20971520,16,0,0]
[0,0,67108864,0,0,134217728,1024,0,0,0,0,0,0,0,0,0]-[20971520,2048,0,0,1024]
[0,0,0,0,0,33554432,0,262144,0,0,0,0,0,0,0,0]-[0,0,1032,0,528]
[128,128,67108864,0,0,0,0,0,1048576,0,0,0,0,128,0,0]-[33554432,262144,8192,0,131072]
[0,0,0,0,0,0,0,0,0,0,0,0,1048576,33554432,0,0]-[269484032,2568,2105345,2097152,1026]
[0,0,0,0,0,320,0,0,0,0,0,0,1048576,0,0,0]-[2415919680,1049216,4128,0,64]
[0,0,0,0,0,0,0,0,0,0,4096,0,0,0,2,0]-[0,1056,0,0,4098]
[0,256,0,0,0,65536,0,0,0,0,0,0,0,0,0,0]-[0,0,603979780,0,262144]
[0,0,0,0,8192,0,0,0,0,0,0,0,16384,0,0,0]-[0,536875008,67108864,268435456,0]
[128,0,67108864,0,0,0,0,0,0,0,8,0,0,0,0,0]-[0,268435456,0,50331648,256]
[0,0,256,0,0,0,0,0,32768,0,0,0,0,128,0,0]-[69,1073741824,0,0,0]
[0,0,0,0,0,32768,0,16,0,0,0,0,0,0,0,4]-[0,134217728,134219776,128,0]
[0,128,0,2048,1,0,0,0,0,0,0,0,0,0,0,0]-[268435456,0,1073741888,16777216,0]
[0,0,67108864,0,524288,8192,0,0,0,0,0,0,0,0,0,0]-[8388608,327680,4194304,0,0]
[0,0,67108864,0,0,0,0,0,67108864,0,4096,0,0,0,0,0]-[64,33562628,0,0,0]
[0,0,67108864,0,0,0,0,0,0,0,0,32,0,0,8192,0]-[2281701440,0,32768,33554432,32768]
[0,0,67108864,0,0,1048576,0,0,1048576,0,0,0,0,0,0,0]-[33554436,516,8,42050,0]
[0,0,0,0,0,0,0,0,134217728,0,8388608,0,0,0,0,0]-[8651328,3145728,0,133120,0]
[0,0,0,0,67108864,256,33554432,0,0,0,0,0,0,0,0,0]-[134217728,0,1048704,1048576,0]
[0,0,0,0,0,0,8,0,0,0,0,0,128,0,0,32768]-[2415919104,1,0,1048576,0]
[0,0,0,0,0,0,0,0,0,0,0,2,1048576,128,0,0]-[0,1,262144,2097152,128]
[0,0,67108864,0,0,0,0,0,0,8192,4096,2048,0,128,0,0]-[0,131136,1073741824,0,2097152]
[0,0,0,32,0,0,0,0,0,0,0,0,512,0,0,0]-[1048576,8,1073741824,33554432,0]
[0,0,0,65536,0,0,0,0,0,0,0,0,8,0,0,0]-[525312,128,131072,0,0]
[0,8,67108864,0,0,0,0,0,0,0,0,0,0,128,0,0]-[8,33024,1073750016,8192,2049]
[0,0,0,0,0,0,0,0,134217732,0,0,0,0,0,0,0]-[536887296,0,8388624,0,3072]
[0,4,67108864,0,0,0,0,8,0,0,0,16777216,0,0,0,0]-[4096,0,524288,32772,0]
[0,0,0,128,0,0,0,0,0,0,0,0,0,0,16,0]-[16,0,4,16777216,32768]
[0,0,0,0,0,0,0,0,16777216,0,262144,0,0,536870912,0,0]-[64,4196352,0,1073741824,0]
[0,0,0,0,0,0,0,0,1048576,0,0,0,2048,0,0,0]-[0,65568,8,268435456,0]
[0,8,0,0,0,256,0,0,0,0,0,0,0,0,0,0]-[0,32768,541065216,16785408,2048]
[0,0,0,0,0,2147483648,0,0,0,0,0,134217728,0,0,0,0]-[32,128,536871424,0,0]
[0,0,1073741824,0,0,0,0,0,1048576,0,1073741824,0,0,128,0,0]-[49152,0,0,1342177280,0]
[0,1024,0,0,0,256,0,0,1048576,0,0,0,0,128,0,0]-[2113536,0,0,144,0]
[0,33554432,0,0,2,0,0,0,134217728,0,0,0,0,0,0,0]-[536870912,201326592,0,16,0]
[0,8192,0,0,0,0,0,16,0,0,0,0,0,0,0,0]-[0,67112960,163840,0,0]
[0,0,67108864,0,0,0,131072,0,1048576,0,0,0,0,0,0,0]-[2097152,16777216,1028,5633,2621440]
[0,0,0,0,0,0,0,16,0,0,0,0,262144,1,0,0]-[524288,0,19922944,0,0]
[0,0,83886080,0,1073741824,0,0,0,0,0,524288,0,0,0,0,0]-[2097152,536875008,1024,0,0]
[0,0,67108864,0,0,0,0,0,1048576,0,0,0,0,32,0,0]-[16779265,272629760,8,2147483680,131329]
[0,0,0,0,0,8448,0,0,1048576,0,0,0,1048576,0,0,0]-[65536,0,25165888,0,0]
[0,0,0,0,0,8192,0,0,0,0,0,0,1048576,0,0,128]-[538968064,0,2097152,0,8]
[0,0,0,0,0,0,0,128,135266304,0,0,0,0,128,0,0]-[0,0,1610612736,32,1024]
[0,0,16384,0,0,0,0,0,0,0,0,0,262144,0,33554432,0]-[0,536872960,16777216,4194304,0]
[0,0,0,0,0,264,0,0,1048576,0,0,0,0,0,0,0]-[0,256,17039376,0,0]
[1073741824,0,67108864,0,0,0,0,0,1048576,0,0,0,0,0,0,0]-[2056,4211972,33554460,2282783312,23]
[0,0,0,0,0,8192,134217728,0,0,0,0,0,0,0,0,0]-[536870914,4,4,0,0]
[0,0,0,0,0,0,0,0,0,524288,0,0,0,128,0,0]-[268828753,1636043840,425984,1074070212,2629700]
[512,0,67108864,0,0,0,0,0,0,0,4096,0,0,0,0,0]-[67633156,33,512,134479872,2048]
[0,0,67108864,0,0,0,0,0,1048576,0,0,131072,0,0,0,0]-[67108865,33556480,268437504,64,32768]
[0,0,0,16777216,0,8192,0,0,1048576,0,0,0,0,0,0,0]-[8388608,16777218,0,0,264192]
[0,0,67108864,0,0,0,33554432,0,0,0,0,0,262144,0,0,0]-[65536,536888328,1024,33554434,0]
[0,0,67108864,0,0,0,0,16,134217728,0,0,0,1048576,0,0,0]-[0,67176456,2097152,4368,16512]
[0,0,67108864,0,0,0,0,0,0,0,0,0,0,4096,0,0]-[46137421,67108972,3493880872,17301504,557185]
[0,0,0,0,0,0,0,0,0,0,4096,0,9437184,0,0,0]-[268435457,0,4096,0,65536]
[128,0,0,0,0,0,0,0,0,0,4096,0,0,524288,0,0]-[1073741824,1,8388736,33685504,2097160]
[0,0,67108864,0,0,0,0,0,0,0,0,0,2148532224,0,0,0]-[66,2147483648,65544,32,3]
[0,0,0,0,0,0,0,16,1048576,0,0,0,65536,0,0,0]-[327680,0,128,0,64]
[0,0,0,0,0,0,0,0,17825792,0,0,0,4096,0,128,0]-[1048576,64,4096,65536,0]
[0,0,0,0,0,256,0,16,1048576,0,0,0,0,128,1,0]-[0,65536,0,404750336,0]
[0,0,0,0,0,8192,0,16,0,0,0,0,262144,0,0,0]-[0,6144,16809984,0,0]
[0,0,524288,0,0,0,0,0,0,0,128,0,0,0,0,0]-[0,268435456,16448,1,0]
[128,0,0,0,0,0,0,0,1048704,0,0,0,8388608,128,0,0]-[33816576,262144,0,0,524288]
[0,0,67108864,0,0,0,0,0,0,0,0,2048,0,262144,0,0]-[0,0,67110912,262160,0]
[0,0,0,0,67108864,0,0,0,0,0,4096,0,67108864,0,0,0]-[256,131072,4096,0,2097152]
[0,0,67108864,0,0,0,64,0,0,0,0,0,0,0,0,2048]-[32769,64,0,4194304,0]
[0,0,0,0,0,0,0,0,0,0,0,0,0,131072,32,0]-[0,536870914,2147483648,536870912,0]
[0,524288,0,0,0,0,0,0,0,0,0,0,0,16,0,0]-[0,0,64,131136,8192]
[0,0,67108864,0,67108864,0,0,0,134217728,0,0,2097152,0,128,0,0]-[0,262145,0,16,524288]
[0,0,0,0,0,0,0,0,1048576,0,4096,0,0,0,8192,0]-[0,268435456,0,2148007936,8192]
[0,0,0,0,0,0,0,16,0,0,0,0,135528448,0,0,0]-[0,4096,0,69206016,1048576]
[0,0,67108864,0,0,0,0,0,135266304,0,0,64,1048576,0,0,0]-[0,516,33554432,0,1048576]
[0,0,0,0,0,0,0,0,1050624,2147483648,0,0,0,0,0,0]-[262144,0,16,2147483648,524288]
[0,0,0,0,0,128,0,0,135266306,0,0,0,1048576,0,0,524288]-[268435520,2,0,0,16384]
[0,0,0,0,0,0,0,0,1048576,0,4096,0,8,128,0,0]-[0,0,524288,536870928,1024]
[0,0,0,0,0,0,0,0,16777216,33554432,0,0,0,0,0,0]-[33554688,1024,131080,0,0]
[0,256,0,0,0,0,0,16,0,0,0,32,0,0,0,0]-[0,0,134219778,128,0]
[0,0,67108864,0,0,0,0,0,1048576,0,0,0,0,4194304,0,0]-[32,64,4,65536,0]
[0,0,0,0,0,0,0,0,2097152,0,0,0,1048576,0,0,0]-[2151809024,4284416,536870915,58720257,66]
[0,128,67108864,0,0,0,0,0,0,0,0,0,16384,0,0,0]-[25231360,0,256,0,0]
[0,67108865,67108864,0,0,0,0,0,0,0,0,0,0,0,0,0]-[524288,16,0,0,655360]
[0,0,0,0,0,256,0,0,0,0,0,0,0,0,0,8192]-[262144,33685512,2097152,16,262145]
[0,2147483648,67108864,0,0,0,0,0,262144,0,0,32,0,0,0,0]-[2147483648,0,67109120,1024,0]
[0,0,67108864,0,67108864,0,0,0,0,0,1048576,0,1048576,0,0,0]-[0,49152,0,1048832,0]
[0,0,2147483648,0,0,0,0,0,134217728,0,0,0,0,0,0,0]-[0,75497728,0,0,1]
[0,262144,0,0,4194304,0,0,0,0,0,0,0,0,0,0,0]-[536870912,16777216,1024,2048,0]
[0,0,0,0,0,0,268435456,16,1048576,0,0,0,0,0,0,0]-[32768,0,8388608,33554432,128]
[0,0,0,0,67108864,0,0,0,0,0,0,0,0,0,524288,0]-[201343488,2147487744,16785924,536875136,0]
[0,0,0,0,0,0,0,0,0,0,33558528,0,0,0,0,0]-[2097153,2147614720,0,18944,2162696]
[0,0,0,0,0,64,0,0,134217728,0,4096,0,0,0,0,0]-[0,0,134283264,67109888,0]
[0,0,0,4194304,0,0,0,0,0,0,0,0,0,536870912,0,0]-[8192,136314880,8388616,32,1]
[0,0,0,0,0,0,0,0,134217728,0,32768,0,0,0,0,0]-[8,0,1082130432,0,256]
[0,0,16384,0,0,0,0,0,0,0,0,0,0,8,0,0]-[8,0,2147484672,131072,0]
[0,0,67108864,0,0,64,0,0,0,0,0,0,2147483648,0,0,0]-[66,0,8,0,128]
[0,0,0,0,1024,256,10240,0,0,0,0,0,0,0,0,0]-[2147614720,0,4128,0,0]
[0,0,67108864,0,2,256,0,0,0,0,0,0,0,0,0,0]-[67108864,256,4096,134217728,0]
[0,33816576,0,0,0,0,0,0,0,0,0,0,0,0,0,0]-[537133056,134217728,1073741824,0,0]
[0,0,0,0,0,1073742080,0,0,0,0,0,0,0,0,67108864,0]-[0,8320,0,4096,256]
[0,0,67108864,0,0,0,0,0,0,33554432,0,0,1048576,0,0,0]-[0,16388,65536,8,1048576]
[0,0,0,0,0,0,0,16,0,64,0,0,1048576,0,0,0]-[268435456,0,0,8,72]
[0,0,67108864,0,0,0,2097280,0,0,0,0,0,1048576,0,0,0]-[2,16777216,0,16,2]
[0,0,67108864,0,0,0,0,0,0,0,0,0,8,0,16,0]-[64,0,260,16777344,64]
[0,0,0,0,0,0,0,0,0,0,4096,256,1048576,128,0,0]-[0,0,4096,33701888,0]
[0,0,67108864,0,0,16384,0,0,0,0,0,131072,0,536870912,0,0]-[65536,262152,0,134217728,0]
[2048,0,67108864,0,0,0,0,0,0,0,0,0,262144,0,0,0]-[524288,43008,0,288,524288]
[0,0,0,0,0,0,65536,0,1048576,0,0,0,0,0,0,0]-[2147811604,545275904,1094715456,838864896,1703953]
[0,2048,67108864,0,0,0,0,0,0,0,0,0,0,0,0,0]-[2214596672,2686451801,1376781572,53227905,2228224]
[0,0,75497472,0,2147483648,0,0,0,0,0,0,0,0,0,0,0]-[2147483648,0,4227072,262144,0]
[0,0,0,0,0,0,32768,0,0,0,0,2,0,0,0,0]-[8,128,8404992,0,0]
[0,0,32768,0,0,0,0,8,0,0,0,0,0,0,0,0]-[4194304,134217728,0,136314880,0]
[0,256,0,0,0,134217728,0,0,0,0,0,0,0,0,0,0]-[8388608,0,8388608,524288,16]
[256,0,0,0,0,32768,0,0,0,0,0,0,1048576,0,0,0]-[0,512,1,0,130]
[128,0,0,0,0,0,0,16,0,0,0,0,0,536871040,0,0]-[16384,65536,131072,16,0]
[256,0,0,0,0,0,0,16384,0,0,0,0,0,0,0,0]-[8388672,0,0,16384,16]
[0,0,67108864,2048,0,0,0,0,0,0,0,0,0,268435456,0,0]-[32,576,2048,0,0]
[0,0,0,0,0,0,0,0,17825792,0,0,0,1048576,128,0,0]-[0,269484032,1,2097664,8192]
[32768,0,67108864,0,67108864,0,0,0,0,0,0,0,0,0,0,0]-[0,16777220,2560,0,0]
[0,0,0,0,0,64,8192,0,0,0,0,0,1048576,128,0,0]-[0,32,2097152,512,262144]
[0,0,0,0,0,8192,0,0,0,0,0,0,0,536870912,0,0]-[2718007302,1342183436,27544576,1611041793,16808]
[0,0,71303168,0,0,0,0,0,0,0,0,0,1048576,0,0,0]-[4096,2560,0,4096,0]
[0,0,1073741824,0,0,0,0,16,1048576,0,0,0,0,0,0,0]-[0,0,2048,33556736,0]
[0,16777216,0,0,0,0,0,0,0,0,0,0,1048576,0,0,0]-[131072,0,65536,135168,0]
[0,0,0,0,0,256,0,0,1048576,32768,0,0,0,0,0,0]-[262144,0,8388608,2147483904,0]
[1048576,0,0,0,0,0,2147483648,0,0,0,0,0,0,4096,0,0]-[393216,8192,0,8192,0]
[8,0,0,0,67108864,0,0,0,16777216,0,0,0,0,0,0,0]-[65664,2,1073741824,0,512]
[0,0,0,0,0,0,0,0,0,0,1073741824,0,0,0,0,262144]-[24,0,16778240,33554944,0]
[0,0,67108864,2,0,0,0,0,1048576,0,0,0,0,0,0,0]-[0,0,524304,4194304,1024]
[0,0,67108864,0,0,8192,0,0,1,0,0,536870912,0,0,0,0]-[2162688,0,2621440,0,0]
[0,0,0,0,0,256,0,0,0,16777216,0,0,256,0,0,0]-[524288,2048,0,131080,0]
[0,0,67108864,0,0,0,64,1,0,0,0,0,0,0,0,0]-[32,32768,1024,1024,2097152]
[0,0,0,0,0,0,0,0,1048576,0,0,0,1048576,0,0,2048]-[128,16896,0,512,0]
[0,0,0,0,1,0,0,16,0,0,0,0,0,0,0,0]-[1627389952,0,0,1024,0]
[0,0,0,0,0,256,524288,16,1048576,0,0,0,0,0,0,0]-[0,512,64,2147483648,1]
[0,0,0,0,0,0,0,16,0,0,32,0,0,0,0,0]-[16,10486272,1180674,536887296,4105]
[0,0,0,0,0,8192,0,0,0,0,0,0,0,0,0,64]-[872415232,36,1081344,128,0]
[0,0,0,0,0,0,0,0,16777216,512,0,0,0,0,0,0]-[138428416,2147484160,66818,268435456,0]
[0,0,0,0,0,64,0,0,1048576,0,4096,32,2147483648,0,0,0]-[268435520,2147483648,0,0,2]
[0,0,67108864,0,0,8192,0,0,33554432,0,0,0,0,0,0,0]-[589826,0,0,0,2]
[0,0,0,0,0,0,8192,0,1048576,0,4096,0,0,128,0,128]-[2048,32,8388608,512,0]
[0,0,0,0,0,0,67108864,8,1048576,0,0,0,0,0,0,0]-[0,16512,128,0,1048576]
[8,0,67108864,0,2097152,0,0,0,0,0,0,0,0,0,0,0]-[0,131072,4096,8320,0]
[0,0,0,0,0,64,0,0,0,0,0,0,8,128,0,0]-[0,0,2097154,0,2621440]
[0,1048576,0,0,0,0,0,0,0,0,4096,0,0,0,0,0]-[1417675264,102762776,1048706,335544836,286724]
[0,0,0,0,0,256,0,16,32768,0,0,0,0,0,0,0]-[0,1049088,2097152,268435456,0]
[0,0,67108864,0,0,272,0,0,0,0,0,0,0,128,0,0]-[0,268436480,32,0,64]
[0,0,67108864,16384,0,0,0,0,0,0,0,0,1048576,0,536870912,0]-[8388608,301989888,0,134217728,0]
[128,0,0,64,0,0,0,0,0,0,0,0,0,0,0,0]-[128,33570816,2,0,0]
[0,0,67108864,0,0,256,0,0,0,0,0,0,0,1024,0,0]-[67108864,65536,0,0,1088]
[0,0,67108864,1,0,8192,0,0,0,0,0,0,0,0,0,0]-[524290,32768,0,262160,0]
[32768,0,67108864,0,0,0,0,0,0,0,0,524288,0,0,0,0]-[0,16449,16384,0,0]
[0,0,0,8192,0,0,0,0,0,0,0,0,1048576,0,33554432,0]-[134218240,0,16777216,32,0]
[0,0,0,0,0,16777216,0,2048,0,0,0,0,1048576,0,0,0]-[64,0,262144,16777220,0]
[0,0,0,0,0,0,0,0,0,4096,0,0,0,0,67108864,0]-[0,67108896,4194304,268435456,0]
[0,0,67108864,0,0,0,0,0,0,512,0,0,1048576,0,0,0]-[2097216,67111428,4259840,16777232,17474]
[0,0,67108864,0,0,0,0,0,0,0,0,0,1048576,0,536870912,0]-[2160066560,302039048,1073741832,2288365616,17536]
[0,0,67108864,16384,0,0,0,0,0,0,4096,0,0,0,0,0]-[8388608,1024,0,33554432,2]
[0,0,67108864,2097152,0,0,0,16384,0,0,0,0,0,0,0,0]-[65536,2048,524288,2,0]
[0,0,0,0,0,8192,0,0,16777216,1048576,0,0,0,0,0,0]-[0,2147483648,262144,0,4224]
[0,0,16777216,0,0,0,0,0,0,0,0,0,1048576,0,2048,0]-[0,268435456,0,196608,1024]
[0,0,0,0,8,0,0,0,1,0,0,32,0,0,0,0]-[0,524288,512,25165824,0]
[128,0,67108864,0,0,0,0,32,0,0,0,0,0,0,0,0]-[0,65792,0,16777344,0]
[0,0,67108864,2147483648,0,0,0,0,0,0,0,0,0,128,0,0]-[2147483648,16777280,98560,16777728,0]
[0,0,0,2147483648,0,256,0,0,0,0,0,0,0,0,0,0]-[67503104,8389248,2097216,0,1]
[262144,0,0,0,0,0,0,0,0,0,0,0,262144,0,0,0]-[1,0,262152,0,32]
[128,0,0,0,0,0,0,0,17825792,64,0,0,0,128,0,0]-[16384,0,0,130,64]
[0,0,0,0,0,0,0,0,1048576,0,0,536870912,0,0,0,0]-[16908288,1078198816,33554433,3293057024,129]
[0,0,67108864,0,0,0,0,0,0,0,4096,0,0,0,0,0]-[2649315407,3077029245,3531207548,2339217342,3919255]
[0,0,67108864,0,0,0,0,0,0,0,1049600,0,0,0,0,131072]-[0,0,12,16777728,0]
[16777216,0,0,0,0,0,0,0,0,0,0,0,1048576,0,0,0]-[1077936196,2147483665,33554440,1610612736,8704]
[0,0,0,512,16385,0,0,0,0,0,0,0,0,128,0,0]-[1048576,264192,32,0,0]
[0,0,0,0,0,0,64,0,0,0,4096,0,0,134217728,0,0]-[2048,8,0,131076,4096]
[0,0,0,0,65536,0,0,0,0,0,0,0,0,67108864,0,0]-[276824064,4194304,131072,0,0]
[0,0,0,0,0,0,0,0,0,16777216,0,0,1048576,128,0,0]-[0,0,1073741828,8388608,4]
[0,0,67108864,0,0,0,0,0,0,0,0,0,1310720,0,1,0]-[0,16781312,35651584,0,0]
[0,0,67108864,0,0,0,0,0,0,0,4096,0,0,268435456,0,0]-[0,16777232,0,32896,0]
[0,0,0,0,0,0,0,8388608,134217728,0,0,0,0,0,0,0]-[32,268435456,256,67108864,0]
[16384,0,0,0,0,33554432,0,0,0,0,0,0,0,128,0,0]-[0,268435456,128,8388608,131072]
[536870912,0,0,0,16777216,0,0,0,0,0,0,0,0,0,0,0]-[1140850688,0,0,16,16384]
[0,0,0,0,0,0,4,0,0,0,0,0,1048576,0,0,128]-[1,1048578,4194304,0,0]
[0,0,67108864,0,0,8192,0,0,0,0,0,0,0,0,2097152,0]-[33554432,268439552,32768,0,0]
[0,0,0,0,0,1,0,0,0,0,135168,0,0,0,0,0]-[512,536870928,0,512,0]
[0,0,0,33554432,0,0,0,0,0,0,0,32,0,0,0,0]-[16384,0,1048576,0,2056]
[67108864,0,0,0,0,0,0,16,0,0,0,0,0,0,0,0]-[2147483648,75497480,131136,67109216,3407872]
[0,0,0,0,0,0,0,0,1048576,0,0,0,0,192,0,0]-[0,537133056,262145,0,0]
[0,0,0,0,0,0,0,0,4,0,4096,0,1048576,0,0,0]-[0,67141632,0,512,8]
[0,0,536870912,0,0,256,0,16,0,0,0,0,0,0,0,0]-[2147483648,65536,134217728,0,1]
[0,0,67108864,0,0,0,0,72,0,0,0,0,0,0,0,0]-[6,256,528384,8,0]
[0,0,0,0,0,0,64,0,0,0,0,1073741824,0,0,0,0]-[1073741824,2155876880,0,1073741824,512]
[0,0,0,33554432,0,256,0,0,0,0,0,0,1048576,128,0,0]-[131072,0,0,2097156,1024]
[0,0,2214592512,0,0,0,0,0,0,0,0,0,0,1024,0,0]-[0,196608,1024,0,1]
[0,0,0,0,0,0,0,0,1048576,0,0,0,0,128,0,0]-[1409281277,4292173823,1670380791,2134769650,4170981]
[0,0,0,16384,0,0,0,0,1048576,0,0,0,0,128,0,0]-[0,262144,524289,2048,1048576]
[0,0,67108864,0,0,0,0,0,0,0,0,0,2147487744,0,0,0]-[2,0,256,262144,3]
[0,0,67108864,0,0,0,64,0,0,0,0,0,0,131072,0,0]-[0,16384,6324224,0,0]
[0,128,0,0,0,0,0,524288,0,0,0,0,0,0,0,0]-[33554944,67108864,33554432,0,0]
[0,0,0,0,0,32,0,0,8192,0,0,0,0,0,0,0]-[0,524288,33554432,256,32768]
[0,0,0,0,0,0,0,1,1048576,0,0,0,1048576,0,0,0]-[2147549184,4194320,8390720,8193,0]
[0,0,0,256,0,0,0,0,134217728,0,0,0,0,0,0,0]-[0,0,16,0,1288]
[0,8388608,67108864,0,0,0,0,0,0,0,524288,0,0,0,0,524288]-[0,0,16,6,131072]
[0,0,0,0,0,0,0,16,2,0,0,0,0,0,0,0]-[335544320,0,0,1032,0]
[0,0,0,0,0,0,0,0,1048576,0,67239936,0,0,0,0,0]-[0,0,0,33562752,8192]
[0,0,67108864,0,0,0,0,0,1048832,0,0,0,0,128,0,0]-[0,0,524288,512,1048580]
[0,0,67108864,0,0,64,0,0,0,0,0,0,1048576,536870912,0,0]-[66,6144,0,0,64]
[0,0,67108864,0,0,4096,0,0,0,0,4096,0,0,0,0,0]-[8388608,8192,1073807872,262144,49152]
[2,0,0,0,0,0,0,0,0,0,4096,0,0,128,0,0]-[278528,84148224,0,268500992,32768]
[0,0,0,0,0,0,0,0,0,4096,0,0,1048576,0,0,0]-[1310720,16416,35717120,16396,1088]
[0,0,67108864,0,0,0,67108864,0,0,0,0,0,4096,0,0,0]-[0,2048,1073742080,0,2]
[0,0,67108864,0,0,0,0,0,0,0,0,0,1048576,136,0,0]-[0,0,0,66064,64]
[0,0,67109376,0,0,16785408,0,0,0,0,0,0,0,0,0,0]-[0,65536,8192,0,2049]
[0,0,67108864,0,4,0,0,0,8192,0,0,0,9437184,0,0,0]-[4096,0,4096,17825792,0]
[0,0,67108864,262144,0,0,0,0,135266304,0,0,0,0,0,0,0]-[0,536936448,0,0,524289]
[0,0,0,0,0,8192,0,0,1048576,0,0,0,1073741824,0,0,0]-[0,0,8,1050624,1024]
[0,0,0,0,0,0,2,0,1048576,0,4096,0,0,128,0,0]-[4,0,0,536870912,8196]
[0,0,0,67108864,0,0,0,0,0,0,0,0,0,2048,0,0]-[4325440,64,0,0,0]
[0,0,0,0,0,2097152,0,0,1048576,0,0,0,0,0,0,0]-[16842772,33554432,32832,335544321,1088]
[0,0,0,0,8192,0,16384,0,0,0,0,0,0,0,0,0]-[32,262656,0,0,4096]
[0,256,0,0,0,0,0,0,2097152,0,0,0,1048576,0,0,0]-[0,8208,0,1082130432,0]
[0,0,0,512,1,0,0,0,0,0,0,0,256,0,0,0]-[4096,0,536875520,0,0]
[0,0,0,1,0,0,0,0,0,0,0,8192,0,0,0,0]-[131073,0,1048576,1048576,0]
[0,0,0,0,0,0,0,0,0,1048576,4096,0,0,128,0,0]-[0,268435456,2147745792,16,0]
[0,128,0,0,67108864,0,0,0,0,0,0,0,0,128,0,0]-[512,67108864,8196,4608,0]
[128,0,67108864,0,0,0,0,0,0,0,0,0,0,262144,0,0]-[0,0,1032,65536,4]
[0,0,0,0,0,0,0,1073741824,0,0,131072,0,0,0,0,0]-[0,1,33554433,0,1]
[0,0,67108864,0,67108864,0,8192,0,0,0,0,262144,0,0,0,0]-[1,8192,0,33554432,16]
[0,0,0,0,0,64,0,0,135266304,0,4096,0,0,128,0,0]-[18432,0,8388608,0,128]
[0,0,0,0,0,8192,0,0,0,0,134217728,0,0,0,0,0]-[2684354560,0,32768,0,4096]
[0,0,83886080,0,0,8192,0,0,0,0,0,0,0,128,0,0]-[2097152,268435456,32768,65536,0]
[128,0,2214592512,0,0,0,8192,0,0,0,0,0,0,0,0,0]-[100663296,0,0,33554496,0]
[0,0,0,0,262144,0,2147483648,0,0,0,0,0,0,0,0,0]-[0,2147483650,16777216,0,256]
[0,0,0,0,0,0,0,16,0,0,0,0,0,2,0,0]-[0,0,9439232,0,12288]
[0,0,0,128,0,0,0,0,0,0,0,0,0,0,0,262144]-[8454144,0,1,16777216,0]
[0,0,0,0,0,0,32,0,0,0,0,0,0,0,512,0]-[134217728,256,1,128,0]
[0,0,67108864,0,0,0,0,16777216,0,0,0,0,0,0,0,0]-[216598636,895903868,374965804,2305372622,2738260]
[0,0,83886080,0,0,0,0,0,0,1048576,0,0,0,0,0,0]-[8388608,0,1024,2147483648,1048576]
[0,0,16777216,0,0,0,0,0,134217728,0,0,0,0,128,0,0]-[268438024,262145,2,1342177280,524480]
[0,0,67108864,0,0,0,0,16,0,0,0,32,1048576,0,0,0]-[64,512,0,33554529,2176]
[0,0,67108864,0,0,64,0,0,1048576,0,0,0,0,0,33554432,0]-[32,67108864,4,16777216,0]
[0,0,67108864,0,0,0,0,16,0,0,0,0,67108864,0,0,0]-[0,67115008,2048,2097409,2097152]
[0,0,0,0,0,0,64,16,1048576,0,0,0,0,128,0,0]-[0,536870912,1073741984,0,0]
[0,0,75497472,0,0,0,0,0,0,0,67108864,0,0,0,0,0]-[0,65536,2148008960,0,0]
[0,0,2097152,0,0,128,0,8216,1048576,0,0,0,0,0,0,0]-[0,66048,553648128,0,0]
[0,0,134217728,0,0,0,0,0,0,0,0,0,0,32,0,0]-[0,268959744,1,0,1048576]
[0,0,67108864,0,0,16384,0,0,16777216,0,0,0,0,0,0,0]-[4194305,0,1280,0,0]
[0,0,0,0,262144,0,0,0,0,0,256,0,0,0,0,0]-[2,1073741824,0,285212672,0]
[0,0,67108864,0,0,33024,0,0,0,0,0,0,0,0,0,0]-[0,34816,0,8208,0]
[0,0,0,0,67108864,0,0,0,0,0,0,0,16777216,0,0,0]-[0,67108864,2049,4096,0]
[0,0,0,0,0,0,0,0,0,262144,0,0,4,0,0,0]-[1048576,0,8192,32,512]
[128,0,0,0,0,0,0,16,0,0,0,0,1048576,128,0,0]-[64,67176480,0,67108864,1048608]
[0,0,0,0,0,0,64,0,0,8192,0,0,0,0,0,0]-[536871936,1879130112,4096,0,4104]
[0,0,0,0,0,0,0,0,1048576,0,0,0,0,536870912,0,1024]-[262144,16,0,272,0]
[0,0,0,0,131072,0,8192,0,0,0,0,0,0,128,0,0]-[0,67108864,536870916,0,1048576]
[0,0,67108864,0,0,0,0,0,0,2097152,4096,0,0,128,0,0]-[0,100664320,301989904,128,128]
[0,0,262144,0,0,0,0,0,1048576,0,0,0,0,0,0,0]-[2097152,1048576,72,469771520,1]
[0,128,0,0,0,0,0,0,0,0,0,0,262144,0,0,0]-[2622216,16924678,17858691,2129984,256]
[0,0,0,0,0,256,0,0,0,0,0,0,0,0,0,2]-[1048832,3221488144,2228256,262400,0]
[1073741824,0,0,16,0,0,8192,0,0,0,0,0,0,0,0,0]-[1073741824,268435456,1048576,262144,0]
[128,0,67108864,0,0,0,8,0,1048576,0,0,0,0,0,0,0]-[0,0,33554432,4194336,64]
[0,0,0,0,0,0,0,0,1048576,536870912,0,0,0,0,0,0]-[0,1310720,16785408,0,0]
[0,128,0,0,0,0,0,0,0,0,0,524288,0,128,0,0]-[0,131072,8388608,2,128]
[0,0,0,0,0,0,33554432,0,0,0,33554432,0,0,128,0,0]-[1,0,262144,64,2097152]
[0,0,0,0,16777216,0,0,0,1048576,0,0,0,0,0,0,0]-[33554688,41943168,41943040,32,0]
[0,268435456,0,0,0,0,64,0,0,0,0,0,0,0,0,0]-[1048576,4112,805306496,1179712,0]
[0,0,0,0,0,0,0,0,1048576,0,0,0,0,1048704,0,0]-[2149580800,1107296400,8388608,268435457,0]
[0,0,0,0,0,0,4,0,0,0,0,0,0,536870912,0,0]-[33792,0,2097152,132100,0]
[0,0,0,0,0,8192,0,16,1,0,0,0,0,0,0,163840]-[0,65,0,131072,131072]
[0,0,0,0,0,0,0,0,0,0,0,0,0,136,0,0]-[0,0,8320,65536,64]
[0,0,0,0,0,768,0,0,0,0,0,0,0,0,0,0]-[1024,0,268435456,67110912,0]
[0,0,67108864,0,268435456,0,0,0,1048576,0,0,0,0,0,0,0]-[0,4194308,10240,12544,1179649]
[0,0,67108864,0,0,0,0,0,0,0,0,0,0,128,0,2]-[0,0,2097184,2097152,524288]
[0,0,67108864,0,512,0,0,0,0,0,0,0,0,0,33554432,0]-[0,0,8448,4096,128]
[2097152,0,0,0,0,0,0,0,0,33554432,0,0,0,0,0,0]-[32769,0,67108866,0,0]
[128,0,0,0,0,0,0,0,0,0,0,0,512,0,0,0]-[0,2048,1024,16384,256]
[128,0,67108864,0,0,0,0,0,0,1073741824,0,0,0,128,0,0]-[0,262144,0,65554,0]
[0,0,0,0,0,0,65536,0,0,0,1,0,0,0,0,0]-[16,0,1073742080,0,1]
[0,0,0,0,0,0,0,0,0,0,16,0,131072,0,0,0]-[134217728,2048,16777472,0,0]
[0,0,0,0,0,0,0,0,134217728,0,0,0,131072,0,0,0]-[134217728,0,16777216,65600,0]
[128,0,0,131072,0,0,0,0,0,0,0,0,1048576,0,0,0]-[545259520,16416,0,0,262144]
[0,0,0,0,0,0,0,16,1048576,0,4096,0,1048576,0,0,0]-[0,67108872,134221824,0,0]
[0,0,0,0,0,512,64,0,0,0,0,0,0,0,0,0]-[88080384,1073741824,0,0,0]
[128,0,67108864,0,0,0,0,0,0,0,4096,524288,0,0,0,0]-[65536,67117056,0,0,2]
[0,0,67108864,0,0,0,0,0,1048576,0,0,4096,0,128,0,0]-[2048,268697600,0,134217728,0]
[0,0,67108864,16,0,0,0,0,0,2097152,0,0,0,0,0,0]-[0,16448,4194304,0,1024]
[0,0,0,0,0,0,8192,8,0,0,0,0,0,0,268435456,0]-[0,131072,512,33554432,512]
[0,0,1024,0,0,0,0,16,1048576,0,0,0,0,128,0,0]-[32768,0,32768,268435472,0]
[0,0,4194304,0,0,0,0,33554432,0,0,0,0,0,0,0,0]-[8388608,0,128,256,1024]
[2,0,67108864,0,0,0,0,0,2097152,0,0,0,0,0,0,0]-[2,0,0,525316,0]
[0,1073741824,0,0,0,0,0,8388608,134217728,0,0,0,0,0,0,0]-[2048,2,0,1073741824,524288]
[0,0,67108864,0,0,0,0,0,4,0,4096,0,0,536870912,0,0]-[6,2048,0,2147483648,0]
[0,1073741824,67108864,0,0,0,0,0,0,0,4096,0,0,0,0,0]-[0,131072,0,4352,128]
[0,0,0,0,0,0,64,0,1073741824,0,0,0,0,0,0,0]-[0,131072,128,1048576,2048]
[0,0,0,65536,0,0,0,0,0,0,0,0,1048584,0,0,0]-[268435584,4,2097152,0,0]
[0,0,0,0,0,0,4194304,0,131072,0,0,0,0,0,0,0]-[134217728,1048576,512,0,4]
[0,0,0,0,0,256,0,0,1048576,0,0,0,0,0,0,131072]-[4,0,33554560,4194304,0]
[0,0,67108864,0,0,0,0,0,1048576,0,0,8388608,0,0,0,0]-[1,4,1073750032,140514720,1048832]
[0,0,0,0,0,0,0,0,1179648,0,512,0,0,0,0,0]-[0,8388640,2048,32768,0]
[0,0,0,0,0,0,0,0,0,0,0,134217728,0,128,0,0]-[304382976,262176,1075986434,673187908,688160]
[0,32768,0,2097152,0,0,0,0,0,0,0,0,0,0,0,0]-[0,128,16777216,16842752,0]
[0,0,0,0,0,0,0,16,0,0,0,0,0,0,268435456,0]-[1610612736,786496,2149066768,71336000,262145]
[0,0,0,0,0,0,0,0,16,268435456,0,0,0,0,0,0]-[0,1310724,0,0,16384]
[0,0,0,0,0,256,0,0,1048576,0,0,256,0,0,0,0]-[0,16777216,0,16793600,2048]
[0,0,0,0,0,8192,0,0,134217728,0,4096,0,0,0,0,0]-[536870922,268435456,18874368,25165824,0]
[2147483648,0,0,0,0,0,0,0,0,0,0,0,8,0,0,0]-[67108864,8388608,33554432,8,0]
[0,32768,67108864,0,0,0,0,0,0,0,0,0,0,0,0,0]-[44138531,268584740,2249306156,2167476347,2099221]
[0,256,67108864,0,0,0,0,0,0,0,4096,0,0,0,0,0]-[8388608,71312432,0,0,0]
[128,0,0,0,0,0,0,0,1048576,0,0,0,262144,0,0,0]-[409600,0,570458112,33587328,131072]
[0,0,0,0,0,0,0,0,1048578,0,0,0,8,0,0,0]-[32768,128,0,128,64]
[1073741824,0,0,0,0,256,0,0,0,0,0,0,0,268435456,0,0]-[8,0,0,536903808,0]
[0,0,67108864,0,0,0,0,0,0,0,0,0,0,128,32,0]-[0,16777280,0,0,65600]
[0,0,67108864,0,67108864,0,0,0,0,0,0,0,1048576,8388608,0,0]-[0,83902464,65536,0,0]
[0,0,0,0,0,0,0,268435472,0,0,0,0,1048576,0,0,0]-[17825792,16777216,262144,16777216,64]
[0,0,0,0,0,0,0,16,0,0,4096,0,0,0,0,4]-[4096,262144,0,163840,0]
[0,0,67108864,0,0,16777216,0,0,0,0,0,8388608,0,0,2,0]-[0,32768,524288,0,65537]
[0,0,0,0,2,0,0,0,0,0,0,0,0,4,0,0]-[33554432,0,0,0,16928]
[0,0,67108864,0,0,0,0,0,1048576,0,0,0,0,0,0,256]-[2097152,0,1107337256,33554688,5]
[0,0,67633152,0,0,0,0,0,0,0,0,0,0,32,0,0]-[2048,536870912,4096,16777216,0]
[0,0,0,0,0,0,8192,0,33554432,0,0,0,0,0,0,0]-[0,256,262144,268435456,2048]
[0,0,0,0,0,0,0,0,1,0,0,0,0,0,67108864,0]-[0,528384,1,16777216,0]
[0,0,0,0,0,64,128,0,0,0,0,0,0,128,0,0]-[528,0,524320,0,0]
[268435456,0,67108864,0,0,0,0,0,0,0,0,0,0,0,8,0]-[134219784,320000,33560576,2168784208,541701]
[0,134217728,67108864,0,67108864,0,0,0,0,0,0,0,0,0,0,0]-[0,68096,0,262144,0]
[0,0,67108864,0,0,8192,0,0,0,0,0,0,2147483648,0,0,0]-[0,0,73728,32,1]
[0,0,0,0,0,128,0,0,0,0,0,0,1048576,0,0,0]-[2179776,12290,169885696,1109524696,286850]
[0,0,0,8,0,0,64,0,0,0,0,0,0,0,0,0]-[33554432,134217728,262144,1073741824,0]
[0,0,67108864,8192,2,0,0,0,0,0,4096,0,0,0,0,0]-[0,32,512,32768,2097152]
[0,128,67108864,0,0,8192,0,0,1048576,0,0,0,0,0,0,0]-[0,0,0,536640,0]
[0,0,0,1,0,0,8192,0,0,0,0,0,0,0,0,0]-[1073741832,2147483648,0,128,0]
[0,4096,0,0,0,0,0,0,0,0,0,0,0,128,0,0]-[1049153,1157758976,1610768391,536936576,2097248]
[0,0,0,0,65536,8192,0,0,0,0,0,0,0,0,0,0]-[6291456,0,671088640,16777233,128]
[0,256,0,0,0,0,0,0,1048576,0,0,0,0,128,0,0]-[131072,277872896,32896,67109376,64]
[0,0,67108864,0,1073741824,0,0,0,0,0,0,0,0,0,0,0]-[2152235104,1947145508,89100,2198092295,983042]
[0,0,0,0,0,64,0,16,0,0,0,0,1048576,0,0,0]-[16448,269556228,134221824,33554448,160]
[0,0,0,0,0,0,0,0,1048576,16,0,0,0,0,0,0]-[24640,135266308,134217728,0,6]
[0,0,67108864,0,0,0,0,16,0,0,0,0,0,4,0,0]-[4096,262144,1073741824,8192,0]
[0,0,67108864,0,0,0,0,0,1048576,0,0,0,0,16,0,0]-[2097152,16640,32784,4194560,4]
[0,0,67108864,0,0,0,0,0,0,0,0,0,1048578,0,0,0]-[150995008,301995056,35651584,138743808,2097216]
[0,0,67108864,0,4,0,0,0,0,0,0,0,0,536870912,0,0]-[32,262144,270532608,0,0]
[0,0,0,32,0,0,0,0,1048576,0,0,0,0,67108992,16777216,0]-[1,1073741824,536870912,2,0]
[0,4,0,0,67108864,0,8192,0,0,0,0,0,1048576,0,0,0]-[33554432,8192,603979776,0,0]
[0,0,0,0,67108864,0,0,0,0,0,0,2,268435456,0,0,0]-[4194304,0,8320,0,4]
[0,0,0,0,0,0,0,0,1048576,256,0,0,0,0,0,0]-[16842752,536870912,536879112,1077936128,0]
[0,0,0,0,2048,0,0,0,0,0,4096,0,0,128,0,0]-[16384,262144,0,262144,32768]
[0,0,2,0,0,0,0,0,134217728,0,0,0,0,128,0,0]-[64,67108865,536870912,0,0]
[128,134217728,0,0,8388608,0,0,0,0,0,0,0,0,128,0,0]-[0,0,8388608,268435464,524288]
[2048,64,0,0,0,0,0,0,16,0,0,0,262144,128,0,0]-[0,67108864,32768,67174400,0]
[0,0,0,0,67108864,0,0,0,0,0,0,0,16384,0,0,0]-[8192,0,0,8193,512]
[8,0,67108864,0,0,64,0,0,0,0,0,0,0,0,0,0]-[2,0,5152,0,0]
[0,131072,0,0,0,0,0,0,0,0,0,0,1048576,0,0,0]-[2149712384,268468232,1073742656,524292,4608]
[0,0,0,0,0,0,0,16,1048580,0,4096,0,0,0,0,0]-[262144,0,1073741824,4195328,0]
[0,0,0,0,67108864,262144,0,0,0,0,0,0,0,0,0,0]-[0,514,1073758208,0,0]
[0,0,1024,0,0,64,0,1073741824,0,0,0,0,0,0,0,0]-[4,671088640,0,134217728,0]
[64,0,67108864,0,0,0,0,16,0,0,0,4096,0,0,0,0]-[4198400,0,524288,1024,0]
[0,0,67108864,0,67108864,0,0,0,0,0,0,0,0,256,0,0]-[0,0,16384,2105345,0]
[0,0,0,0,0,0,8192,0,0,0,0,0,0,0,2097152,0]-[536870913,536870912,0,256,0]
[0,0,64,0,0,0,0,0,0,0,0,256,0,0,0,0]-[131072,64,0,16384,262144]
[136,0,67108864,0,0,0,0,0,0,0,0,0,0,128,0,0]-[33554432,2048,0,0,524352]
[0,0,0,0,0,256,0,0,0,0,0,0,134217728,0,0,0]-[268436992,268439552,1092620288,335544320,8512]
[0,0,512,0,0,256,0,0,134217728,0,0,0,0,0,0,0]-[268500992,0,0,4096,64]
[136,0,0,0,0,256,0,0,0,0,0,0,0,0,0,0]-[16,0,4132,0,0]
[0,0,256,0,0,0,64,0,0,0,0,0,4096,0,0,0]-[536870912,0,0,16384,131080]
[0,0,0,0,0,0,0,0,1048576,0,512,0,0,0,131072,0]-[20,0,2048,32768,0]
[0,0,4096,0,0,256,0,0,0,0,0,0,0,0,0,0]-[2147745792,0,201326594,1048608,8192]
[0,0,67108864,0,0,0,0,0,0,0,0,0,134217728,128,0,0]-[33554952,0,8192,69468240,1318912]
[0,0,0,0,67108864,0,0,0,0,0,0,0,0,128,33554432,0]-[128,262145,0,16,0]
[0,0,0,0,0,0,2048,0,1048576,0,0,0,0,0,0,131072]-[4,536870912,524480,0,16]
[0,192,83886080,0,0,0,0,0,0,0,0,0,0,0,0,0]-[4,0,0,295424,0]
[0,0,0,0,0,0,64,0,134217728,0,0,0,1048576,0,0,0]-[268451904,67174402,2097152,16384,0]
[0,0,0,0,128,0,0,0,0,0,0,0,0,16384,0,0]-[896,0,8192,0,0]
[0,0,0,0,0,0,0,0,0,0,1,0,0,128,0,0]-[1048580,8650752,128,0,196608]
[0,0,0,0,0,0,0,0,0,0,0,0,1024,128,0,0]-[2360983,1083506688,2703630406,1149403136,98372]
[0,128,0,0,0,0,0,0,0,32768,0,0,0,0,0,0]-[8388608,16,269484032,17664,8192]
[0,16384,0,0,0,0,0,0,0,0,0,0,1048576,0,0,0]-[134348800,8,262145,537002400,64]
[524288,0,0,0,0,0,0,0,0,0,4096,0,0,0,0,0]-[256,1,0,49152,0]
[0,0,0,0,0,0,0,0,2097152,0,4096,0,0,4194432,0,0]-[0,0,1073741952,268435464,0]
[0,0,67108864,0,0,0,0,0,0,0,0,32,2,0,0,0]-[0,4097,1024,0,1]
[128,0,67108864,0,0,0,16384,0,1048576,0,0,0,0,0,0,0]-[0,0,33587200,32770,0]
[0,0,67108864,0,0,0,8192,0,0,0,0,0,4194304,0,0,0]-[0,8,0,32768,258]
[0,0,67108864,16777216,0,0,0,0,0,0,0,32,0,128,0,0]-[66,0,524288,0,32768]
[0,0,0,0,0,8192,0,0,16777216,0,0,0,0,2176,0,0]-[0,256,2,268435464,0]
[0,0,0,0,0,0,0,0,512,0,4096,0,0,128,0,0]-[512,1,0,2048,32]
[0,0,67108864,512,1,0,0,0,1048576,4096,0,0,0,0,0,0]-[0,16416,0,134217728,524288]
[0,0,0,0,0,0,0,8388608,0,0,0,32,0,0,0,0]-[131072,512,0,1073758208,0]
[0,0,67110912,0,0,256,0,0,0,0,0,0,0,0,0,0]-[64,0,4096,262144,1024]
[0,0,67108866,0,0,0,0,16,0,0,0,0,0,0,0,0]-[8390656,16449,0,0,0]
[0,0,4194304,0,0,0,0,0,0,0,64,0,0,0,0,0]-[131072,0,167772160,1024,0]
[0,0,67108864,0,0,0,0,0,1048576,0,0,0,0,536871040,0,0]-[2147483648,0,24,0,256]
[128,128,67109376,65536,0,0,0,0,0,0,0,0,0,0,0,0]-[33554432,262144,1024,4194304,0]
[0,0,67108864,0,0,16777216,0,0,0,0,0,0,0,128,0,0]-[64,262144,8192,0,65536]
[0,0,0,4194304,0,0,0,0,16777216,0,0,0,0,536870912,0,0]-[16384,0,66560,64,0]
[0,0,0,0,4194304,0,0,0,1048576,0,0,32,1048576,0,0,0]-[0,0,0,2176,131088]
[0,0,0,256,0,0,0,0,0,0,0,32,0,0,0,0]-[713032192,0,524288,24576,131200]
[128,0,67108864,0,0,0,0,0,0,0,0,0,0,134217728,0,0]-[67108864,256,16384,1048576,0]
[0,0,67108864,0,0,128,0,24,1048576,0,0,0,0,0,0,0]-[0,0,32768,128,17]
[128,0,0,0,0,0,64,262144,0,0,0,0,0,0,0,0]-[0,0,536880128,0,256]
[0,0,0,0,0,0,0,0,0,0,0,0,262144,0,33554432,0]-[1048608,608174478,2030044164,140771360,524298]
[0,0,67108864,0,0,0,0,0,0,2097152,0,0,8,0,0,0]-[8388608,32,0,32,1048576]
[0,0,16,0,0,256,0,0,0,0,0,0,0,0,0,0]-[2214854672,0,134217728,402653184,1024]
[0,0,0,0,32768,256,0,0,0,0,0,0,0,0,0,0]-[1141121032,67117088,4160,2483032064,4353]
[0,0,0,0,0,0,0,0,0,0,0,2048,0,0,0,2]-[64,0,134217730,1048576,0]
[0,0,0,0,0,0,0,8,1048576,0,0,0,0,0,0,0]-[33972665,269566688,1632406762,3123768275,3676245]
[0,0,67108864,0,32768,0,0,0,0,0,0,0,0,128,0,0]-[67108864,2164326400,256,2359297,0]
[0,0,0,0,0,64,0,0,1048576,0,0,524288,0,0,0,0]-[65552,0,8396800,0,0]
[0,128,67108864,0,0,0,0,1073741824,0,0,0,0,0,0,0,0]-[4096,512,33570820,0,0]
[2097152,16,0,0,0,0,0,16,0,0,0,0,0,128,0,0]-[0,0,2155872256,136314880,0]
[0,0,0,0,0,0,0,16777216,0,0,4096,0,1048576,0,524288,0]-[134217728,0,4,536870912,131072]
[0,0,0,0,0,8192,0,8,0,0,4096,0,0,128,0,0]-[16777216,0,134221824,32768,0]
[0,0,67108864,16,524288,0,0,0,0,0,0,0,0,0,0,0]-[8388608,262144,4194304,0,1024]
[0,0,0,0,0,0,0,33554432,0,0,4096,0,0,128,0,0]-[512,32,1073741824,0,2097152]
[536870912,0,67108864,0,0,0,0,16,1048576,0,0,0,0,0,0,0]-[0,544,0,33554433,0]
[0,0,67108864,0,0,0,0,0,0,0,33558528,0,1048576,0,0,0]-[0,8,16,0,49152]
[128,0,67108864,0,0,0,0,0,0,4,0,0,0,0,0,0]-[0,32800,0,0,2097153]
[0,0,67109376,0,0,0,32768,0,8,0,0,0,1048576,536870912,0,0]-[0,4096,65536,16,64]
[128,0,67108864,0,2,0,0,0,0,0,0,0,0,0,0,0]-[0,536911872,2048,0,0]
[0,0,0,0,0,0,0,0,1048576,0,4096,0,2,0,0,0]-[0,4194304,33554432,301989888,0]
[0,0,0,0,0,0,0,0,524288,0,0,0,1048576,0,0,0]-[548536449,8391168,0,17956868,4096]
[0,0,67108880,16777216,0,0,0,0,0,0,0,0,0,0,0,0]-[67108864,16,1081344,0,0]
[0,0,67108864,0,0,2048,0,0,0,0,0,0,0,0,0,0]-[268436514,70101008,590868,592993,32768]
[0,0,67108864,0,0,0,8192,0,0,0,33554432,0,0,16777216,0,0]-[33554432,0,0,4128,2048]
[0,0,536870912,0,0,0,0,0,0,16777216,0,0,0,0,0,0]-[0,8388608,268435458,262144,0]
[0,0,0,0,68157440,0,0,0,0,0,0,0,0,0,0,0]-[256,16777216,1048576,4096,0]
[128,0,0,0,0,0,0,0,134217728,0,0,0,0,0,512,0]-[512,256,0,16400,0]
[0,0,0,0,0,1048576,0,16,0,0,4096,0,0,0,0,0]-[540672,67108864,64,0,0]
[0,0,67108864,0,8,0,0,16,0,0,0,0,0,0,0,0]-[64,0,0,2097152,2064]
[0,128,0,0,67108864,0,0,8,0,0,0,0,0,0,0,0]-[0,16384,1048576,536870912,4]
[0,0,67633152,0,32768,0,0,0,0,0,0,0,0,0,0,0]-[0,4112,512,262144,0]
[0,0,0,0,0,0,0,0,0,0,4,0,0,128,0,0]-[2185364481,604242081,131074,2292187140,68]
[0,0,0,0,0,0,0,0,0,0,0,0,0,2097152,33554432,0]-[134218272,536871048,4,134217728,0]
[0,0,0,0,0,0,0,134217728,1048576,0,0,0,0,0,0,0]-[2244608,5259264,570427520,1081923,532544]
[0,0,67108864,0,4194304,0,0,0,0,0,4096,0,1048576,32768,0,0]-[0,0,65536,4100,2097152]
[0,0,0,0,0,8193,0,0,0,0,0,0,0,0,0,0]-[0,0,536870912,25198592,0]
[536870912,0,0,0,0,256,0,0,0,0,0,0,1048576,0,0,0]-[262144,8392704,0,2097152,0]
[0,0,16777216,0,0,0,0,0,0,0,0,32,0,128,0,0]-[2097152,1024,2,268435456,0]
[0,32768,0,0,0,8192,0,0,134217728,0,0,0,0,0,0,0]-[8,0,0,1073741824,384]
[0,0,67108864,0,0,256,64,0,0,0,0,0,0,0,0,0]-[2149580801,67248128,1342243360,2134084,3200]
[536870912,0,67108864,0,0,0,0,0,0,0,0,0,1048576,128,0,0]-[0,268501024,0,0,32768]
[0,0,0,0,0,0,0,0,1048576,0,0,0,0,1152,0,0]-[264193,8454144,8193,268435520,525376]
[0,0,67108864,0,0,0,0,0,0,1073741824,0,0,0,0,8,0]-[67108864,50626560,4096,2147811590,524357]
[0,0,67108864,0,0,256,64,0,0,0,33554432,0,0,128,0,0]-[2097153,131072,0,64,0]
[0,0,67108864,0,0,0,0,0,0,32768,524288,0,0,0,0,0]-[0,0,0,16781376,1048576]
[0,0,67108864,0,0,8192,2097152,0,0,0,0,0,0,0,0,0]-[2097154,2147483648,0,327680,130]
[0,0,0,0,0,0,0,0,0,128,0,1073741824,0,128,0,0]-[131072,0,1048576,2097280,0]
[0,0,67108864,0,0,0,0,0,536870912,0,0,0,0,0,0,262144]-[2147483648,5,0,524288,0]
[0,0,67108864,0,1,0,0,16,0,0,0,0,1048576,0,0,0]-[0,335548416,0,0,16384]
[131200,0,0,0,0,0,0,0,0,0,0,0,0,128,0,0]-[0,2048,131072,72,0]
[0,0,1,0,0,8192,0,0,0,0,0,0,0,0,0,0]-[0,1073743872,536870976,0,0]
[0,0,67108992,0,0,0,0,8,0,0,4096,0,0,0,0,0]-[16779264,4194304,0,294912,0]
[0,128,0,1,0,0,0,0,1048576,0,0,0,1048576,0,0,0]-[0,1048576,0,1048576,8320]
[0,0,0,0,0,256,32768,16,0,0,0,0,0,0,0,0]-[0,0,8388608,2147483904,4096]
[0,16,0,0,0,0,0,0,1048576,0,0,0,0,0,0,0]-[4,33554432,0,67108992,0]
[268435456,0,0,0,0,0,536870912,0,0,0,0,0,0,0,0,0]-[128,2,16777217,0,0]
[0,0,67108864,0,0,0,0,0,16777216,0,4096,0,0,0,0,0]-[27791425,2164393313,1107382800,33920904,49280]
[0,0,67108864,0,0,8192,0,0,1048576,0,0,0,0,0,33554432,0]-[2097152,268435456,0,0,384]
[0,0,0,0,0,0,0,0,0,0,0,32768,1048576,0,0,0]-[1078067200,4096,4608,806371456,2084]
[0,0,0,0,8388608,0,0,0,135266304,0,0,0,1049088,0,0,0]-[2048,0,0,268435456,524289]
[0,0,0,0,0,0,0,0,256,268435456,0,0,0,0,0,0]-[0,8716288,4096,0,0]
[0,0,0,0,0,0,24576,0,0,0,0,0,1048576,0,0,0]-[0,131072,268435456,64,512]
[128,0,0,0,0,272,0,0,0,0,0,0,0,0,0,0]-[0,0,8,139392,0]
[0,0,67108864,0,0,0,0,0,0,0,0,0,4096,0,0,0]-[2371883043,2147519544,3221226780,2149856849,387]
[0,0,0,0,4,0,0,16,0,0,0,0,0,0,0,0]-[548864,786440,16781440,201375872,1048577]
[0,0,0,0,131072,0,0,16,0,0,0,0,0,0,0,0]-[2147483664,528384,2,32,262160]
[0,0,0,16777216,0,0,0,0,0,0,0,0,256,0,0,0]-[2147483648,1073758720,0,262144,0]
[0,0,0,0,0,64,0,0,0,0,0,0,2,0,0,0]-[128,524288,5120,536879104,1056]
[0,0,268435456,0,0,0,0,0,0,0,0,0,1048576,128,0,0]-[131072,67108896,0,0,8192]
[128,0,0,2147483648,0,0,0,0,0,0,0,0,0,0,0,0]-[16384,268436480,0,16384,0]
[0,0,0,0,0,0,512,0,0,0,0,0,1048576,128,0,0]-[268697600,285212672,8192,65556,0]
[0,0,0,0,0,64,64,8192,0,0,0,0,0,0,0,0]-[49152,0,524288,0,2]
[0,0,0,0,0,0,0,0,2048,0,0,0,536870912,0,0,0]-[0,1024,16777216,67108928,0]
[0,0,0,0,0,4,0,0,0,0,0,0,1048584,0,0,0]-[0,33554432,65536,16,8]
[0,0,67108864,0,0,0,0,0,1048576,0,0,536870912,1048576,0,0,0]-[2147483648,4194320,0,40960,0]
[0,0,524288,0,0,0,536870912,0,0,0,0,0,0,0,0,0]-[266240,536870912,131072,0,0]
[0,0,0,0,0,256,0,0,8192,0,4096,0,0,0,0,0]-[64,33554432,4096,268435456,0]
[2147483648,0,0,0,0,0,0,0,1048576,8192,0,0,0,0,0,0]-[65664,0,0,1050624,0]
[0,0,0,0,0,4,0,0,0,0,0,0,0,512,0,0]-[0,0,1073741824,0,589832]
[2097152,0,0,0,0,134217728,0,0,0,0,0,0,0,0,0,0]-[0,524288,1,2147483664,0]
[0,0,0,0,67108864,0,0,16,134217728,0,4096,0,0,0,0,0]-[16384,67108864,8388608,256,0]
[0,0,0,0,0,0,64,16,0,0,0,0,0,8,0,0]-[32768,8,0,64,4096]
[0,0,67108864,0,0,128,0,0,0,134217728,0,0,0,32,0,0]-[0,2147483664,0,2097160,0]
[0,0,67108864,0,0,0,0,0,0,0,0,0,0,536870912,4096,0]-[0,4,67109888,256,0]
[0,0,0,0,0,0,0,0,0,0,0,0,1179648,0,0,0]-[0,1088,67108866,0,0]
[0,0,67108864,0,0,0,0,8192,0,0,0,0,536870912,0,0,0]-[4718596,0,0,0,2048]
[0,128,67108864,0,0,0,64,0,0,32,0,0,0,0,0,0]-[0,64,1140850688,256,0]
[536870912,0,0,0,0,0,0,0,0,0,0,0,0,128,0,0]-[0,16777216,8388640,65536,64]
[8192,0,0,0,16777216,0,0,0,0,0,0,0,16777216,0,128,0]-[150994944,0,262144,256,0]
[0,0,0,0,131072,0,0,0,134217728,0,0,1,0,0,0,0]-[528,0,0,16777248,0]
[0,0,67108864,2048,0,0,0,0,0,0,0,0,0,0,0,0]-[146872353,3076950824,1175985940,2299040975,3147841]
[0,0,0,0,16777216,0,0,0,0,0,4,0,0,0,0,0]-[33554433,134217728,0,8388608,0]
[2097152,0,67108864,0,0,0,0,0,1048576,0,0,0,262144,128,0,0]-[32772,262144,0,64,0]
[0,0,0,0,0,0,0,16,0,0,0,0,268435456,0,0,0]-[1090523153,276890631,151003334,52428800,280576]
[0,0,0,0,0,0,0,32,0,512,0,0,0,0,0,0]-[262272,524288,65536,0,0]
[0,0,0,67108864,0,0,64,0,0,0,0,0,0,0,0,0]-[4202832,16384,4194304,0,0]
[0,0,0,0,0,0,524288,0,1048576,0,4096,0,1048576,0,0,0]-[16384,33554432,0,67112960,0]
[0,0,0,0,0,0,0,0,0,0,4096,0,0,128,0,64]-[270532608,32,0,268439680,2129920]
[0,0,67108864,0,0,0,0,16,0,0,4096,0,2097152,0,0,0]-[1,4457472,0,0,0]
[16384,0,0,0,0,0,0,0,0,0,0,0,8,0,0,0]-[0,0,2097154,134348800,0]
[32,0,0,0,0,0,0,0,1048576,0,0,0,0,0,0,0]-[25166976,1082654912,64,1074798593,401409]
[0,0,0,0,0,0,8192,0,0,0,0,0,2147483648,0,0,0]-[139264,8192,0,0,8]
[0,0,67108864,0,0,0,0,0,0,0,0,0,33554432,0,0,0]-[394256,128,1,16384,520]
[0,0,0,0,0,8192,0,0,0,0,4096,32,0,0,0,0]-[65536,0,134221824,262272,4096]
[0,0,0,0,524288,0,0,0,0,134217728,0,0,0,0,0,0]-[0,0,4194304,270532608,262144]
[0,128,335544320,0,0,0,0,0,0,0,0,0,0,0,0,0]-[134217760,64,0,256,0]
[33554432,0,67108864,0,0,0,8192,0,0,0,0,0,0,0,0,0]-[0,2147483648,0,1152,256]
[0,0,0,0,2147483648,0,0,0,0,0,0,0,0,128,0,0]-[262144,1024,10649606,0,2129984]
[0,16777216,0,0,0,0,8192,0,0,0,0,0,0,128,0,0]-[17408,268435456,2097152,0,0]
[0,0,83886080,0,0,0,0,0,0,0,0,0,0,536870912,0,0]-[0,268435457,1049600,0,0]
[0,268435456,0,0,0,0,0,0,0,128,0,0,0,128,0,0]-[131072,0,1572864,128,0]
[128,0,0,0,0,0,0,0,1048832,0,0,0,0,0,0,0]-[0,256,8192,2415919104,0]
[0,0,0,0,0,0,64,0,1048576,0,0,512,134217728,65536,0,0]-[33554432,0,8192,1024,8192]
[0,0,0,0,0,0,0,16,0,0,536870912,0,0,0,0,0]-[32768,4104,2157191170,268584000,8192]
[0,0,0,0,0,256,0,0,1048576,0,0,0,1048576,0,0,0]-[2147942656,294716032,1099169905,3173145025,140609]
[0,0,0,0,0,256,0,16,0,0,0,4194304,0,0,0,0]-[0,1048576,0,0,12289]
[0,0,67108864,0,0,0,0,0,1048576,0,0,0,1048576,128,0,0]-[2149957637,1350647860,1077946400,3156261489,1705413]
[0,0,16777216,0,0,0,0,0,0,0,0,0,0,0,16,0]-[0,134348800,0,262656,0]
[0,0,83886080,0,0,0,0,0,0,0,0,0,0,0,0,64]-[2080,262144,524288,0,0]
[0,0,67108864,0,0,0,0,0,33554432,0,4096,0,0,128,0,0]-[0,0,0,262276,65536]
[0,0,67108864,0,128,0,0,0,1048576,0,4096,0,0,0,0,0]-[524288,0,65536,0,2097154]
[128,0,0,0,0,0,0,0,0,65536,0,0,0,0,0,0]-[512,3072,1024,0,0]
[2147483776,0,0,0,0,0,0,0,0,0,67108864,0,0,0,0,0]-[0,0,32776,0,36]
[0,0,67108864,0,1048576,0,0,0,0,0,0,0,1048576,536870912,0,0]-[0,0,65536,272,128]
[0,0,0,0,0,0,0,0,0,0,0,268435456,0,128,0,0]-[268566656,1048576,655360,4224,65536]
[0,0,67108864,0,0,0,0,268500992,134217728,0,0,0,0,0,0,0]-[64,0,8,16,2048]
[0,33554432,0,0,0,256,0,0,1048576,0,0,0,0,0,0,0]-[524288,16777216,1024,0,262144]
[0,0,0,0,0,0,0,0,512,0,0,0,8,0,0,0]-[536875012,0,131074,32912,0]
[0,8192,0,0,0,0,0,0,262144,0,0,0,0,0,0,0]-[0,512,268468224,67108864,0]
[0,4,0,0,0,0,0,0,0,0,0,0,65536,0,0,0]-[2048,0,0,0,2097668]
[0,0,0,0,0,64,0,257,1048576,0,0,0,1048576,0,0,0]-[2048,16,8388608,1,0]
[8388608,0,67108864,0,0,0,0,0,0,0,0,0,256,0,0,0]-[2147483648,0,67108864,16,16384]
[0,512,0,0,0,0,0,0,134217728,0,0,0,0,0,0,0]-[0,134217856,134218752,400,524288]
[0,0,0,0,0,0,64,2147483664,0,0,0,0,1048576,0,0,0]-[32768,67108864,0,2097152,4096]
[0,0,67108864,0,0,0,0,0,2147483648,0,0,0,0,128,0,0]-[0,16384,541192,2147483664,131072]
[0,524288,0,0,0,0,0,0,0,0,0,0,0,0,0,512]-[2048,0,131072,2097408,0]
[0,0,67108864,0,536870912,0,64,0,0,0,0,0,0,0,0,0]-[0,0,67109376,4,128]
[0,0,16777216,0,0,0,0,0,0,0,0,0,64,0,0,0]-[0,536870912,0,1024,1048608]
[128,0,67108864,0,0,0,0,0,1048576,0,0,0,16384,0,0,0]-[0,0,8192,2147483777,0]
[0,0,0,0,0,0,0,1040,0,0,0,0,0,0,0,0]-[0,589824,32768,64,0]
[0,0,67108864,32768,0,0,32768,16,0,0,0,0,0,0,0,0]-[524288,65536,0,64,2048]
[0,0,0,0,0,0,0,0,0,0,0,33554432,0,0,268435456,0]-[536870912,0,0,67109888,262144]
[0,0,67108864,0,32,0,0,0,0,0,0,0,1048576,0,0,0]-[0,64,268435456,32,131072]
[0,0,0,0,0,0,0,0,0,134217728,0,0,0,0,128,0]-[0,2147483648,0,16,262176]
[0,0,67108864,0,0,0,0,4,0,1073741824,0,0,0,0,0,0]-[67108864,16,0,65536,524288]
[0,0,67108864,0,0,0,0,0,0,0,0,0,1024,536871040,0,0]-[64,131072,0,64,128]
[128,0,0,0,16,0,0,16,0,0,0,0,0,0,0,0]-[67371008,1024,0,8192,0]
[0,0,0,0,16384,0,0,0,1048576,0,0,0,0,0,0,0]-[0,262144,537657376,71832576,1024]
[0,0,0,0,0,0,0,0,536870912,0,0,0,1048576,0,67108864,0]-[0,16384,0,16896,1024]
[8388608,0,0,0,0,0,0,0,0,0,0,0,1048576,0,0,0]-[3898998912,318791856,1075910656,882900992,3145762]
[0,33587200,67108864,0,0,0,0,0,0,0,0,0,0,0,0,0]-[0,0,4,262160,16]
[0,0,8,0,0,0,0,0,0,0,0,0,0,1,0,0]-[16,4194304,0,67108864,2]
[0,0,0,0,0,64,0,0,0,0,131072,0,0,128,0,0]-[1,0,131072,8,2097152]
[0,0,0,0,0,0,0,0,2,0,0,0,1048576,1024,0,0]-[1,8388608,134217728,0,64]
[0,0,0,0,0,4194368,0,0,1048576,0,0,0,0,0,0,0]-[2147483648,1073741824,0,2147483648,64]
[0,0,201326592,0,0,0,0,0,135266304,0,0,0,0,128,0,0]-[0,536871168,0,0,1152]
[0,0,0,0,0,8192,0,16,0,0,0,0,1048576,0,0,0]-[570425860,2416973900,136583426,1359505520,28857]
[0,128,0,0,0,0,0,0,0,0,0,256,0,0,0,0]-[0,0,16777344,33685504,2048]
[0,0,2048,0,0,0,0,0,0,0,0,0,0,33554432,0,0]-[16,67108864,0,525312,0]
[0,0,0,0,0,256,0,0,0,0,0,0,0,0,0,4]-[67109376,8388864,4,2147485700,256]
[0,0,524288,0,0,0,0,0,0,0,0,8192,0,0,0,0]-[2148008064,0,134217728,0,0]
[0,0,0,0,0,0,64,0,0,0,0,0,67108864,0,0,0]-[262144,67239936,4144,538968064,0]
[0,4,0,0,256,0,0,0,0,0,0,0,0,0,0,0]-[16777216,16,16793600,131072,1]
[0,0,0,0,0,0,32768,0,0,0,0,0,4,0,0,0]-[0,66,4194336,0,0]
[2048,0,67108864,0,0,0,0,0,0,0,0,0,0,0,67108864,0]-[33554432,272631808,0,0,0]
[128,0,67108864,0,0,64,0,0,0,0,0,0,65536,536871040,0,0]-[2048,2048,0,64,4]
[0,0,536870912,0,0,0,0,0,0,0,4096,0,1048576,0,0,0]-[2281701376,0,32,536870912,0]
[0,0,67108864,0,0,0,0,0,0,0,0,0,0,128,0,4]-[0,16778256,34078976,1,4]
[0,0,67108864,0,0,0,0,0,0,0,0,32,0,0,0,4096]-[2,0,557056,2621440,0]
[1048576,0,67108864,0,0,0,0,0,0,0,0,0,0,128,536870912,0]-[0,0,0,65584,128]
[0,0,0,0,0,0,0,16,1,0,0,0,0,0,0,0]-[268435457,0,1024,8,0]
[0,0,0,0,0,0,0,8,0,0,0,0,537919488,0,0,0]-[32768,33554432,0,2097152,8]
[0,0,8,0,0,8192,0,0,0,0,0,0,0,0,0,0]-[6291456,4,17073156,32768,32]
[0,0,0,0,67125248,0,8192,0,0,0,0,0,0,0,0,0]-[33554432,8192,262144,0,1]
[0,134217728,0,65536,0,0,0,0,0,0,0,0,1048576,0,0,0]-[131072,0,8192,256,8]
[0,0,0,0,1024,0,0,16,0,0,0,0,0,0,0,0]-[0,0,0,2248146944,2048]
[0,0,67108864,0,0,0,33554432,0,0,0,0,0,1048576,0,0,0]-[0,16384,0,50331648,32768]
[0,0,67108868,0,0,0,0,0,0,134217728,0,0,0,0,0,0]-[2147483648,0,0,256,32896]
[128,0,0,0,0,0,0,0,0,0,0,0,0,0,0,2]-[0,2147483920,131080,131072,262146]
[0,0,0,0,67108864,0,0,0,0,128,0,0,0,0,0,0]-[131076,8,0,2147483648,0]
[0,1073741824,0,0,0,0,0,0,0,0,0,0,0,8,0,0]-[8192,0,536875008,0,4096]
[8388608,33554432,0,0,0,0,0,0,0,0,0,0,0,0,0,0]-[67371016,1073741824,0,0,0]
[0,0,0,0,67108864,0,0,0,0,8388608,0,0,0,0,0,0]-[256,32784,603988032,0,4096]
[0,0,67108864,0,0,0,0,256,1048576,0,0,0,0,0,0,0]-[0,16,16,4194305,0]
[0,0,0,262144,0,0,0,0,0,0,4096,0,0,0,0,0]-[1,8256,134283265,128,65536]
[0,0,0,0,0,256,0,0,1048576,0,0,16777216,0,0,0,0]-[1073741824,83886080,1024,16384,0]
[0,0,0,0,0,0,0,0,0,256,4,0,0,0,0,0]-[33554433,0,134217728,0,64]
[0,0,64,0,0,0,0,0,0,0,0,0,1048576,0,0,0]-[41943810,9344,16779782,4202592,32]
[0,0,0,0,512,67108864,0,0,0,0,0,0,0,0,0,0]-[0,134217856,513,0,0]
[0,536871040,0,0,0,256,0,0,0,0,0,0,0,0,0,0]-[0,0,276824080,0,256]
[0,0,0,0,0,0,0,0,1048578,0,0,0,1048584,0,0,0]-[128,8388612,0,16,0]
[0,0,0,0,0,0,0,0,262144,0,0,2048,1048576,128,0,0]-[0,0,8388642,2,0]
[0,0,67108864,0,0,0,0,16,537919488,0,0,0,0,0,0,0]-[0,16,32768,384,0]
[128,0,67108864,0,0,0,0,0,1048576,64,0,0,0,128,0,0]-[0,0,0,130,131136]
[0,0,0,0,0,0,0,0,1048576,0,0,0,1048832,0,0,0]-[0,16896,270336,0,0]
[0,0,67108864,0,0,0,0,0,1048576,0,0,32,537919488,0,536870912,0]-[0,33554432,0,2149580800,128]
[0,0,0,0,0,64,0,0,0,0,0,0,0,131200,0,0]-[0,0,131072,36,2097152]
[0,0,0,0,0,0,0,0,0,0,4096,0,1048576,0,2147483648,0]-[0,0,17,67174400,98440]
[0,0,0,0,0,64,0,0,0,0,0,33554432,1048576,0,0,0]-[0,0,2097152,16908288,65536]
[0,0,67108864,0,0,0,0,0,0,65536,0,0,0,128,0,0]-[0,0,2147516420,0,64]
[0,0,0,0,0,0,64,0,0,16777216,4096,0,64,0,0,0]-[0,268435456,0,2147483648,393216]
[1048576,0,67108864,0,0,1024,0,0,0,0,4096,0,0,0,0,0]-[0,8200,0,33554432,65536]
[0,0,67108864,0,0,0,0,0,0,2097152,0,0,8388608,0,0,0]-[0,262656,65536,33554432,0]
[8388609,0,0,32,0,0,0,16,0,0,0,0,0,0,0,0]-[0,0,4608,201326592,0]
[0,0,0,0,67108864,0,0,67108864,0,0,0,0,0,0,0,0]-[0,0,1088,8,1]
[0,0,67108864,0,0,0,0,0,0,0,0,0,268435456,536870912,0,0]-[0,2052,67108864,0,2621440]
[0,128,67108864,0,0,0,0,0,0,0,0,32,0,131072,0,0]-[0,16384,32768,33554432,2097152]
[0,0,0,0,0,64,0,16,0,0,0,65536,0,0,0,0]-[0,1048576,4096,1,128]
[0,0,0,0,0,0,0,0,0,0,0,0,1310720,8388608,0,0]-[0,32775,0,0,0]
[0,2048,0,0,0,0,0,0,0,0,0,0,0,128,0,64]-[0,2048,2147483648,262144,8192]
[0,0,0,0,67108864,0,8,0,0,0,0,0,0,0,0,0]-[0,4100,1,0,4]
[0,0,0,0,0,0,0,0,0,0,0,32,131072,0,0,0]-[0,128,20480,268435456,0]
[0,0,0,0,0,16777216,0,67108880,0,0,0,0,0,0,0,0]-[0,1572864,0,1,4096]
